0, 1
0.000250063, 0.99968
0.000500125, 0.99936
0.000750188, 0.99904
0.00100025, 0.998721
0.00125031, 0.998402
0.00150038, 0.998082
0.00175044, 0.997763
0.0020005, 0.997444
0.00225056, 0.997126
0.00250063, 0.996807
0.00275069, 0.996489
0.00300075, 0.996171
0.00325081, 0.995853
0.00350088, 0.995535
0.00375094, 0.995217
0.004001, 0.9949
0.00425106, 0.994582
0.00450113, 0.994265
0.00475119, 0.993948
0.00500125, 0.993631
0.00525131, 0.993315
0.00550138, 0.992998
0.00575144, 0.992682
0.0060015, 0.992366
0.00625156, 0.99205
0.00650163, 0.991734
0.00675169, 0.991419
0.00700175, 0.991103
0.00725181, 0.990788
0.00750188, 0.990473
0.00775194, 0.990158
0.008002, 0.989843
0.00825206, 0.989528
0.00850213, 0.989214
0.00875219, 0.988899
0.00900225, 0.988585
0.00925231, 0.988271
0.00950238, 0.987958
0.00975244, 0.987644
0.0100025, 0.987331
0.0102526, 0.987017
0.0105026, 0.986704
0.0107527, 0.986391
0.0110028, 0.986078
0.0112528, 0.985766
0.0115029, 0.985453
0.0117529, 0.985141
0.012003, 0.984829
0.0122531, 0.984517
0.0125031, 0.984205
0.0127532, 0.983894
0.0130033, 0.983582
0.0132533, 0.983271
0.0135034, 0.98296
0.0137534, 0.982649
0.0140035, 0.982338
0.0142536, 0.982028
0.0145036, 0.981717
0.0147537, 0.981407
0.0150038, 0.981097
0.0152538, 0.980787
0.0155039, 0.980477
0.0157539, 0.980167
0.016004, 0.979858
0.0162541, 0.979549
0.0165041, 0.97924
0.0167542, 0.978931
0.0170043, 0.978622
0.0172543, 0.978313
0.0175044, 0.978005
0.0177544, 0.977697
0.0180045, 0.977389
0.0182546, 0.977081
0.0185046, 0.976773
0.0187547, 0.976465
0.0190048, 0.976158
0.0192548, 0.97585
0.0195049, 0.975543
0.0197549, 0.975236
0.020005, 0.97493
0.0202551, 0.974623
0.0205051, 0.974317
0.0207552, 0.97401
0.0210053, 0.973704
0.0212553, 0.973398
0.0215054, 0.973092
0.0217554, 0.972787
0.0220055, 0.972481
0.0222556, 0.972176
0.0225056, 0.971871
0.0227557, 0.971566
0.0230058, 0.971261
0.0232558, 0.970957
0.0235059, 0.970652
0.0237559, 0.970348
0.024006, 0.970044
0.0242561, 0.96974
0.0245061, 0.969436
0.0247562, 0.969132
0.0250063, 0.968829
0.0252563, 0.968526
0.0255064, 0.968222
0.0257564, 0.967919
0.0260065, 0.967617
0.0262566, 0.967314
0.0265066, 0.967011
0.0267567, 0.966709
0.0270068, 0.966407
0.0272568, 0.966105
0.0275069, 0.965803
0.0277569, 0.965502
0.028007, 0.9652
0.0282571, 0.964899
0.0285071, 0.964598
0.0287572, 0.964297
0.0290073, 0.963996
0.0292573, 0.963695
0.0295074, 0.963395
0.0297574, 0.963094
0.0300075, 0.962794
0.0302576, 0.962494
0.0305076, 0.962194
0.0307577, 0.961894
0.0310078, 0.961595
0.0312578, 0.961296
0.0315079, 0.960996
0.0317579, 0.960697
0.032008, 0.960398
0.0322581, 0.9601
0.0325081, 0.959801
0.0327582, 0.959503
0.0330083, 0.959205
0.0332583, 0.958906
0.0335084, 0.958609
0.0337584, 0.958311
0.0340085, 0.958013
0.0342586, 0.957716
0.0345086, 0.957419
0.0347587, 0.957122
0.0350088, 0.956825
0.0352588, 0.956528
0.0355089, 0.956231
0.0357589, 0.955935
0.036009, 0.955639
0.0362591, 0.955342
0.0365091, 0.955047
0.0367592, 0.954751
0.0370093, 0.954455
0.0372593, 0.95416
0.0375094, 0.953864
0.0377594, 0.953569
0.0380095, 0.953274
0.0382596, 0.952979
0.0385096, 0.952685
0.0387597, 0.95239
0.0390098, 0.952096
0.0392598, 0.951802
0.0395099, 0.951508
0.0397599, 0.951214
0.04001, 0.95092
0.0402601, 0.950627
0.0405101, 0.950334
0.0407602, 0.95004
0.0410103, 0.949747
0.0412603, 0.949454
0.0415104, 0.949162
0.0417604, 0.948869
0.0420105, 0.948577
0.0422606, 0.948285
0.0425106, 0.947993
0.0427607, 0.947701
0.0430108, 0.947409
0.0432608, 0.947117
0.0435109, 0.946826
0.0437609, 0.946535
0.044011, 0.946244
0.0442611, 0.945953
0.0445111, 0.945662
0.0447612, 0.945371
0.0450113, 0.945081
0.0452613, 0.944791
0.0455114, 0.9445
0.0457614, 0.94421
0.0460115, 0.943921
0.0462616, 0.943631
0.0465116, 0.943342
0.0467617, 0.943052
0.0470118, 0.942763
0.0472618, 0.942474
0.0475119, 0.942185
0.0477619, 0.941897
0.048012, 0.941608
0.0482621, 0.94132
0.0485121, 0.941032
0.0487622, 0.940743
0.0490123, 0.940456
0.0492623, 0.940168
0.0495124, 0.93988
0.0497624, 0.939593
0.0500125, 0.939306
0.0502626, 0.939019
0.0505126, 0.938732
0.0507627, 0.938445
0.0510128, 0.938158
0.0512628, 0.937872
0.0515129, 0.937586
0.0517629, 0.9373
0.052013, 0.937014
0.0522631, 0.936728
0.0525131, 0.936442
0.0527632, 0.936157
0.0530133, 0.935871
0.0532633, 0.935586
0.0535134, 0.935301
0.0537634, 0.935016
0.0540135, 0.934732
0.0542636, 0.934447
0.0545136, 0.934163
0.0547637, 0.933879
0.0550138, 0.933595
0.0552638, 0.933311
0.0555139, 0.933027
0.0557639, 0.932743
0.056014, 0.93246
0.0562641, 0.932177
0.0565141, 0.931894
0.0567642, 0.931611
0.0570143, 0.931328
0.0572643, 0.931045
0.0575144, 0.930763
0.0577644, 0.930481
0.0580145, 0.930198
0.0582646, 0.929916
0.0585146, 0.929635
0.0587647, 0.929353
0.0590148, 0.929071
0.0592648, 0.92879
0.0595149, 0.928509
0.0597649, 0.928228
0.060015, 0.927947
0.0602651, 0.927666
0.0605151, 0.927386
0.0607652, 0.927105
0.0610153, 0.926825
0.0612653, 0.926545
0.0615154, 0.926265
0.0617654, 0.925985
0.0620155, 0.925706
0.0622656, 0.925426
0.0625156, 0.925147
0.0627657, 0.924868
0.0630158, 0.924589
0.0632658, 0.92431
0.0635159, 0.924031
0.0637659, 0.923753
0.064016, 0.923475
0.0642661, 0.923196
0.0645161, 0.922918
0.0647662, 0.92264
0.0650163, 0.922363
0.0652663, 0.922085
0.0655164, 0.921808
0.0657664, 0.92153
0.0660165, 0.921253
0.0662666, 0.920976
0.0665166, 0.9207
0.0667667, 0.920423
0.0670168, 0.920147
0.0672668, 0.91987
0.0675169, 0.919594
0.0677669, 0.919318
0.068017, 0.919042
0.0682671, 0.918767
0.0685171, 0.918491
0.0687672, 0.918216
0.0690173, 0.917941
0.0692673, 0.917666
0.0695174, 0.917391
0.0697674, 0.917116
0.0700175, 0.916841
0.0702676, 0.916567
0.0705176, 0.916293
0.0707677, 0.916019
0.0710178, 0.915745
0.0712678, 0.915471
0.0715179, 0.915197
0.0717679, 0.914924
0.072018, 0.91465
0.0722681, 0.914377
0.0725181, 0.914104
0.0727682, 0.913831
0.0730183, 0.913559
0.0732683, 0.913286
0.0735184, 0.913014
0.0737684, 0.912741
0.0740185, 0.912469
0.0742686, 0.912197
0.0745186, 0.911926
0.0747687, 0.911654
0.0750188, 0.911383
0.0752688, 0.911111
0.0755189, 0.91084
0.0757689, 0.910569
0.076019, 0.910298
0.0762691, 0.910028
0.0765191, 0.909757
0.0767692, 0.909487
0.0770193, 0.909216
0.0772693, 0.908946
0.0775194, 0.908676
0.0777694, 0.908407
0.0780195, 0.908137
0.0782696, 0.907868
0.0785196, 0.907598
0.0787697, 0.907329
0.0790198, 0.90706
0.0792698, 0.906791
0.0795199, 0.906523
0.0797699, 0.906254
0.08002, 0.905986
0.0802701, 0.905718
0.0805201, 0.90545
0.0807702, 0.905182
0.0810203, 0.904914
0.0812703, 0.904646
0.0815204, 0.904379
0.0817704, 0.904112
0.0820205, 0.903845
0.0822706, 0.903578
0.0825206, 0.903311
0.0827707, 0.903044
0.0830208, 0.902778
0.0832708, 0.902511
0.0835209, 0.902245
0.0837709, 0.901979
0.084021, 0.901713
0.0842711, 0.901448
0.0845211, 0.901182
0.0847712, 0.900917
0.0850213, 0.900651
0.0852713, 0.900386
0.0855214, 0.900121
0.0857714, 0.899856
0.0860215, 0.899592
0.0862716, 0.899327
0.0865216, 0.899063
0.0867717, 0.898799
0.0870218, 0.898535
0.0872718, 0.898271
0.0875219, 0.898007
0.0877719, 0.897743
0.088022, 0.89748
0.0882721, 0.897217
0.0885221, 0.896954
0.0887722, 0.896691
0.0890223, 0.896428
0.0892723, 0.896165
0.0895224, 0.895903
0.0897724, 0.89564
0.0900225, 0.895378
0.0902726, 0.895116
0.0905226, 0.894854
0.0907727, 0.894592
0.0910228, 0.894331
0.0912728, 0.894069
0.0915229, 0.893808
0.0917729, 0.893547
0.092023, 0.893286
0.0922731, 0.893025
0.0925231, 0.892765
0.0927732, 0.892504
0.0930233, 0.892244
0.0932733, 0.891983
0.0935234, 0.891723
0.0937734, 0.891463
0.0940235, 0.891204
0.0942736, 0.890944
0.0945236, 0.890685
0.0947737, 0.890425
0.0950238, 0.890166
0.0952738, 0.889907
0.0955239, 0.889648
0.0957739, 0.88939
0.096024, 0.889131
0.0962741, 0.888873
0.0965241, 0.888615
0.0967742, 0.888356
0.0970243, 0.888099
0.0972743, 0.887841
0.0975244, 0.887583
0.0977744, 0.887326
0.0980245, 0.887068
0.0982746, 0.886811
0.0985246, 0.886554
0.0987747, 0.886297
0.0990248, 0.886041
0.0992748, 0.885784
0.0995249, 0.885528
0.0997749, 0.885271
0.100025, 0.885015
0.100275, 0.884759
0.100525, 0.884504
0.100775, 0.884248
0.101025, 0.883992
0.101275, 0.883737
0.101525, 0.883482
0.101775, 0.883227
0.102026, 0.882972
0.102276, 0.882717
0.102526, 0.882463
0.102776, 0.882208
0.103026, 0.881954
0.103276, 0.8817
0.103526, 0.881446
0.103776, 0.881192
0.104026, 0.880938
0.104276, 0.880685
0.104526, 0.880431
0.104776, 0.880178
0.105026, 0.879925
0.105276, 0.879672
0.105526, 0.879419
0.105776, 0.879167
0.106027, 0.878914
0.106277, 0.878662
0.106527, 0.87841
0.106777, 0.878158
0.107027, 0.877906
0.107277, 0.877654
0.107527, 0.877402
0.107777, 0.877151
0.108027, 0.8769
0.108277, 0.876649
0.108527, 0.876398
0.108777, 0.876147
0.109027, 0.875896
0.109277, 0.875646
0.109527, 0.875395
0.109777, 0.875145
0.110028, 0.874895
0.110278, 0.874645
0.110528, 0.874395
0.110778, 0.874146
0.111028, 0.873896
0.111278, 0.873647
0.111528, 0.873398
0.111778, 0.873149
0.112028, 0.8729
0.112278, 0.872651
0.112528, 0.872402
0.112778, 0.872154
0.113028, 0.871906
0.113278, 0.871657
0.113528, 0.87141
0.113778, 0.871162
0.114029, 0.870914
0.114279, 0.870666
0.114529, 0.870419
0.114779, 0.870172
0.115029, 0.869925
0.115279, 0.869678
0.115529, 0.869431
0.115779, 0.869184
0.116029, 0.868938
0.116279, 0.868692
0.116529, 0.868445
0.116779, 0.868199
0.117029, 0.867953
0.117279, 0.867708
0.117529, 0.867462
0.117779, 0.867217
0.11803, 0.866971
0.11828, 0.866726
0.11853, 0.866481
0.11878, 0.866236
0.11903, 0.865992
0.11928, 0.865747
0.11953, 0.865503
0.11978, 0.865259
0.12003, 0.865014
0.12028, 0.86477
0.12053, 0.864527
0.12078, 0.864283
0.12103, 0.864039
0.12128, 0.863796
0.12153, 0.863553
0.12178, 0.86331
0.122031, 0.863067
0.122281, 0.862824
0.122531, 0.862582
0.122781, 0.862339
0.123031, 0.862097
0.123281, 0.861855
0.123531, 0.861613
0.123781, 0.861371
0.124031, 0.861129
0.124281, 0.860887
0.124531, 0.860646
0.124781, 0.860405
0.125031, 0.860163
0.125281, 0.859922
0.125531, 0.859682
0.125781, 0.859441
0.126032, 0.8592
0.126282, 0.85896
0.126532, 0.85872
0.126782, 0.85848
0.127032, 0.85824
0.127282, 0.858
0.127532, 0.85776
0.127782, 0.857521
0.128032, 0.857281
0.128282, 0.857042
0.128532, 0.856803
0.128782, 0.856564
0.129032, 0.856325
0.129282, 0.856087
0.129532, 0.855848
0.129782, 0.85561
0.130033, 0.855372
0.130283, 0.855134
0.130533, 0.854896
0.130783, 0.854658
0.131033, 0.85442
0.131283, 0.854183
0.131533, 0.853946
0.131783, 0.853708
0.132033, 0.853471
0.132283, 0.853234
0.132533, 0.852998
0.132783, 0.852761
0.133033, 0.852525
0.133283, 0.852288
0.133533, 0.852052
0.133783, 0.851816
0.134034, 0.85158
0.134284, 0.851345
0.134534, 0.851109
0.134784, 0.850874
0.135034, 0.850639
0.135284, 0.850403
0.135534, 0.850169
0.135784, 0.849934
0.136034, 0.849699
0.136284, 0.849464
0.136534, 0.84923
0.136784, 0.848996
0.137034, 0.848762
0.137284, 0.848528
0.137534, 0.848294
0.137784, 0.84806
0.138035, 0.847827
0.138285, 0.847594
0.138535, 0.84736
0.138785, 0.847127
0.139035, 0.846894
0.139285, 0.846662
0.139535, 0.846429
0.139785, 0.846196
0.140035, 0.845964
0.140285, 0.845732
0.140535, 0.8455
0.140785, 0.845268
0.141035, 0.845036
0.141285, 0.844805
0.141535, 0.844573
0.141785, 0.844342
0.142036, 0.844111
0.142286, 0.84388
0.142536, 0.843649
0.142786, 0.843418
0.143036, 0.843187
0.143286, 0.842957
0.143536, 0.842727
0.143786, 0.842497
0.144036, 0.842267
0.144286, 0.842037
0.144536, 0.841807
0.144786, 0.841577
0.145036, 0.841348
0.145286, 0.841119
0.145536, 0.84089
0.145786, 0.840661
0.146037, 0.840432
0.146287, 0.840203
0.146537, 0.839974
0.146787, 0.839746
0.147037, 0.839518
0.147287, 0.83929
0.147537, 0.839062
0.147787, 0.838834
0.148037, 0.838606
0.148287, 0.838379
0.148537, 0.838151
0.148787, 0.837924
0.149037, 0.837697
0.149287, 0.83747
0.149537, 0.837243
0.149787, 0.837016
0.150038, 0.83679
0.150288, 0.836563
0.150538, 0.836337
0.150788, 0.836111
0.151038, 0.835885
0.151288, 0.835659
0.151538, 0.835434
0.151788, 0.835208
0.152038, 0.834983
0.152288, 0.834758
0.152538, 0.834532
0.152788, 0.834307
0.153038, 0.834083
0.153288, 0.833858
0.153538, 0.833633
0.153788, 0.833409
0.154039, 0.833185
0.154289, 0.832961
0.154539, 0.832737
0.154789, 0.832513
0.155039, 0.832289
0.155289, 0.832066
0.155539, 0.831843
0.155789, 0.831619
0.156039, 0.831396
0.156289, 0.831173
0.156539, 0.830951
0.156789, 0.830728
0.157039, 0.830505
0.157289, 0.830283
0.157539, 0.830061
0.157789, 0.829839
0.15804, 0.829617
0.15829, 0.829395
0.15854, 0.829173
0.15879, 0.828952
0.15904, 0.828731
0.15929, 0.828509
0.15954, 0.828288
0.15979, 0.828067
0.16004, 0.827847
0.16029, 0.827626
0.16054, 0.827405
0.16079, 0.827185
0.16104, 0.826965
0.16129, 0.826745
0.16154, 0.826525
0.16179, 0.826305
0.162041, 0.826085
0.162291, 0.825866
0.162541, 0.825647
0.162791, 0.825427
0.163041, 0.825208
0.163291, 0.824989
0.163541, 0.824771
0.163791, 0.824552
0.164041, 0.824333
0.164291, 0.824115
0.164541, 0.823897
0.164791, 0.823679
0.165041, 0.823461
0.165291, 0.823243
0.165541, 0.823025
0.165791, 0.822808
0.166042, 0.822591
0.166292, 0.822373
0.166542, 0.822156
0.166792, 0.821939
0.167042, 0.821723
0.167292, 0.821506
0.167542, 0.821289
0.167792, 0.821073
0.168042, 0.820857
0.168292, 0.820641
0.168542, 0.820425
0.168792, 0.820209
0.169042, 0.819993
0.169292, 0.819778
0.169542, 0.819562
0.169792, 0.819347
0.170043, 0.819132
0.170293, 0.818917
0.170543, 0.818702
0.170793, 0.818488
0.171043, 0.818273
0.171293, 0.818059
0.171543, 0.817845
0.171793, 0.817631
0.172043, 0.817417
0.172293, 0.817203
0.172543, 0.816989
0.172793, 0.816776
0.173043, 0.816562
0.173293, 0.816349
0.173543, 0.816136
0.173793, 0.815923
0.174044, 0.81571
0.174294, 0.815497
0.174544, 0.815285
0.174794, 0.815072
0.175044, 0.81486
0.175294, 0.814648
0.175544, 0.814436
0.175794, 0.814224
0.176044, 0.814013
0.176294, 0.813801
0.176544, 0.81359
0.176794, 0.813378
0.177044, 0.813167
0.177294, 0.812956
0.177544, 0.812745
0.177794, 0.812535
0.178045, 0.812324
0.178295, 0.812114
0.178545, 0.811904
0.178795, 0.811693
0.179045, 0.811483
0.179295, 0.811274
0.179545, 0.811064
0.179795, 0.810854
0.180045, 0.810645
0.180295, 0.810436
0.180545, 0.810226
0.180795, 0.810017
0.181045, 0.809808
0.181295, 0.8096
0.181545, 0.809391
0.181795, 0.809183
0.182046, 0.808974
0.182296, 0.808766
0.182546, 0.808558
0.182796, 0.80835
0.183046, 0.808143
0.183296, 0.807935
0.183546, 0.807727
0.183796, 0.80752
0.184046, 0.807313
0.184296, 0.807106
0.184546, 0.806899
0.184796, 0.806692
0.185046, 0.806486
0.185296, 0.806279
0.185546, 0.806073
0.185796, 0.805867
0.186047, 0.805661
0.186297, 0.805455
0.186547, 0.805249
0.186797, 0.805043
0.187047, 0.804838
0.187297, 0.804632
0.187547, 0.804427
0.187797, 0.804222
0.188047, 0.804017
0.188297, 0.803812
0.188547, 0.803608
0.188797, 0.803403
0.189047, 0.803199
0.189297, 0.802994
0.189547, 0.80279
0.189797, 0.802586
0.190048, 0.802382
0.190298, 0.802179
0.190548, 0.801975
0.190798, 0.801772
0.191048, 0.801569
0.191298, 0.801365
0.191548, 0.801162
0.191798, 0.80096
0.192048, 0.800757
0.192298, 0.800554
0.192548, 0.800352
0.192798, 0.80015
0.193048, 0.799947
0.193298, 0.799745
0.193548, 0.799544
0.193798, 0.799342
0.194049, 0.79914
0.194299, 0.798939
0.194549, 0.798737
0.194799, 0.798536
0.195049, 0.798335
0.195299, 0.798134
0.195549, 0.797933
0.195799, 0.797733
0.196049, 0.797532
0.196299, 0.797332
0.196549, 0.797132
0.196799, 0.796932
0.197049, 0.796732
0.197299, 0.796532
0.197549, 0.796332
0.197799, 0.796133
0.19805, 0.795933
0.1983, 0.795734
0.19855, 0.795535
0.1988, 0.795336
0.19905, 0.795137
0.1993, 0.794939
0.19955, 0.79474
0.1998, 0.794542
0.20005, 0.794343
0.2003, 0.794145
0.20055, 0.793947
0.2008, 0.793749
0.20105, 0.793552
0.2013, 0.793354
0.20155, 0.793157
0.2018, 0.792959
0.202051, 0.792762
0.202301, 0.792565
0.202551, 0.792368
0.202801, 0.792172
0.203051, 0.791975
0.203301, 0.791778
0.203551, 0.791582
0.203801, 0.791386
0.204051, 0.79119
0.204301, 0.790994
0.204551, 0.790798
0.204801, 0.790602
0.205051, 0.790407
0.205301, 0.790212
0.205551, 0.790016
0.205801, 0.789821
0.206052, 0.789626
0.206302, 0.789431
0.206552, 0.789237
0.206802, 0.789042
0.207052, 0.788848
0.207302, 0.788654
0.207552, 0.788459
0.207802, 0.788265
0.208052, 0.788072
0.208302, 0.787878
0.208552, 0.787684
0.208802, 0.787491
0.209052, 0.787298
0.209302, 0.787104
0.209552, 0.786911
0.209802, 0.786718
0.210053, 0.786526
0.210303, 0.786333
0.210553, 0.786141
0.210803, 0.785948
0.211053, 0.785756
0.211303, 0.785564
0.211553, 0.785372
0.211803, 0.78518
0.212053, 0.784989
0.212303, 0.784797
0.212553, 0.784606
0.212803, 0.784414
0.213053, 0.784223
0.213303, 0.784032
0.213553, 0.783841
0.213803, 0.783651
0.214054, 0.78346
0.214304, 0.78327
0.214554, 0.783079
0.214804, 0.782889
0.215054, 0.782699
0.215304, 0.782509
0.215554, 0.78232
0.215804, 0.78213
0.216054, 0.781941
0.216304, 0.781751
0.216554, 0.781562
0.216804, 0.781373
0.217054, 0.781184
0.217304, 0.780995
0.217554, 0.780807
0.217804, 0.780618
0.218055, 0.78043
0.218305, 0.780242
0.218555, 0.780053
0.218805, 0.779865
0.219055, 0.779678
0.219305, 0.77949
0.219555, 0.779302
0.219805, 0.779115
0.220055, 0.778928
0.220305, 0.778741
0.220555, 0.778554
0.220805, 0.778367
0.221055, 0.77818
0.221305, 0.777993
0.221555, 0.777807
0.221805, 0.77762
0.222056, 0.777434
0.222306, 0.777248
0.222556, 0.777062
0.222806, 0.776877
0.223056, 0.776691
0.223306, 0.776505
0.223556, 0.77632
0.223806, 0.776135
0.224056, 0.77595
0.224306, 0.775765
0.224556, 0.77558
0.224806, 0.775395
0.225056, 0.775211
0.225306, 0.775026
0.225556, 0.774842
0.225806, 0.774658
0.226057, 0.774474
0.226307, 0.77429
0.226557, 0.774106
0.226807, 0.773922
0.227057, 0.773739
0.227307, 0.773556
0.227557, 0.773372
0.227807, 0.773189
0.228057, 0.773006
0.228307, 0.772824
0.228557, 0.772641
0.228807, 0.772458
0.229057, 0.772276
0.229307, 0.772094
0.229557, 0.771912
0.229807, 0.77173
0.230058, 0.771548
0.230308, 0.771366
0.230558, 0.771184
0.230808, 0.771003
0.231058, 0.770822
0.231308, 0.77064
0.231558, 0.770459
0.231808, 0.770278
0.232058, 0.770098
0.232308, 0.769917
0.232558, 0.769737
0.232808, 0.769556
0.233058, 0.769376
0.233308, 0.769196
0.233558, 0.769016
0.233808, 0.768836
0.234059, 0.768656
0.234309, 0.768477
0.234559, 0.768297
0.234809, 0.768118
0.235059, 0.767939
0.235309, 0.76776
0.235559, 0.767581
0.235809, 0.767402
0.236059, 0.767224
0.236309, 0.767045
0.236559, 0.766867
0.236809, 0.766689
0.237059, 0.766511
0.237309, 0.766333
0.237559, 0.766155
0.237809, 0.765977
0.23806, 0.7658
0.23831, 0.765622
0.23856, 0.765445
0.23881, 0.765268
0.23906, 0.765091
0.23931, 0.764914
0.23956, 0.764737
0.23981, 0.764561
0.24006, 0.764384
0.24031, 0.764208
0.24056, 0.764032
0.24081, 0.763856
0.24106, 0.76368
0.24131, 0.763504
0.24156, 0.763328
0.24181, 0.763153
0.242061, 0.762977
0.242311, 0.762802
0.242561, 0.762627
0.242811, 0.762452
0.243061, 0.762277
0.243311, 0.762102
0.243561, 0.761928
0.243811, 0.761753
0.244061, 0.761579
0.244311, 0.761405
0.244561, 0.761231
0.244811, 0.761057
0.245061, 0.760883
0.245311, 0.760709
0.245561, 0.760536
0.245811, 0.760362
0.246062, 0.760189
0.246312, 0.760016
0.246562, 0.759843
0.246812, 0.75967
0.247062, 0.759498
0.247312, 0.759325
0.247562, 0.759153
0.247812, 0.75898
0.248062, 0.758808
0.248312, 0.758636
0.248562, 0.758464
0.248812, 0.758292
0.249062, 0.758121
0.249312, 0.757949
0.249562, 0.757778
0.249812, 0.757607
0.250063, 0.757435
0.250313, 0.757264
0.250563, 0.757094
0.250813, 0.756923
0.251063, 0.756752
0.251313, 0.756582
0.251563, 0.756412
0.251813, 0.756241
0.252063, 0.756071
0.252313, 0.755901
0.252563, 0.755732
0.252813, 0.755562
0.253063, 0.755393
0.253313, 0.755223
0.253563, 0.755054
0.253813, 0.754885
0.254064, 0.754716
0.254314, 0.754547
0.254564, 0.754378
0.254814, 0.75421
0.255064, 0.754041
0.255314, 0.753873
0.255564, 0.753705
0.255814, 0.753537
0.256064, 0.753369
0.256314, 0.753201
0.256564, 0.753033
0.256814, 0.752866
0.257064, 0.752698
0.257314, 0.752531
0.257564, 0.752364
0.257814, 0.752197
0.258065, 0.75203
0.258315, 0.751864
0.258565, 0.751697
0.258815, 0.75153
0.259065, 0.751364
0.259315, 0.751198
0.259565, 0.751032
0.259815, 0.750866
0.260065, 0.7507
0.260315, 0.750535
0.260565, 0.750369
0.260815, 0.750204
0.261065, 0.750038
0.261315, 0.749873
0.261565, 0.749708
0.261815, 0.749543
0.262066, 0.749379
0.262316, 0.749214
0.262566, 0.74905
0.262816, 0.748885
0.263066, 0.748721
0.263316, 0.748557
0.263566, 0.748393
0.263816, 0.748229
0.264066, 0.748065
0.264316, 0.747902
0.264566, 0.747739
0.264816, 0.747575
0.265066, 0.747412
0.265316, 0.747249
0.265566, 0.747086
0.265816, 0.746923
0.266067, 0.746761
0.266317, 0.746598
0.266567, 0.746436
0.266817, 0.746274
0.267067, 0.746112
0.267317, 0.74595
0.267567, 0.745788
0.267817, 0.745626
0.268067, 0.745465
0.268317, 0.745303
0.268567, 0.745142
0.268817, 0.744981
0.269067, 0.74482
0.269317, 0.744659
0.269567, 0.744498
0.269817, 0.744337
0.270068, 0.744177
0.270318, 0.744016
0.270568, 0.743856
0.270818, 0.743696
0.271068, 0.743536
0.271318, 0.743376
0.271568, 0.743217
0.271818, 0.743057
0.272068, 0.742898
0.272318, 0.742738
0.272568, 0.742579
0.272818, 0.74242
0.273068, 0.742261
0.273318, 0.742102
0.273568, 0.741944
0.273818, 0.741785
0.274069, 0.741627
0.274319, 0.741468
0.274569, 0.74131
0.274819, 0.741152
0.275069, 0.740994
0.275319, 0.740836
0.275569, 0.740679
0.275819, 0.740521
0.276069, 0.740364
0.276319, 0.740207
0.276569, 0.74005
0.276819, 0.739893
0.277069, 0.739736
0.277319, 0.739579
0.277569, 0.739423
0.277819, 0.739266
0.27807, 0.73911
0.27832, 0.738954
0.27857, 0.738798
0.27882, 0.738642
0.27907, 0.738486
0.27932, 0.73833
0.27957, 0.738175
0.27982, 0.738019
0.28007, 0.737864
0.28032, 0.737709
0.28057, 0.737554
0.28082, 0.737399
0.28107, 0.737244
0.28132, 0.73709
0.28157, 0.736935
0.28182, 0.736781
0.282071, 0.736627
0.282321, 0.736473
0.282571, 0.736319
0.282821, 0.736165
0.283071, 0.736011
0.283321, 0.735858
0.283571, 0.735704
0.283821, 0.735551
0.284071, 0.735398
0.284321, 0.735245
0.284571, 0.735092
0.284821, 0.734939
0.285071, 0.734786
0.285321, 0.734634
0.285571, 0.734481
0.285821, 0.734329
0.286072, 0.734177
0.286322, 0.734025
0.286572, 0.733873
0.286822, 0.733721
0.287072, 0.73357
0.287322, 0.733418
0.287572, 0.733267
0.287822, 0.733116
0.288072, 0.732965
0.288322, 0.732814
0.288572, 0.732663
0.288822, 0.732512
0.289072, 0.732362
0.289322, 0.732211
0.289572, 0.732061
0.289822, 0.731911
0.290073, 0.731761
0.290323, 0.731611
0.290573, 0.731461
0.290823, 0.731311
0.291073, 0.731162
0.291323, 0.731012
0.291573, 0.730863
0.291823, 0.730714
0.292073, 0.730565
0.292323, 0.730416
0.292573, 0.730267
0.292823, 0.730119
0.293073, 0.72997
0.293323, 0.729822
0.293573, 0.729674
0.293823, 0.729525
0.294074, 0.729378
0.294324, 0.72923
0.294574, 0.729082
0.294824, 0.728934
0.295074, 0.728787
0.295324, 0.72864
0.295574, 0.728492
0.295824, 0.728345
0.296074, 0.728198
0.296324, 0.728052
0.296574, 0.727905
0.296824, 0.727758
0.297074, 0.727612
0.297324, 0.727466
0.297574, 0.72732
0.297824, 0.727174
0.298075, 0.727028
0.298325, 0.726882
0.298575, 0.726736
0.298825, 0.726591
0.299075, 0.726445
0.299325, 0.7263
0.299575, 0.726155
0.299825, 0.72601
0.300075, 0.725865
0.300325, 0.72572
0.300575, 0.725576
0.300825, 0.725431
0.301075, 0.725287
0.301325, 0.725143
0.301575, 0.724999
0.301825, 0.724855
0.302076, 0.724711
0.302326, 0.724567
0.302576, 0.724424
0.302826, 0.72428
0.303076, 0.724137
0.303326, 0.723994
0.303576, 0.723851
0.303826, 0.723708
0.304076, 0.723565
0.304326, 0.723422
0.304576, 0.72328
0.304826, 0.723137
0.305076, 0.722995
0.305326, 0.722853
0.305576, 0.722711
0.305826, 0.722569
0.306077, 0.722427
0.306327, 0.722285
0.306577, 0.722144
0.306827, 0.722003
0.307077, 0.721861
0.307327, 0.72172
0.307577, 0.721579
0.307827, 0.721438
0.308077, 0.721298
0.308327, 0.721157
0.308577, 0.721017
0.308827, 0.720876
0.309077, 0.720736
0.309327, 0.720596
0.309577, 0.720456
0.309827, 0.720316
0.310078, 0.720176
0.310328, 0.720037
0.310578, 0.719897
0.310828, 0.719758
0.311078, 0.719619
0.311328, 0.71948
0.311578, 0.719341
0.311828, 0.719202
0.312078, 0.719063
0.312328, 0.718925
0.312578, 0.718786
0.312828, 0.718648
0.313078, 0.71851
0.313328, 0.718372
0.313578, 0.718234
0.313828, 0.718096
0.314079, 0.717958
0.314329, 0.717821
0.314579, 0.717684
0.314829, 0.717546
0.315079, 0.717409
0.315329, 0.717272
0.315579, 0.717135
0.315829, 0.716998
0.316079, 0.716862
0.316329, 0.716725
0.316579, 0.716589
0.316829, 0.716453
0.317079, 0.716317
0.317329, 0.716181
0.317579, 0.716045
0.317829, 0.715909
0.31808, 0.715773
0.31833, 0.715638
0.31858, 0.715503
0.31883, 0.715367
0.31908, 0.715232
0.31933, 0.715097
0.31958, 0.714962
0.31983, 0.714828
0.32008, 0.714693
0.32033, 0.714559
0.32058, 0.714424
0.32083, 0.71429
0.32108, 0.714156
0.32133, 0.714022
0.32158, 0.713888
0.32183, 0.713755
0.322081, 0.713621
0.322331, 0.713488
0.322581, 0.713354
0.322831, 0.713221
0.323081, 0.713088
0.323331, 0.712955
0.323581, 0.712822
0.323831, 0.71269
0.324081, 0.712557
0.324331, 0.712425
0.324581, 0.712293
0.324831, 0.71216
0.325081, 0.712028
0.325331, 0.711896
0.325581, 0.711765
0.325831, 0.711633
0.326082, 0.711502
0.326332, 0.71137
0.326582, 0.711239
0.326832, 0.711108
0.327082, 0.710977
0.327332, 0.710846
0.327582, 0.710715
0.327832, 0.710584
0.328082, 0.710454
0.328332, 0.710324
0.328582, 0.710193
0.328832, 0.710063
0.329082, 0.709933
0.329332, 0.709803
0.329582, 0.709674
0.329832, 0.709544
0.330083, 0.709414
0.330333, 0.709285
0.330583, 0.709156
0.330833, 0.709027
0.331083, 0.708898
0.331333, 0.708769
0.331583, 0.70864
0.331833, 0.708512
0.332083, 0.708383
0.332333, 0.708255
0.332583, 0.708127
0.332833, 0.707999
0.333083, 0.707871
0.333333, 0.707743
0.333583, 0.707615
0.333833, 0.707487
0.334084, 0.70736
0.334334, 0.707233
0.334584, 0.707106
0.334834, 0.706978
0.335084, 0.706851
0.335334, 0.706725
0.335584, 0.706598
0.335834, 0.706471
0.336084, 0.706345
0.336334, 0.706219
0.336584, 0.706092
0.336834, 0.705966
0.337084, 0.70584
0.337334, 0.705715
0.337584, 0.705589
0.337834, 0.705463
0.338085, 0.705338
0.338335, 0.705213
0.338585, 0.705088
0.338835, 0.704963
0.339085, 0.704838
0.339335, 0.704713
0.339585, 0.704588
0.339835, 0.704464
0.340085, 0.704339
0.340335, 0.704215
0.340585, 0.704091
0.340835, 0.703967
0.341085, 0.703843
0.341335, 0.703719
0.341585, 0.703595
0.341835, 0.703472
0.342086, 0.703348
0.342336, 0.703225
0.342586, 0.703102
0.342836, 0.702979
0.343086, 0.702856
0.343336, 0.702733
0.343586, 0.702611
0.343836, 0.702488
0.344086, 0.702366
0.344336, 0.702244
0.344586, 0.702121
0.344836, 0.701999
0.345086, 0.701877
0.345336, 0.701756
0.345586, 0.701634
0.345836, 0.701513
0.346087, 0.701391
0.346337, 0.70127
0.346587, 0.701149
0.346837, 0.701028
0.347087, 0.700907
0.347337, 0.700786
0.347587, 0.700666
0.347837, 0.700545
0.348087, 0.700425
0.348337, 0.700304
0.348587, 0.700184
0.348837, 0.700064
0.349087, 0.699944
0.349337, 0.699825
0.349587, 0.699705
0.349837, 0.699586
0.350088, 0.699466
0.350338, 0.699347
0.350588, 0.699228
0.350838, 0.699109
0.351088, 0.69899
0.351338, 0.698871
0.351588, 0.698753
0.351838, 0.698634
0.352088, 0.698516
0.352338, 0.698398
0.352588, 0.698279
0.352838, 0.698162
0.353088, 0.698044
0.353338, 0.697926
0.353588, 0.697808
0.353838, 0.697691
0.354089, 0.697573
0.354339, 0.697456
0.354589, 0.697339
0.354839, 0.697222
0.355089, 0.697105
0.355339, 0.696989
0.355589, 0.696872
0.355839, 0.696756
0.356089, 0.696639
0.356339, 0.696523
0.356589, 0.696407
0.356839, 0.696291
0.357089, 0.696175
0.357339, 0.696059
0.357589, 0.695944
0.357839, 0.695828
0.35809, 0.695713
0.35834, 0.695598
0.35859, 0.695483
0.35884, 0.695368
0.35909, 0.695253
0.35934, 0.695138
0.35959, 0.695023
0.35984, 0.694909
0.36009, 0.694795
0.36034, 0.69468
0.36059, 0.694566
0.36084, 0.694452
0.36109, 0.694339
0.36134, 0.694225
0.36159, 0.694111
0.36184, 0.693998
0.362091, 0.693884
0.362341, 0.693771
0.362591, 0.693658
0.362841, 0.693545
0.363091, 0.693432
0.363341, 0.69332
0.363591, 0.693207
0.363841, 0.693095
0.364091, 0.692982
0.364341, 0.69287
0.364591, 0.692758
0.364841, 0.692646
0.365091, 0.692534
0.365341, 0.692422
0.365591, 0.692311
0.365841, 0.692199
0.366092, 0.692088
0.366342, 0.691977
0.366592, 0.691866
0.366842, 0.691755
0.367092, 0.691644
0.367342, 0.691533
0.367592, 0.691423
0.367842, 0.691312
0.368092, 0.691202
0.368342, 0.691092
0.368592, 0.690981
0.368842, 0.690871
0.369092, 0.690762
0.369342, 0.690652
0.369592, 0.690542
0.369842, 0.690433
0.370093, 0.690323
0.370343, 0.690214
0.370593, 0.690105
0.370843, 0.689996
0.371093, 0.689887
0.371343, 0.689779
0.371593, 0.68967
0.371843, 0.689562
0.372093, 0.689453
0.372343, 0.689345
0.372593, 0.689237
0.372843, 0.689129
0.373093, 0.689021
0.373343, 0.688913
0.373593, 0.688806
0.373843, 0.688698
0.374094, 0.688591
0.374344, 0.688484
0.374594, 0.688377
0.374844, 0.68827
0.375094, 0.688163
0.375344, 0.688056
0.375594, 0.687949
0.375844, 0.687843
0.376094, 0.687737
0.376344, 0.68763
0.376594, 0.687524
0.376844, 0.687418
0.377094, 0.687312
0.377344, 0.687207
0.377594, 0.687101
0.377844, 0.686996
0.378095, 0.68689
0.378345, 0.686785
0.378595, 0.68668
0.378845, 0.686575
0.379095, 0.68647
0.379345, 0.686365
0.379595, 0.686261
0.379845, 0.686156
0.380095, 0.686052
0.380345, 0.685948
0.380595, 0.685844
0.380845, 0.68574
0.381095, 0.685636
0.381345, 0.685532
0.381595, 0.685428
0.381845, 0.685325
0.382096, 0.685221
0.382346, 0.685118
0.382596, 0.685015
0.382846, 0.684912
0.383096, 0.684809
0.383346, 0.684706
0.383596, 0.684604
0.383846, 0.684501
0.384096, 0.684399
0.384346, 0.684297
0.384596, 0.684195
0.384846, 0.684093
0.385096, 0.683991
0.385346, 0.683889
0.385596, 0.683787
0.385846, 0.683686
0.386097, 0.683584
0.386347, 0.683483
0.386597, 0.683382
0.386847, 0.683281
0.387097, 0.68318
0.387347, 0.683079
0.387597, 0.682979
0.387847, 0.682878
0.388097, 0.682778
0.388347, 0.682677
0.388597, 0.682577
0.388847, 0.682477
0.389097, 0.682377
0.389347, 0.682278
0.389597, 0.682178
0.389847, 0.682078
0.390098, 0.681979
0.390348, 0.68188
0.390598, 0.681781
0.390848, 0.681681
0.391098, 0.681583
0.391348, 0.681484
0.391598, 0.681385
0.391848, 0.681287
0.392098, 0.681188
0.392348, 0.68109
0.392598, 0.680992
0.392848, 0.680894
0.393098, 0.680796
0.393348, 0.680698
0.393598, 0.6806
0.393848, 0.680503
0.394099, 0.680405
0.394349, 0.680308
0.394599, 0.680211
0.394849, 0.680114
0.395099, 0.680017
0.395349, 0.67992
0.395599, 0.679823
0.395849, 0.679727
0.396099, 0.67963
0.396349, 0.679534
0.396599, 0.679438
0.396849, 0.679342
0.397099, 0.679246
0.397349, 0.67915
0.397599, 0.679054
0.397849, 0.678959
0.3981, 0.678863
0.39835, 0.678768
0.3986, 0.678673
0.39885, 0.678577
0.3991, 0.678483
0.39935, 0.678388
0.3996, 0.678293
0.39985, 0.678198
0.4001, 0.678104
0.40035, 0.67801
0.4006, 0.677915
0.40085, 0.677821
0.4011, 0.677727
0.40135, 0.677633
0.4016, 0.67754
0.40185, 0.677446
0.402101, 0.677353
0.402351, 0.677259
0.402601, 0.677166
0.402851, 0.677073
0.403101, 0.67698
0.403351, 0.676887
0.403601, 0.676794
0.403851, 0.676702
0.404101, 0.676609
0.404351, 0.676517
0.404601, 0.676424
0.404851, 0.676332
0.405101, 0.67624
0.405351, 0.676148
0.405601, 0.676057
0.405851, 0.675965
0.406102, 0.675874
0.406352, 0.675782
0.406602, 0.675691
0.406852, 0.6756
0.407102, 0.675509
0.407352, 0.675418
0.407602, 0.675327
0.407852, 0.675236
0.408102, 0.675146
0.408352, 0.675055
0.408602, 0.674965
0.408852, 0.674875
0.409102, 0.674785
0.409352, 0.674695
0.409602, 0.674605
0.409852, 0.674516
0.410103, 0.674426
0.410353, 0.674337
0.410603, 0.674247
0.410853, 0.674158
0.411103, 0.674069
0.411353, 0.67398
0.411603, 0.673891
0.411853, 0.673803
0.412103, 0.673714
0.412353, 0.673626
0.412603, 0.673537
0.412853, 0.673449
0.413103, 0.673361
0.413353, 0.673273
0.413603, 0.673185
0.413853, 0.673097
0.414104, 0.67301
0.414354, 0.672922
0.414604, 0.672835
0.414854, 0.672748
0.415104, 0.672661
0.415354, 0.672574
0.415604, 0.672487
0.415854, 0.6724
0.416104, 0.672314
0.416354, 0.672227
0.416604, 0.672141
0.416854, 0.672054
0.417104, 0.671968
0.417354, 0.671882
0.417604, 0.671796
0.417854, 0.671711
0.418105, 0.671625
0.418355, 0.67154
0.418605, 0.671454
0.418855, 0.671369
0.419105, 0.671284
0.419355, 0.671199
0.419605, 0.671114
0.419855, 0.671029
0.420105, 0.670944
0.420355, 0.67086
0.420605, 0.670776
0.420855, 0.670691
0.421105, 0.670607
0.421355, 0.670523
0.421605, 0.670439
0.421855, 0.670355
0.422106, 0.670272
0.422356, 0.670188
0.422606, 0.670105
0.422856, 0.670021
0.423106, 0.669938
0.423356, 0.669855
0.423606, 0.669772
0.423856, 0.669689
0.424106, 0.669607
0.424356, 0.669524
0.424606, 0.669442
0.424856, 0.669359
0.425106, 0.669277
0.425356, 0.669195
0.425606, 0.669113
0.425856, 0.669031
0.426107, 0.66895
0.426357, 0.668868
0.426607, 0.668786
0.426857, 0.668705
0.427107, 0.668624
0.427357, 0.668543
0.427607, 0.668462
0.427857, 0.668381
0.428107, 0.6683
0.428357, 0.66822
0.428607, 0.668139
0.428857, 0.668059
0.429107, 0.667978
0.429357, 0.667898
0.429607, 0.667818
0.429857, 0.667738
0.430108, 0.667659
0.430358, 0.667579
0.430608, 0.667499
0.430858, 0.66742
0.431108, 0.667341
0.431358, 0.667262
0.431608, 0.667183
0.431858, 0.667104
0.432108, 0.667025
0.432358, 0.666946
0.432608, 0.666868
0.432858, 0.666789
0.433108, 0.666711
0.433358, 0.666633
0.433608, 0.666555
0.433858, 0.666477
0.434109, 0.666399
0.434359, 0.666321
0.434609, 0.666244
0.434859, 0.666166
0.435109, 0.666089
0.435359, 0.666012
0.435609, 0.665935
0.435859, 0.665858
0.436109, 0.665781
0.436359, 0.665704
0.436609, 0.665627
0.436859, 0.665551
0.437109, 0.665475
0.437359, 0.665398
0.437609, 0.665322
0.437859, 0.665246
0.43811, 0.66517
0.43836, 0.665095
0.43861, 0.665019
0.43886, 0.664944
0.43911, 0.664868
0.43936, 0.664793
0.43961, 0.664718
0.43986, 0.664643
0.44011, 0.664568
0.44036, 0.664493
0.44061, 0.664418
0.44086, 0.664344
0.44111, 0.664269
0.44136, 0.664195
0.44161, 0.664121
0.44186, 0.664047
0.442111, 0.663973
0.442361, 0.663899
0.442611, 0.663826
0.442861, 0.663752
0.443111, 0.663679
0.443361, 0.663605
0.443611, 0.663532
0.443861, 0.663459
0.444111, 0.663386
0.444361, 0.663313
0.444611, 0.66324
0.444861, 0.663168
0.445111, 0.663095
0.445361, 0.663023
0.445611, 0.662951
0.445861, 0.662879
0.446112, 0.662807
0.446362, 0.662735
0.446612, 0.662663
0.446862, 0.662592
0.447112, 0.66252
0.447362, 0.662449
0.447612, 0.662377
0.447862, 0.662306
0.448112, 0.662235
0.448362, 0.662164
0.448612, 0.662094
0.448862, 0.662023
0.449112, 0.661952
0.449362, 0.661882
0.449612, 0.661812
0.449862, 0.661742
0.450113, 0.661672
0.450363, 0.661602
0.450613, 0.661532
0.450863, 0.661462
0.451113, 0.661393
0.451363, 0.661323
0.451613, 0.661254
0.451863, 0.661185
0.452113, 0.661116
0.452363, 0.661047
0.452613, 0.660978
0.452863, 0.660909
0.453113, 0.660841
0.453363, 0.660772
0.453613, 0.660704
0.453863, 0.660635
0.454114, 0.660567
0.454364, 0.660499
0.454614, 0.660432
0.454864, 0.660364
0.455114, 0.660296
0.455364, 0.660229
0.455614, 0.660161
0.455864, 0.660094
0.456114, 0.660027
0.456364, 0.65996
0.456614, 0.659893
0.456864, 0.659826
0.457114, 0.65976
0.457364, 0.659693
0.457614, 0.659627
0.457864, 0.65956
0.458115, 0.659494
0.458365, 0.659428
0.458615, 0.659362
0.458865, 0.659296
0.459115, 0.659231
0.459365, 0.659165
0.459615, 0.6591
0.459865, 0.659034
0.460115, 0.658969
0.460365, 0.658904
0.460615, 0.658839
0.460865, 0.658774
0.461115, 0.65871
0.461365, 0.658645
0.461615, 0.658581
0.461865, 0.658516
0.462116, 0.658452
0.462366, 0.658388
0.462616, 0.658324
0.462866, 0.65826
0.463116, 0.658196
0.463366, 0.658133
0.463616, 0.658069
0.463866, 0.658006
0.464116, 0.657942
0.464366, 0.657879
0.464616, 0.657816
0.464866, 0.657753
0.465116, 0.657691
0.465366, 0.657628
0.465616, 0.657565
0.465866, 0.657503
0.466117, 0.657441
0.466367, 0.657378
0.466617, 0.657316
0.466867, 0.657254
0.467117, 0.657193
0.467367, 0.657131
0.467617, 0.657069
0.467867, 0.657008
0.468117, 0.656947
0.468367, 0.656885
0.468617, 0.656824
0.468867, 0.656763
0.469117, 0.656702
0.469367, 0.656642
0.469617, 0.656581
0.469867, 0.656521
0.470118, 0.65646
0.470368, 0.6564
0.470618, 0.65634
0.470868, 0.65628
0.471118, 0.65622
0.471368, 0.65616
0.471618, 0.6561
0.471868, 0.656041
0.472118, 0.655982
0.472368, 0.655922
0.472618, 0.655863
0.472868, 0.655804
0.473118, 0.655745
0.473368, 0.655686
0.473618, 0.655628
0.473868, 0.655569
0.474119, 0.655511
0.474369, 0.655452
0.474619, 0.655394
0.474869, 0.655336
0.475119, 0.655278
0.475369, 0.65522
0.475619, 0.655162
0.475869, 0.655105
0.476119, 0.655047
0.476369, 0.65499
0.476619, 0.654933
0.476869, 0.654876
0.477119, 0.654819
0.477369, 0.654762
0.477619, 0.654705
0.477869, 0.654648
0.47812, 0.654592
0.47837, 0.654535
0.47862, 0.654479
0.47887, 0.654423
0.47912, 0.654367
0.47937, 0.654311
0.47962, 0.654255
0.47987, 0.6542
0.48012, 0.654144
0.48037, 0.654089
0.48062, 0.654033
0.48087, 0.653978
0.48112, 0.653923
0.48137, 0.653868
0.48162, 0.653813
0.48187, 0.653759
0.482121, 0.653704
0.482371, 0.653649
0.482621, 0.653595
0.482871, 0.653541
0.483121, 0.653487
0.483371, 0.653433
0.483621, 0.653379
0.483871, 0.653325
0.484121, 0.653272
0.484371, 0.653218
0.484621, 0.653165
0.484871, 0.653111
0.485121, 0.653058
0.485371, 0.653005
0.485621, 0.652952
0.485871, 0.652899
0.486122, 0.652847
0.486372, 0.652794
0.486622, 0.652742
0.486872, 0.652689
0.487122, 0.652637
0.487372, 0.652585
0.487622, 0.652533
0.487872, 0.652481
0.488122, 0.65243
0.488372, 0.652378
0.488622, 0.652327
0.488872, 0.652275
0.489122, 0.652224
0.489372, 0.652173
0.489622, 0.652122
0.489872, 0.652071
0.490123, 0.65202
0.490373, 0.65197
0.490623, 0.651919
0.490873, 0.651869
0.491123, 0.651819
0.491373, 0.651768
0.491623, 0.651718
0.491873, 0.651668
0.492123, 0.651619
0.492373, 0.651569
0.492623, 0.651519
0.492873, 0.65147
0.493123, 0.651421
0.493373, 0.651372
0.493623, 0.651322
0.493873, 0.651274
0.494124, 0.651225
0.494374, 0.651176
0.494624, 0.651127
0.494874, 0.651079
0.495124, 0.651031
0.495374, 0.650982
0.495624, 0.650934
0.495874, 0.650886
0.496124, 0.650838
0.496374, 0.650791
0.496624, 0.650743
0.496874, 0.650695
0.497124, 0.650648
0.497374, 0.650601
0.497624, 0.650554
0.497874, 0.650507
0.498125, 0.65046
0.498375, 0.650413
0.498625, 0.650366
0.498875, 0.65032
0.499125, 0.650273
0.499375, 0.650227
0.499625, 0.650181
0.499875, 0.650135
0.500125, 0.650089
0.500375, 0.650043
0.500625, 0.649997
0.500875, 0.649952
0.501125, 0.649906
0.501375, 0.649861
0.501625, 0.649816
0.501875, 0.64977
0.502126, 0.649725
0.502376, 0.649681
0.502626, 0.649636
0.502876, 0.649591
0.503126, 0.649547
0.503376, 0.649502
0.503626, 0.649458
0.503876, 0.649414
0.504126, 0.64937
0.504376, 0.649326
0.504626, 0.649282
0.504876, 0.649238
0.505126, 0.649195
0.505376, 0.649151
0.505626, 0.649108
0.505876, 0.649065
0.506127, 0.649022
0.506377, 0.648979
0.506627, 0.648936
0.506877, 0.648893
0.507127, 0.648851
0.507377, 0.648808
0.507627, 0.648766
0.507877, 0.648724
0.508127, 0.648681
0.508377, 0.648639
0.508627, 0.648598
0.508877, 0.648556
0.509127, 0.648514
0.509377, 0.648473
0.509627, 0.648431
0.509877, 0.64839
0.510128, 0.648349
0.510378, 0.648308
0.510628, 0.648267
0.510878, 0.648226
0.511128, 0.648185
0.511378, 0.648145
0.511628, 0.648104
0.511878, 0.648064
0.512128, 0.648024
0.512378, 0.647984
0.512628, 0.647944
0.512878, 0.647904
0.513128, 0.647864
0.513378, 0.647825
0.513628, 0.647785
0.513878, 0.647746
0.514129, 0.647706
0.514379, 0.647667
0.514629, 0.647628
0.514879, 0.647589
0.515129, 0.647551
0.515379, 0.647512
0.515629, 0.647473
0.515879, 0.647435
0.516129, 0.647397
0.516379, 0.647359
0.516629, 0.64732
0.516879, 0.647283
0.517129, 0.647245
0.517379, 0.647207
0.517629, 0.647169
0.517879, 0.647132
0.51813, 0.647095
0.51838, 0.647057
0.51863, 0.64702
0.51888, 0.646983
0.51913, 0.646946
0.51938, 0.64691
0.51963, 0.646873
0.51988, 0.646837
0.52013, 0.6468
0.52038, 0.646764
0.52063, 0.646728
0.52088, 0.646692
0.52113, 0.646656
0.52138, 0.64662
0.52163, 0.646584
0.52188, 0.646549
0.522131, 0.646513
0.522381, 0.646478
0.522631, 0.646443
0.522881, 0.646408
0.523131, 0.646373
0.523381, 0.646338
0.523631, 0.646303
0.523881, 0.646269
0.524131, 0.646234
0.524381, 0.6462
0.524631, 0.646166
0.524881, 0.646132
0.525131, 0.646098
0.525381, 0.646064
0.525631, 0.64603
0.525881, 0.645996
0.526132, 0.645963
0.526382, 0.645929
0.526632, 0.645896
0.526882, 0.645863
0.527132, 0.64583
0.527382, 0.645797
0.527632, 0.645764
0.527882, 0.645731
0.528132, 0.645699
0.528382, 0.645666
0.528632, 0.645634
0.528882, 0.645602
0.529132, 0.64557
0.529382, 0.645538
0.529632, 0.645506
0.529882, 0.645474
0.530133, 0.645443
0.530383, 0.645411
0.530633, 0.64538
0.530883, 0.645348
0.531133, 0.645317
0.531383, 0.645286
0.531633, 0.645255
0.531883, 0.645225
0.532133, 0.645194
0.532383, 0.645163
0.532633, 0.645133
0.532883, 0.645103
0.533133, 0.645073
0.533383, 0.645042
0.533633, 0.645013
0.533883, 0.644983
0.534134, 0.644953
0.534384, 0.644923
0.534634, 0.644894
0.534884, 0.644865
0.535134, 0.644835
0.535384, 0.644806
0.535634, 0.644777
0.535884, 0.644748
0.536134, 0.64472
0.536384, 0.644691
0.536634, 0.644663
0.536884, 0.644634
0.537134, 0.644606
0.537384, 0.644578
0.537634, 0.64455
0.537884, 0.644522
0.538135, 0.644494
0.538385, 0.644466
0.538635, 0.644439
0.538885, 0.644411
0.539135, 0.644384
0.539385, 0.644357
0.539635, 0.64433
0.539885, 0.644303
0.540135, 0.644276
0.540385, 0.644249
0.540635, 0.644222
0.540885, 0.644196
0.541135, 0.64417
0.541385, 0.644143
0.541635, 0.644117
0.541885, 0.644091
0.542136, 0.644065
0.542386, 0.64404
0.542636, 0.644014
0.542886, 0.643988
0.543136, 0.643963
0.543386, 0.643938
0.543636, 0.643912
0.543886, 0.643887
0.544136, 0.643862
0.544386, 0.643838
0.544636, 0.643813
0.544886, 0.643788
0.545136, 0.643764
0.545386, 0.64374
0.545636, 0.643715
0.545886, 0.643691
0.546137, 0.643667
0.546387, 0.643643
0.546637, 0.64362
0.546887, 0.643596
0.547137, 0.643572
0.547387, 0.643549
0.547637, 0.643526
0.547887, 0.643503
0.548137, 0.64348
0.548387, 0.643457
0.548637, 0.643434
0.548887, 0.643411
0.549137, 0.643389
0.549387, 0.643366
0.549637, 0.643344
0.549887, 0.643322
0.550138, 0.6433
0.550388, 0.643278
0.550638, 0.643256
0.550888, 0.643234
0.551138, 0.643212
0.551388, 0.643191
0.551638, 0.64317
0.551888, 0.643148
0.552138, 0.643127
0.552388, 0.643106
0.552638, 0.643085
0.552888, 0.643064
0.553138, 0.643044
0.553388, 0.643023
0.553638, 0.643003
0.553888, 0.642983
0.554139, 0.642962
0.554389, 0.642942
0.554639, 0.642922
0.554889, 0.642903
0.555139, 0.642883
0.555389, 0.642863
0.555639, 0.642844
0.555889, 0.642824
0.556139, 0.642805
0.556389, 0.642786
0.556639, 0.642767
0.556889, 0.642748
0.557139, 0.642729
0.557389, 0.642711
0.557639, 0.642692
0.557889, 0.642674
0.55814, 0.642656
0.55839, 0.642638
0.55864, 0.642619
0.55889, 0.642602
0.55914, 0.642584
0.55939, 0.642566
0.55964, 0.642548
0.55989, 0.642531
0.56014, 0.642514
0.56039, 0.642497
0.56064, 0.642479
0.56089, 0.642462
0.56114, 0.642446
0.56139, 0.642429
0.56164, 0.642412
0.56189, 0.642396
0.562141, 0.642379
0.562391, 0.642363
0.562641, 0.642347
0.562891, 0.642331
0.563141, 0.642315
0.563391, 0.642299
0.563641, 0.642284
0.563891, 0.642268
0.564141, 0.642253
0.564391, 0.642237
0.564641, 0.642222
0.564891, 0.642207
0.565141, 0.642192
0.565391, 0.642177
0.565641, 0.642163
0.565891, 0.642148
0.566142, 0.642134
0.566392, 0.642119
0.566642, 0.642105
0.566892, 0.642091
0.567142, 0.642077
0.567392, 0.642063
0.567642, 0.642049
0.567892, 0.642036
0.568142, 0.642022
0.568392, 0.642009
0.568642, 0.641995
0.568892, 0.641982
0.569142, 0.641969
0.569392, 0.641956
0.569642, 0.641943
0.569892, 0.641931
0.570143, 0.641918
0.570393, 0.641906
0.570643, 0.641893
0.570893, 0.641881
0.571143, 0.641869
0.571393, 0.641857
0.571643, 0.641845
0.571893, 0.641833
0.572143, 0.641822
0.572393, 0.64181
0.572643, 0.641799
0.572893, 0.641788
0.573143, 0.641776
0.573393, 0.641765
0.573643, 0.641755
0.573893, 0.641744
0.574144, 0.641733
0.574394, 0.641722
0.574644, 0.641712
0.574894, 0.641702
0.575144, 0.641692
0.575394, 0.641681
0.575644, 0.641672
0.575894, 0.641662
0.576144, 0.641652
0.576394, 0.641642
0.576644, 0.641633
0.576894, 0.641623
0.577144, 0.641614
0.577394, 0.641605
0.577644, 0.641596
0.577894, 0.641587
0.578145, 0.641578
0.578395, 0.64157
0.578645, 0.641561
0.578895, 0.641553
0.579145, 0.641545
0.579395, 0.641536
0.579645, 0.641528
0.579895, 0.64152
0.580145, 0.641513
0.580395, 0.641505
0.580645, 0.641497
0.580895, 0.64149
0.581145, 0.641482
0.581395, 0.641475
0.581645, 0.641468
0.581895, 0.641461
0.582146, 0.641454
0.582396, 0.641447
0.582646, 0.641441
0.582896, 0.641434
0.583146, 0.641428
0.583396, 0.641422
0.583646, 0.641416
0.583896, 0.641409
0.584146, 0.641404
0.584396, 0.641398
0.584646, 0.641392
0.584896, 0.641386
0.585146, 0.641381
0.585396, 0.641376
0.585646, 0.641371
0.585896, 0.641365
0.586147, 0.64136
0.586397, 0.641356
0.586647, 0.641351
0.586897, 0.641346
0.587147, 0.641342
0.587397, 0.641337
0.587647, 0.641333
0.587897, 0.641329
0.588147, 0.641325
0.588397, 0.641321
0.588647, 0.641317
0.588897, 0.641314
0.589147, 0.64131
0.589397, 0.641307
0.589647, 0.641303
0.589897, 0.6413
0.590148, 0.641297
0.590398, 0.641294
0.590648, 0.641291
0.590898, 0.641289
0.591148, 0.641286
0.591398, 0.641283
0.591648, 0.641281
0.591898, 0.641279
0.592148, 0.641277
0.592398, 0.641275
0.592648, 0.641273
0.592898, 0.641271
0.593148, 0.641269
0.593398, 0.641268
0.593648, 0.641267
0.593898, 0.641265
0.594149, 0.641264
0.594399, 0.641263
0.594649, 0.641262
0.594899, 0.641261
0.595149, 0.641261
0.595399, 0.64126
0.595649, 0.64126
0.595899, 0.641259
0.596149, 0.641259
0.596399, 0.641259
0.596649, 0.641259
0.596899, 0.641259
0.597149, 0.641259
0.597399, 0.64126
0.597649, 0.64126
0.597899, 0.641261
0.59815, 0.641261
0.5984, 0.641262
0.59865, 0.641263
0.5989, 0.641264
0.59915, 0.641266
0.5994, 0.641267
0.59965, 0.641268
0.5999, 0.64127
0.60015, 0.641272
0.6004, 0.641273
0.60065, 0.641275
0.6009, 0.641277
0.60115, 0.641279
0.6014, 0.641282
0.60165, 0.641284
0.6019, 0.641287
0.602151, 0.641289
0.602401, 0.641292
0.602651, 0.641295
0.602901, 0.641298
0.603151, 0.641301
0.603401, 0.641304
0.603651, 0.641307
0.603901, 0.641311
0.604151, 0.641315
0.604401, 0.641318
0.604651, 0.641322
0.604901, 0.641326
0.605151, 0.64133
0.605401, 0.641334
0.605651, 0.641338
0.605901, 0.641343
0.606152, 0.641347
0.606402, 0.641352
0.606652, 0.641357
0.606902, 0.641362
0.607152, 0.641367
0.607402, 0.641372
0.607652, 0.641377
0.607902, 0.641382
0.608152, 0.641388
0.608402, 0.641394
0.608652, 0.641399
0.608902, 0.641405
0.609152, 0.641411
0.609402, 0.641417
0.609652, 0.641423
0.609902, 0.64143
0.610153, 0.641436
0.610403, 0.641443
0.610653, 0.641449
0.610903, 0.641456
0.611153, 0.641463
0.611403, 0.64147
0.611653, 0.641477
0.611903, 0.641484
0.612153, 0.641492
0.612403, 0.641499
0.612653, 0.641507
0.612903, 0.641515
0.613153, 0.641522
0.613403, 0.64153
0.613653, 0.641538
0.613903, 0.641547
0.614154, 0.641555
0.614404, 0.641563
0.614654, 0.641572
0.614904, 0.641581
0.615154, 0.64159
0.615404, 0.641598
0.615654, 0.641607
0.615904, 0.641617
0.616154, 0.641626
0.616404, 0.641635
0.616654, 0.641645
0.616904, 0.641654
0.617154, 0.641664
0.617404, 0.641674
0.617654, 0.641684
0.617904, 0.641694
0.618155, 0.641704
0.618405, 0.641715
0.618655, 0.641725
0.618905, 0.641736
0.619155, 0.641747
0.619405, 0.641757
0.619655, 0.641768
0.619905, 0.641779
0.620155, 0.641791
0.620405, 0.641802
0.620655, 0.641813
0.620905, 0.641825
0.621155, 0.641836
0.621405, 0.641848
0.621655, 0.64186
0.621905, 0.641872
0.622156, 0.641884
0.622406, 0.641896
0.622656, 0.641909
0.622906, 0.641921
0.623156, 0.641934
0.623406, 0.641947
0.623656, 0.641959
0.623906, 0.641972
0.624156, 0.641986
0.624406, 0.641999
0.624656, 0.642012
0.624906, 0.642025
0.625156, 0.642039
0.625406, 0.642053
0.625656, 0.642067
0.625906, 0.64208
0.626157, 0.642094
0.626407, 0.642109
0.626657, 0.642123
0.626907, 0.642137
0.627157, 0.642152
0.627407, 0.642166
0.627657, 0.642181
0.627907, 0.642196
0.628157, 0.642211
0.628407, 0.642226
0.628657, 0.642241
0.628907, 0.642257
0.629157, 0.642272
0.629407, 0.642288
0.629657, 0.642303
0.629907, 0.642319
0.630158, 0.642335
0.630408, 0.642351
0.630658, 0.642367
0.630908, 0.642384
0.631158, 0.6424
0.631408, 0.642417
0.631658, 0.642433
0.631908, 0.64245
0.632158, 0.642467
0.632408, 0.642484
0.632658, 0.642501
0.632908, 0.642518
0.633158, 0.642536
0.633408, 0.642553
0.633658, 0.642571
0.633908, 0.642588
0.634159, 0.642606
0.634409, 0.642624
0.634659, 0.642642
0.634909, 0.64266
0.635159, 0.642679
0.635409, 0.642697
0.635659, 0.642716
0.635909, 0.642734
0.636159, 0.642753
0.636409, 0.642772
0.636659, 0.642791
0.636909, 0.64281
0.637159, 0.642829
0.637409, 0.642849
0.637659, 0.642868
0.637909, 0.642888
0.63816, 0.642908
0.63841, 0.642928
0.63866, 0.642948
0.63891, 0.642968
0.63916, 0.642988
0.63941, 0.643008
0.63966, 0.643029
0.63991, 0.643049
0.64016, 0.64307
0.64041, 0.643091
0.64066, 0.643112
0.64091, 0.643133
0.64116, 0.643154
0.64141, 0.643175
0.64166, 0.643197
0.64191, 0.643218
0.642161, 0.64324
0.642411, 0.643261
0.642661, 0.643283
0.642911, 0.643305
0.643161, 0.643327
0.643411, 0.64335
0.643661, 0.643372
0.643911, 0.643394
0.644161, 0.643417
0.644411, 0.64344
0.644661, 0.643463
0.644911, 0.643486
0.645161, 0.643509
0.645411, 0.643532
0.645661, 0.643555
0.645911, 0.643579
0.646162, 0.643602
0.646412, 0.643626
0.646662, 0.64365
0.646912, 0.643673
0.647162, 0.643697
0.647412, 0.643722
0.647662, 0.643746
0.647912, 0.64377
0.648162, 0.643795
0.648412, 0.643819
0.648662, 0.643844
0.648912, 0.643869
0.649162, 0.643894
0.649412, 0.643919
0.649662, 0.643944
0.649912, 0.64397
0.650163, 0.643995
0.650413, 0.644021
0.650663, 0.644046
0.650913, 0.644072
0.651163, 0.644098
0.651413, 0.644124
0.651663, 0.64415
0.651913, 0.644176
0.652163, 0.644203
0.652413, 0.644229
0.652663, 0.644256
0.652913, 0.644283
0.653163, 0.64431
0.653413, 0.644337
0.653663, 0.644364
0.653913, 0.644391
0.654164, 0.644418
0.654414, 0.644446
0.654664, 0.644473
0.654914, 0.644501
0.655164, 0.644529
0.655414, 0.644557
0.655664, 0.644585
0.655914, 0.644613
0.656164, 0.644641
0.656414, 0.64467
0.656664, 0.644698
0.656914, 0.644727
0.657164, 0.644756
0.657414, 0.644785
0.657664, 0.644814
0.657914, 0.644843
0.658165, 0.644872
0.658415, 0.644902
0.658665, 0.644931
0.658915, 0.644961
0.659165, 0.64499
0.659415, 0.64502
0.659665, 0.64505
0.659915, 0.64508
0.660165, 0.645111
0.660415, 0.645141
0.660665, 0.645171
0.660915, 0.645202
0.661165, 0.645233
0.661415, 0.645263
0.661665, 0.645294
0.661915, 0.645325
0.662166, 0.645357
0.662416, 0.645388
0.662666, 0.645419
0.662916, 0.645451
0.663166, 0.645482
0.663416, 0.645514
0.663666, 0.645546
0.663916, 0.645578
0.664166, 0.64561
0.664416, 0.645642
0.664666, 0.645675
0.664916, 0.645707
0.665166, 0.64574
0.665416, 0.645773
0.665666, 0.645805
0.665916, 0.645838
0.666167, 0.645871
0.666417, 0.645905
0.666667, 0.645938
0.666917, 0.645971
0.667167, 0.646005
0.667417, 0.646039
0.667667, 0.646072
0.667917, 0.646106
0.668167, 0.64614
0.668417, 0.646175
0.668667, 0.646209
0.668917, 0.646243
0.669167, 0.646278
0.669417, 0.646312
0.669667, 0.646347
0.669917, 0.646382
0.670168, 0.646417
0.670418, 0.646452
0.670668, 0.646487
0.670918, 0.646523
0.671168, 0.646558
0.671418, 0.646594
0.671668, 0.646629
0.671918, 0.646665
0.672168, 0.646701
0.672418, 0.646737
0.672668, 0.646773
0.672918, 0.64681
0.673168, 0.646846
0.673418, 0.646883
0.673668, 0.646919
0.673918, 0.646956
0.674169, 0.646993
0.674419, 0.64703
0.674669, 0.647067
0.674919, 0.647104
0.675169, 0.647142
0.675419, 0.647179
0.675669, 0.647217
0.675919, 0.647255
0.676169, 0.647292
0.676419, 0.64733
0.676669, 0.647368
0.676919, 0.647407
0.677169, 0.647445
0.677419, 0.647483
0.677669, 0.647522
0.677919, 0.647561
0.67817, 0.647599
0.67842, 0.647638
0.67867, 0.647677
0.67892, 0.647717
0.67917, 0.647756
0.67942, 0.647795
0.67967, 0.647835
0.67992, 0.647874
0.68017, 0.647914
0.68042, 0.647954
0.68067, 0.647994
0.68092, 0.648034
0.68117, 0.648074
0.68142, 0.648115
0.68167, 0.648155
0.68192, 0.648196
0.682171, 0.648237
0.682421, 0.648277
0.682671, 0.648318
0.682921, 0.64836
0.683171, 0.648401
0.683421, 0.648442
0.683671, 0.648483
0.683921, 0.648525
0.684171, 0.648567
0.684421, 0.648608
0.684671, 0.64865
0.684921, 0.648692
0.685171, 0.648735
0.685421, 0.648777
0.685671, 0.648819
0.685921, 0.648862
0.686172, 0.648904
0.686422, 0.648947
0.686672, 0.64899
0.686922, 0.649033
0.687172, 0.649076
0.687422, 0.649119
0.687672, 0.649163
0.687922, 0.649206
0.688172, 0.64925
0.688422, 0.649293
0.688672, 0.649337
0.688922, 0.649381
0.689172, 0.649425
0.689422, 0.649469
0.689672, 0.649514
0.689922, 0.649558
0.690173, 0.649603
0.690423, 0.649647
0.690673, 0.649692
0.690923, 0.649737
0.691173, 0.649782
0.691423, 0.649827
0.691673, 0.649873
0.691923, 0.649918
0.692173, 0.649963
0.692423, 0.650009
0.692673, 0.650055
0.692923, 0.650101
0.693173, 0.650147
0.693423, 0.650193
0.693673, 0.650239
0.693923, 0.650285
0.694174, 0.650332
0.694424, 0.650378
0.694674, 0.650425
0.694924, 0.650472
0.695174, 0.650519
0.695424, 0.650566
0.695674, 0.650613
0.695924, 0.65066
0.696174, 0.650708
0.696424, 0.650755
0.696674, 0.650803
0.696924, 0.650851
0.697174, 0.650899
0.697424, 0.650947
0.697674, 0.650995
0.697924, 0.651043
0.698175, 0.651092
0.698425, 0.65114
0.698675, 0.651189
0.698925, 0.651237
0.699175, 0.651286
0.699425, 0.651335
0.699675, 0.651384
0.699925, 0.651434
0.700175, 0.651483
0.700425, 0.651532
0.700675, 0.651582
0.700925, 0.651632
0.701175, 0.651681
0.701425, 0.651731
0.701675, 0.651781
0.701925, 0.651832
0.702176, 0.651882
0.702426, 0.651932
0.702676, 0.651983
0.702926, 0.652034
0.703176, 0.652084
0.703426, 0.652135
0.703676, 0.652186
0.703926, 0.652237
0.704176, 0.652289
0.704426, 0.65234
0.704676, 0.652392
0.704926, 0.652443
0.705176, 0.652495
0.705426, 0.652547
0.705676, 0.652599
0.705926, 0.652651
0.706177, 0.652703
0.706427, 0.652755
0.706677, 0.652808
0.706927, 0.65286
0.707177, 0.652913
0.707427, 0.652966
0.707677, 0.653019
0.707927, 0.653072
0.708177, 0.653125
0.708427, 0.653178
0.708677, 0.653232
0.708927, 0.653285
0.709177, 0.653339
0.709427, 0.653393
0.709677, 0.653447
0.709927, 0.653501
0.710178, 0.653555
0.710428, 0.653609
0.710678, 0.653664
0.710928, 0.653718
0.711178, 0.653773
0.711428, 0.653827
0.711678, 0.653882
0.711928, 0.653937
0.712178, 0.653992
0.712428, 0.654048
0.712678, 0.654103
0.712928, 0.654158
0.713178, 0.654214
0.713428, 0.65427
0.713678, 0.654326
0.713928, 0.654382
0.714179, 0.654438
0.714429, 0.654494
0.714679, 0.65455
0.714929, 0.654607
0.715179, 0.654663
0.715429, 0.65472
0.715679, 0.654777
0.715929, 0.654833
0.716179, 0.654891
0.716429, 0.654948
0.716679, 0.655005
0.716929, 0.655062
0.717179, 0.65512
0.717429, 0.655177
0.717679, 0.655235
0.717929, 0.655293
0.71818, 0.655351
0.71843, 0.655409
0.71868, 0.655467
0.71893, 0.655526
0.71918, 0.655584
0.71943, 0.655643
0.71968, 0.655702
0.71993, 0.65576
0.72018, 0.655819
0.72043, 0.655878
0.72068, 0.655938
0.72093, 0.655997
0.72118, 0.656056
0.72143, 0.656116
0.72168, 0.656176
0.72193, 0.656235
0.722181, 0.656295
0.722431, 0.656355
0.722681, 0.656416
0.722931, 0.656476
0.723181, 0.656536
0.723431, 0.656597
0.723681, 0.656657
0.723931, 0.656718
0.724181, 0.656779
0.724431, 0.65684
0.724681, 0.656901
0.724931, 0.656962
0.725181, 0.657024
0.725431, 0.657085
0.725681, 0.657147
0.725931, 0.657209
0.726182, 0.657271
0.726432, 0.657332
0.726682, 0.657395
0.726932, 0.657457
0.727182, 0.657519
0.727432, 0.657582
0.727682, 0.657644
0.727932, 0.657707
0.728182, 0.65777
0.728432, 0.657833
0.728682, 0.657896
0.728932, 0.657959
0.729182, 0.658022
0.729432, 0.658086
0.729682, 0.658149
0.729932, 0.658213
0.730183, 0.658277
0.730433, 0.65834
0.730683, 0.658404
0.730933, 0.658469
0.731183, 0.658533
0.731433, 0.658597
0.731683, 0.658662
0.731933, 0.658726
0.732183, 0.658791
0.732433, 0.658856
0.732683, 0.658921
0.732933, 0.658986
0.733183, 0.659051
0.733433, 0.659117
0.733683, 0.659182
0.733933, 0.659248
0.734184, 0.659313
0.734434, 0.659379
0.734684, 0.659445
0.734934, 0.659511
0.735184, 0.659578
0.735434, 0.659644
0.735684, 0.65971
0.735934, 0.659777
0.736184, 0.659844
0.736434, 0.65991
0.736684, 0.659977
0.736934, 0.660044
0.737184, 0.660112
0.737434, 0.660179
0.737684, 0.660246
0.737934, 0.660314
0.738185, 0.660381
0.738435, 0.660449
0.738685, 0.660517
0.738935, 0.660585
0.739185, 0.660653
0.739435, 0.660721
0.739685, 0.66079
0.739935, 0.660858
0.740185, 0.660927
0.740435, 0.660996
0.740685, 0.661065
0.740935, 0.661134
0.741185, 0.661203
0.741435, 0.661272
0.741685, 0.661341
0.741935, 0.661411
0.742186, 0.66148
0.742436, 0.66155
0.742686, 0.66162
0.742936, 0.66169
0.743186, 0.66176
0.743436, 0.66183
0.743686, 0.6619
0.743936, 0.661971
0.744186, 0.662041
0.744436, 0.662112
0.744686, 0.662183
0.744936, 0.662254
0.745186, 0.662325
0.745436, 0.662396
0.745686, 0.662467
0.745936, 0.662539
0.746187, 0.66261
0.746437, 0.662682
0.746687, 0.662754
0.746937, 0.662826
0.747187, 0.662898
0.747437, 0.66297
0.747687, 0.663042
0.747937, 0.663114
0.748187, 0.663187
0.748437, 0.663259
0.748687, 0.663332
0.748937, 0.663405
0.749187, 0.663478
0.749437, 0.663551
0.749687, 0.663624
0.749937, 0.663698
0.750188, 0.663771
0.750438, 0.663845
0.750688, 0.663918
0.750938, 0.663992
0.751188, 0.664066
0.751438, 0.66414
0.751688, 0.664215
0.751938, 0.664289
0.752188, 0.664363
0.752438, 0.664438
0.752688, 0.664513
0.752938, 0.664587
0.753188, 0.664662
0.753438, 0.664737
0.753688, 0.664812
0.753938, 0.664888
0.754189, 0.664963
0.754439, 0.665039
0.754689, 0.665114
0.754939, 0.66519
0.755189, 0.665266
0.755439, 0.665342
0.755689, 0.665418
0.755939, 0.665494
0.756189, 0.665571
0.756439, 0.665647
0.756689, 0.665724
0.756939, 0.665801
0.757189, 0.665878
0.757439, 0.665955
0.757689, 0.666032
0.757939, 0.666109
0.75819, 0.666186
0.75844, 0.666264
0.75869, 0.666341
0.75894, 0.666419
0.75919, 0.666497
0.75944, 0.666575
0.75969, 0.666653
0.75994, 0.666731
0.76019, 0.66681
0.76044, 0.666888
0.76069, 0.666967
0.76094, 0.667045
0.76119, 0.667124
0.76144, 0.667203
0.76169, 0.667282
0.76194, 0.667361
0.762191, 0.667441
0.762441, 0.66752
0.762691, 0.6676
0.762941, 0.667679
0.763191, 0.667759
0.763441, 0.667839
0.763691, 0.667919
0.763941, 0.667999
0.764191, 0.66808
0.764441, 0.66816
0.764691, 0.668241
0.764941, 0.668321
0.765191, 0.668402
0.765441, 0.668483
0.765691, 0.668564
0.765941, 0.668645
0.766192, 0.668726
0.766442, 0.668808
0.766692, 0.668889
0.766942, 0.668971
0.767192, 0.669053
0.767442, 0.669134
0.767692, 0.669216
0.767942, 0.669298
0.768192, 0.669381
0.768442, 0.669463
0.768692, 0.669546
0.768942, 0.669628
0.769192, 0.669711
0.769442, 0.669794
0.769692, 0.669877
0.769942, 0.66996
0.770193, 0.670043
0.770443, 0.670126
0.770693, 0.67021
0.770943, 0.670293
0.771193, 0.670377
0.771443, 0.670461
0.771693, 0.670545
0.771943, 0.670629
0.772193, 0.670713
0.772443, 0.670797
0.772693, 0.670882
0.772943, 0.670966
0.773193, 0.671051
0.773443, 0.671136
0.773693, 0.671221
0.773943, 0.671306
0.774194, 0.671391
0.774444, 0.671476
0.774694, 0.671562
0.774944, 0.671647
0.775194, 0.671733
0.775444, 0.671819
0.775694, 0.671905
0.775944, 0.671991
0.776194, 0.672077
0.776444, 0.672163
0.776694, 0.67225
0.776944, 0.672336
0.777194, 0.672423
0.777444, 0.672509
0.777694, 0.672596
0.777944, 0.672683
0.778195, 0.67277
0.778445, 0.672858
0.778695, 0.672945
0.778945, 0.673033
0.779195, 0.67312
0.779445, 0.673208
0.779695, 0.673296
0.779945, 0.673384
0.780195, 0.673472
0.780445, 0.67356
0.780695, 0.673649
0.780945, 0.673737
0.781195, 0.673826
0.781445, 0.673914
0.781695, 0.674003
0.781945, 0.674092
0.782196, 0.674181
0.782446, 0.67427
0.782696, 0.67436
0.782946, 0.674449
0.783196, 0.674539
0.783446, 0.674629
0.783696, 0.674718
0.783946, 0.674808
0.784196, 0.674898
0.784446, 0.674989
0.784696, 0.675079
0.784946, 0.675169
0.785196, 0.67526
0.785446, 0.675351
0.785696, 0.675441
0.785946, 0.675532
0.786197, 0.675623
0.786447, 0.675715
0.786697, 0.675806
0.786947, 0.675897
0.787197, 0.675989
0.787447, 0.676081
0.787697, 0.676172
0.787947, 0.676264
0.788197, 0.676356
0.788447, 0.676448
0.788697, 0.676541
0.788947, 0.676633
0.789197, 0.676726
0.789447, 0.676818
0.789697, 0.676911
0.789947, 0.677004
0.790198, 0.677097
0.790448, 0.67719
0.790698, 0.677283
0.790948, 0.677377
0.791198, 0.67747
0.791448, 0.677564
0.791698, 0.677658
0.791948, 0.677752
0.792198, 0.677846
0.792448, 0.67794
0.792698, 0.678034
0.792948, 0.678128
0.793198, 0.678223
0.793448, 0.678318
0.793698, 0.678412
0.793948, 0.678507
0.794199, 0.678602
0.794449, 0.678697
0.794699, 0.678793
0.794949, 0.678888
0.795199, 0.678983
0.795449, 0.679079
0.795699, 0.679175
0.795949, 0.679271
0.796199, 0.679367
0.796449, 0.679463
0.796699, 0.679559
0.796949, 0.679655
0.797199, 0.679752
0.797449, 0.679848
0.797699, 0.679945
0.797949, 0.680042
0.7982, 0.680139
0.79845, 0.680236
0.7987, 0.680333
0.79895, 0.680431
0.7992, 0.680528
0.79945, 0.680626
0.7997, 0.680723
0.79995, 0.680821
0.8002, 0.680919
0.80045, 0.681017
0.8007, 0.681115
0.80095, 0.681214
0.8012, 0.681312
0.80145, 0.681411
0.8017, 0.681509
0.80195, 0.681608
0.802201, 0.681707
0.802451, 0.681806
0.802701, 0.681905
0.802951, 0.682005
0.803201, 0.682104
0.803451, 0.682204
0.803701, 0.682303
0.803951, 0.682403
0.804201, 0.682503
0.804451, 0.682603
0.804701, 0.682703
0.804951, 0.682804
0.805201, 0.682904
0.805451, 0.683005
0.805701, 0.683105
0.805951, 0.683206
0.806202, 0.683307
0.806452, 0.683408
0.806702, 0.683509
0.806952, 0.683611
0.807202, 0.683712
0.807452, 0.683814
0.807702, 0.683915
0.807952, 0.684017
0.808202, 0.684119
0.808452, 0.684221
0.808702, 0.684323
0.808952, 0.684426
0.809202, 0.684528
0.809452, 0.68463
0.809702, 0.684733
0.809952, 0.684836
0.810203, 0.684939
0.810453, 0.685042
0.810703, 0.685145
0.810953, 0.685248
0.811203, 0.685352
0.811453, 0.685455
0.811703, 0.685559
0.811953, 0.685663
0.812203, 0.685767
0.812453, 0.685871
0.812703, 0.685975
0.812953, 0.686079
0.813203, 0.686183
0.813453, 0.686288
0.813703, 0.686393
0.813953, 0.686497
0.814204, 0.686602
0.814454, 0.686707
0.814704, 0.686812
0.814954, 0.686918
0.815204, 0.687023
0.815454, 0.687129
0.815704, 0.687234
0.815954, 0.68734
0.816204, 0.687446
0.816454, 0.687552
0.816704, 0.687658
0.816954, 0.687764
0.817204, 0.687871
0.817454, 0.687977
0.817704, 0.688084
0.817954, 0.688191
0.818205, 0.688297
0.818455, 0.688404
0.818705, 0.688512
0.818955, 0.688619
0.819205, 0.688726
0.819455, 0.688834
0.819705, 0.688941
0.819955, 0.689049
0.820205, 0.689157
0.820455, 0.689265
0.820705, 0.689373
0.820955, 0.689481
0.821205, 0.68959
0.821455, 0.689698
0.821705, 0.689807
0.821955, 0.689916
0.822206, 0.690025
0.822456, 0.690134
0.822706, 0.690243
0.822956, 0.690352
0.823206, 0.690461
0.823456, 0.690571
0.823706, 0.69068
0.823956, 0.69079
0.824206, 0.6909
0.824456, 0.69101
0.824706, 0.69112
0.824956, 0.69123
0.825206, 0.691341
0.825456, 0.691451
0.825706, 0.691562
0.825956, 0.691673
0.826207, 0.691784
0.826457, 0.691895
0.826707, 0.692006
0.826957, 0.692117
0.827207, 0.692228
0.827457, 0.69234
0.827707, 0.692451
0.827957, 0.692563
0.828207, 0.692675
0.828457, 0.692787
0.828707, 0.692899
0.828957, 0.693011
0.829207, 0.693124
0.829457, 0.693236
0.829707, 0.693349
0.829957, 0.693462
0.830208, 0.693575
0.830458, 0.693688
0.830708, 0.693801
0.830958, 0.693914
0.831208, 0.694027
0.831458, 0.694141
0.831708, 0.694254
0.831958, 0.694368
0.832208, 0.694482
0.832458, 0.694596
0.832708, 0.69471
0.832958, 0.694824
0.833208, 0.694939
0.833458, 0.695053
0.833708, 0.695168
0.833958, 0.695283
0.834209, 0.695398
0.834459, 0.695513
0.834709, 0.695628
0.834959, 0.695743
0.835209, 0.695858
0.835459, 0.695974
0.835709, 0.696089
0.835959, 0.696205
0.836209, 0.696321
0.836459, 0.696437
0.836709, 0.696553
0.836959, 0.696669
0.837209, 0.696786
0.837459, 0.696902
0.837709, 0.697019
0.837959, 0.697136
0.83821, 0.697253
0.83846, 0.69737
0.83871, 0.697487
0.83896, 0.697604
0.83921, 0.697721
0.83946, 0.697839
0.83971, 0.697957
0.83996, 0.698074
0.84021, 0.698192
0.84046, 0.69831
0.84071, 0.698428
0.84096, 0.698547
0.84121, 0.698665
0.84146, 0.698784
0.84171, 0.698902
0.84196, 0.699021
0.842211, 0.69914
0.842461, 0.699259
0.842711, 0.699378
0.842961, 0.699497
0.843211, 0.699617
0.843461, 0.699736
0.843711, 0.699856
0.843961, 0.699976
0.844211, 0.700096
0.844461, 0.700216
0.844711, 0.700336
0.844961, 0.700456
0.845211, 0.700576
0.845461, 0.700697
0.845711, 0.700818
0.845961, 0.700938
0.846212, 0.701059
0.846462, 0.70118
0.846712, 0.701301
0.846962, 0.701423
0.847212, 0.701544
0.847462, 0.701666
0.847712, 0.701787
0.847962, 0.701909
0.848212, 0.702031
0.848462, 0.702153
0.848712, 0.702275
0.848962, 0.702398
0.849212, 0.70252
0.849462, 0.702643
0.849712, 0.702765
0.849962, 0.702888
0.850213, 0.703011
0.850463, 0.703134
0.850713, 0.703257
0.850963, 0.703381
0.851213, 0.703504
0.851463, 0.703628
0.851713, 0.703751
0.851963, 0.703875
0.852213, 0.703999
0.852463, 0.704123
0.852713, 0.704247
0.852963, 0.704372
0.853213, 0.704496
0.853463, 0.704621
0.853713, 0.704745
0.853963, 0.70487
0.854214, 0.704995
0.854464, 0.70512
0.854714, 0.705245
0.854964, 0.705371
0.855214, 0.705496
0.855464, 0.705622
0.855714, 0.705747
0.855964, 0.705873
0.856214, 0.705999
0.856464, 0.706125
0.856714, 0.706252
0.856964, 0.706378
0.857214, 0.706504
0.857464, 0.706631
0.857714, 0.706758
0.857964, 0.706885
0.858215, 0.707011
0.858465, 0.707139
0.858715, 0.707266
0.858965, 0.707393
0.859215, 0.707521
0.859465, 0.707648
0.859715, 0.707776
0.859965, 0.707904
0.860215, 0.708032
0.860465, 0.70816
0.860715, 0.708288
0.860965, 0.708417
0.861215, 0.708545
0.861465, 0.708674
0.861715, 0.708802
0.861965, 0.708931
0.862216, 0.70906
0.862466, 0.70919
0.862716, 0.709319
0.862966, 0.709448
0.863216, 0.709578
0.863466, 0.709707
0.863716, 0.709837
0.863966, 0.709967
0.864216, 0.710097
0.864466, 0.710227
0.864716, 0.710357
0.864966, 0.710488
0.865216, 0.710618
0.865466, 0.710749
0.865716, 0.71088
0.865966, 0.711011
0.866217, 0.711142
0.866467, 0.711273
0.866717, 0.711404
0.866967, 0.711536
0.867217, 0.711667
0.867467, 0.711799
0.867717, 0.711931
0.867967, 0.712063
0.868217, 0.712195
0.868467, 0.712327
0.868717, 0.712459
0.868967, 0.712592
0.869217, 0.712724
0.869467, 0.712857
0.869717, 0.71299
0.869967, 0.713123
0.870218, 0.713256
0.870468, 0.713389
0.870718, 0.713522
0.870968, 0.713656
0.871218, 0.713789
0.871468, 0.713923
0.871718, 0.714057
0.871968, 0.714191
0.872218, 0.714325
0.872468, 0.714459
0.872718, 0.714594
0.872968, 0.714728
0.873218, 0.714863
0.873468, 0.714998
0.873718, 0.715132
0.873968, 0.715267
0.874219, 0.715403
0.874469, 0.715538
0.874719, 0.715673
0.874969, 0.715809
0.875219, 0.715944
0.875469, 0.71608
0.875719, 0.716216
0.875969, 0.716352
0.876219, 0.716488
0.876469, 0.716624
0.876719, 0.716761
0.876969, 0.716897
0.877219, 0.717034
0.877469, 0.717171
0.877719, 0.717308
0.877969, 0.717445
0.87822, 0.717582
0.87847, 0.717719
0.87872, 0.717857
0.87897, 0.717994
0.87922, 0.718132
0.87947, 0.71827
0.87972, 0.718408
0.87997, 0.718546
0.88022, 0.718684
0.88047, 0.718822
0.88072, 0.718961
0.88097, 0.719099
0.88122, 0.719238
0.88147, 0.719377
0.88172, 0.719516
0.88197, 0.719655
0.882221, 0.719794
0.882471, 0.719934
0.882721, 0.720073
0.882971, 0.720213
0.883221, 0.720352
0.883471, 0.720492
0.883721, 0.720632
0.883971, 0.720772
0.884221, 0.720913
0.884471, 0.721053
0.884721, 0.721194
0.884971, 0.721334
0.885221, 0.721475
0.885471, 0.721616
0.885721, 0.721757
0.885971, 0.721898
0.886222, 0.722039
0.886472, 0.722181
0.886722, 0.722322
0.886972, 0.722464
0.887222, 0.722606
0.887472, 0.722748
0.887722, 0.72289
0.887972, 0.723032
0.888222, 0.723174
0.888472, 0.723317
0.888722, 0.723459
0.888972, 0.723602
0.889222, 0.723745
0.889472, 0.723888
0.889722, 0.724031
0.889972, 0.724174
0.890223, 0.724317
0.890473, 0.724461
0.890723, 0.724605
0.890973, 0.724748
0.891223, 0.724892
0.891473, 0.725036
0.891723, 0.72518
0.891973, 0.725325
0.892223, 0.725469
0.892473, 0.725613
0.892723, 0.725758
0.892973, 0.725903
0.893223, 0.726048
0.893473, 0.726193
0.893723, 0.726338
0.893973, 0.726483
0.894224, 0.726629
0.894474, 0.726774
0.894724, 0.72692
0.894974, 0.727066
0.895224, 0.727212
0.895474, 0.727358
0.895724, 0.727504
0.895974, 0.72765
0.896224, 0.727797
0.896474, 0.727943
0.896724, 0.72809
0.896974, 0.728237
0.897224, 0.728384
0.897474, 0.728531
0.897724, 0.728678
0.897974, 0.728825
0.898225, 0.728973
0.898475, 0.72912
0.898725, 0.729268
0.898975, 0.729416
0.899225, 0.729564
0.899475, 0.729712
0.899725, 0.72986
0.899975, 0.730009
0.900225, 0.730157
0.900475, 0.730306
0.900725, 0.730455
0.900975, 0.730604
0.901225, 0.730753
0.901475, 0.730902
0.901725, 0.731051
0.901975, 0.731201
0.902226, 0.73135
0.902476, 0.7315
0.902726, 0.73165
0.902976, 0.7318
0.903226, 0.73195
0.903476, 0.7321
0.903726, 0.73225
0.903976, 0.732401
0.904226, 0.732551
0.904476, 0.732702
0.904726, 0.732853
0.904976, 0.733004
0.905226, 0.733155
0.905476, 0.733306
0.905726, 0.733458
0.905976, 0.733609
0.906227, 0.733761
0.906477, 0.733913
0.906727, 0.734065
0.906977, 0.734217
0.907227, 0.734369
0.907477, 0.734521
0.907727, 0.734673
0.907977, 0.734826
0.908227, 0.734979
0.908477, 0.735131
0.908727, 0.735284
0.908977, 0.735438
0.909227, 0.735591
0.909477, 0.735744
0.909727, 0.735898
0.909977, 0.736051
0.910228, 0.736205
0.910478, 0.736359
0.910728, 0.736513
0.910978, 0.736667
0.911228, 0.736821
0.911478, 0.736975
0.911728, 0.73713
0.911978, 0.737285
0.912228, 0.737439
0.912478, 0.737594
0.912728, 0.737749
0.912978, 0.737904
0.913228, 0.73806
0.913478, 0.738215
0.913728, 0.738371
0.913978, 0.738526
0.914229, 0.738682
0.914479, 0.738838
0.914729, 0.738994
0.914979, 0.739151
0.915229, 0.739307
0.915479, 0.739463
0.915729, 0.73962
0.915979, 0.739777
0.916229, 0.739934
0.916479, 0.740091
0.916729, 0.740248
0.916979, 0.740405
0.917229, 0.740562
0.917479, 0.74072
0.917729, 0.740878
0.917979, 0.741035
0.91823, 0.741193
0.91848, 0.741351
0.91873, 0.741509
0.91898, 0.741668
0.91923, 0.741826
0.91948, 0.741985
0.91973, 0.742143
0.91998, 0.742302
0.92023, 0.742461
0.92048, 0.74262
0.92073, 0.74278
0.92098, 0.742939
0.92123, 0.743098
0.92148, 0.743258
0.92173, 0.743418
0.92198, 0.743578
0.922231, 0.743738
0.922481, 0.743898
0.922731, 0.744058
0.922981, 0.744219
0.923231, 0.744379
0.923481, 0.74454
0.923731, 0.744701
0.923981, 0.744862
0.924231, 0.745023
0.924481, 0.745184
0.924731, 0.745345
0.924981, 0.745507
0.925231, 0.745668
0.925481, 0.74583
0.925731, 0.745992
0.925981, 0.746154
0.926232, 0.746316
0.926482, 0.746478
0.926732, 0.746641
0.926982, 0.746803
0.927232, 0.746966
0.927482, 0.747129
0.927732, 0.747292
0.927982, 0.747455
0.928232, 0.747618
0.928482, 0.747781
0.928732, 0.747944
0.928982, 0.748108
0.929232, 0.748272
0.929482, 0.748436
0.929732, 0.7486
0.929982, 0.748764
0.930233, 0.748928
0.930483, 0.749092
0.930733, 0.749257
0.930983, 0.749421
0.931233, 0.749586
0.931483, 0.749751
0.931733, 0.749916
0.931983, 0.750081
0.932233, 0.750247
0.932483, 0.750412
0.932733, 0.750578
0.932983, 0.750743
0.933233, 0.750909
0.933483, 0.751075
0.933733, 0.751241
0.933983, 0.751407
0.934234, 0.751574
0.934484, 0.75174
0.934734, 0.751907
0.934984, 0.752074
0.935234, 0.752241
0.935484, 0.752408
0.935734, 0.752575
0.935984, 0.752742
0.936234, 0.752909
0.936484, 0.753077
0.936734, 0.753245
0.936984, 0.753412
0.937234, 0.75358
0.937484, 0.753748
0.937734, 0.753917
0.937984, 0.754085
0.938235, 0.754254
0.938485, 0.754422
0.938735, 0.754591
0.938985, 0.75476
0.939235, 0.754929
0.939485, 0.755098
0.939735, 0.755267
0.939985, 0.755437
0.940235, 0.755606
0.940485, 0.755776
0.940735, 0.755946
0.940985, 0.756116
0.941235, 0.756286
0.941485, 0.756456
0.941735, 0.756626
0.941985, 0.756797
0.942236, 0.756967
0.942486, 0.757138
0.942736, 0.757309
0.942986, 0.75748
0.943236, 0.757651
0.943486, 0.757822
0.943736, 0.757994
0.943986, 0.758165
0.944236, 0.758337
0.944486, 0.758509
0.944736, 0.758681
0.944986, 0.758853
0.945236, 0.759025
0.945486, 0.759197
0.945736, 0.75937
0.945986, 0.759543
0.946237, 0.759715
0.946487, 0.759888
0.946737, 0.760061
0.946987, 0.760234
0.947237, 0.760408
0.947487, 0.760581
0.947737, 0.760755
0.947987, 0.760928
0.948237, 0.761102
0.948487, 0.761276
0.948737, 0.76145
0.948987, 0.761624
0.949237, 0.761799
0.949487, 0.761973
0.949737, 0.762148
0.949987, 0.762323
0.950238, 0.762497
0.950488, 0.762672
0.950738, 0.762848
0.950988, 0.763023
0.951238, 0.763198
0.951488, 0.763374
0.951738, 0.76355
0.951988, 0.763725
0.952238, 0.763901
0.952488, 0.764077
0.952738, 0.764254
0.952988, 0.76443
0.953238, 0.764607
0.953488, 0.764783
0.953738, 0.76496
0.953988, 0.765137
0.954239, 0.765314
0.954489, 0.765491
0.954739, 0.765668
0.954989, 0.765846
0.955239, 0.766023
0.955489, 0.766201
0.955739, 0.766379
0.955989, 0.766557
0.956239, 0.766735
0.956489, 0.766913
0.956739, 0.767092
0.956989, 0.76727
0.957239, 0.767449
0.957489, 0.767628
0.957739, 0.767807
0.957989, 0.767986
0.95824, 0.768165
0.95849, 0.768344
0.95874, 0.768524
0.95899, 0.768703
0.95924, 0.768883
0.95949, 0.769063
0.95974, 0.769243
0.95999, 0.769423
0.96024, 0.769603
0.96049, 0.769784
0.96074, 0.769964
0.96099, 0.770145
0.96124, 0.770326
0.96149, 0.770507
0.96174, 0.770688
0.96199, 0.770869
0.962241, 0.77105
0.962491, 0.771232
0.962741, 0.771413
0.962991, 0.771595
0.963241, 0.771777
0.963491, 0.771959
0.963741, 0.772141
0.963991, 0.772323
0.964241, 0.772506
0.964491, 0.772688
0.964741, 0.772871
0.964991, 0.773054
0.965241, 0.773237
0.965491, 0.77342
0.965741, 0.773603
0.965991, 0.773787
0.966242, 0.77397
0.966492, 0.774154
0.966742, 0.774338
0.966992, 0.774522
0.967242, 0.774706
0.967492, 0.77489
0.967742, 0.775074
0.967992, 0.775259
0.968242, 0.775443
0.968492, 0.775628
0.968742, 0.775813
0.968992, 0.775998
0.969242, 0.776183
0.969492, 0.776368
0.969742, 0.776554
0.969992, 0.776739
0.970243, 0.776925
0.970493, 0.777111
0.970743, 0.777297
0.970993, 0.777483
0.971243, 0.777669
0.971493, 0.777855
0.971743, 0.778042
0.971993, 0.778228
0.972243, 0.778415
0.972493, 0.778602
0.972743, 0.778789
0.972993, 0.778976
0.973243, 0.779164
0.973493, 0.779351
0.973743, 0.779539
0.973993, 0.779727
0.974244, 0.779914
0.974494, 0.780102
0.974744, 0.780291
0.974994, 0.780479
0.975244, 0.780667
0.975494, 0.780856
0.975744, 0.781044
0.975994, 0.781233
0.976244, 0.781422
0.976494, 0.781611
0.976744, 0.781801
0.976994, 0.78199
0.977244, 0.782179
0.977494, 0.782369
0.977744, 0.782559
0.977994, 0.782749
0.978245, 0.782939
0.978495, 0.783129
0.978745, 0.783319
0.978995, 0.78351
0.979245, 0.7837
0.979495, 0.783891
0.979745, 0.784082
0.979995, 0.784273
0.980245, 0.784464
0.980495, 0.784655
0.980745, 0.784847
0.980995, 0.785038
0.981245, 0.78523
0.981495, 0.785422
0.981745, 0.785614
0.981995, 0.785806
0.982246, 0.785998
0.982496, 0.786191
0.982746, 0.786383
0.982996, 0.786576
0.983246, 0.786769
0.983496, 0.786962
0.983746, 0.787155
0.983996, 0.787348
0.984246, 0.787541
0.984496, 0.787735
0.984746, 0.787928
0.984996, 0.788122
0.985246, 0.788316
0.985496, 0.78851
0.985746, 0.788704
0.985996, 0.788898
0.986247, 0.789093
0.986497, 0.789287
0.986747, 0.789482
0.986997, 0.789677
0.987247, 0.789872
0.987497, 0.790067
0.987747, 0.790262
0.987997, 0.790458
0.988247, 0.790653
0.988497, 0.790849
0.988747, 0.791045
0.988997, 0.791241
0.989247, 0.791437
0.989497, 0.791633
0.989747, 0.79183
0.989997, 0.792026
0.990248, 0.792223
0.990498, 0.792419
0.990748, 0.792616
0.990998, 0.792813
0.991248, 0.793011
0.991498, 0.793208
0.991748, 0.793405
0.991998, 0.793603
0.992248, 0.793801
0.992498, 0.793999
0.992748, 0.794197
0.992998, 0.794395
0.993248, 0.794593
0.993498, 0.794792
0.993748, 0.79499
0.993998, 0.795189
0.994249, 0.795388
0.994499, 0.795587
0.994749, 0.795786
0.994999, 0.795985
0.995249, 0.796185
0.995499, 0.796384
0.995749, 0.796584
0.995999, 0.796784
0.996249, 0.796984
0.996499, 0.797184
0.996749, 0.797384
0.996999, 0.797585
0.997249, 0.797785
0.997499, 0.797986
0.997749, 0.798187
0.997999, 0.798387
0.99825, 0.798589
0.9985, 0.79879
0.99875, 0.798991
0.999, 0.799193
0.99925, 0.799394
0.9995, 0.799596
0.99975, 0.799798
1, 0.8

