0, 1
0.000250063, 0.999605
0.000500125, 0.999211
0.000750188, 0.998817
0.00100025, 0.998422
0.00125031, 0.998028
0.00150038, 0.997635
0.00175044, 0.997241
0.0020005, 0.996848
0.00225056, 0.996454
0.00250063, 0.996061
0.00275069, 0.995668
0.00300075, 0.995275
0.00325081, 0.994883
0.00350088, 0.99449
0.00375094, 0.994098
0.004001, 0.993706
0.00425106, 0.993314
0.00450113, 0.992922
0.00475119, 0.992531
0.00500125, 0.992139
0.00525131, 0.991748
0.00550138, 0.991357
0.00575144, 0.990966
0.0060015, 0.990575
0.00625156, 0.990185
0.00650163, 0.989794
0.00675169, 0.989404
0.00700175, 0.989014
0.00725181, 0.988624
0.00750188, 0.988234
0.00775194, 0.987845
0.008002, 0.987455
0.00825206, 0.987066
0.00850213, 0.986677
0.00875219, 0.986288
0.00900225, 0.985899
0.00925231, 0.985511
0.00950238, 0.985122
0.00975244, 0.984734
0.0100025, 0.984346
0.0102526, 0.983958
0.0105026, 0.98357
0.0107527, 0.983183
0.0110028, 0.982795
0.0112528, 0.982408
0.0115029, 0.982021
0.0117529, 0.981634
0.012003, 0.981248
0.0122531, 0.980861
0.0125031, 0.980475
0.0127532, 0.980088
0.0130033, 0.979702
0.0132533, 0.979316
0.0135034, 0.978931
0.0137534, 0.978545
0.0140035, 0.97816
0.0142536, 0.977774
0.0145036, 0.977389
0.0147537, 0.977004
0.0150038, 0.97662
0.0152538, 0.976235
0.0155039, 0.975851
0.0157539, 0.975467
0.016004, 0.975082
0.0162541, 0.974699
0.0165041, 0.974315
0.0167542, 0.973931
0.0170043, 0.973548
0.0172543, 0.973165
0.0175044, 0.972782
0.0177544, 0.972399
0.0180045, 0.972016
0.0182546, 0.971633
0.0185046, 0.971251
0.0187547, 0.970869
0.0190048, 0.970487
0.0192548, 0.970105
0.0195049, 0.969723
0.0197549, 0.969341
0.020005, 0.96896
0.0202551, 0.968579
0.0205051, 0.968197
0.0207552, 0.967817
0.0210053, 0.967436
0.0212553, 0.967055
0.0215054, 0.966675
0.0217554, 0.966294
0.0220055, 0.965914
0.0222556, 0.965534
0.0225056, 0.965155
0.0227557, 0.964775
0.0230058, 0.964396
0.0232558, 0.964016
0.0235059, 0.963637
0.0237559, 0.963258
0.024006, 0.962879
0.0242561, 0.962501
0.0245061, 0.962122
0.0247562, 0.961744
0.0250063, 0.961366
0.0252563, 0.960988
0.0255064, 0.96061
0.0257564, 0.960232
0.0260065, 0.959855
0.0262566, 0.959478
0.0265066, 0.9591
0.0267567, 0.958723
0.0270068, 0.958347
0.0272568, 0.95797
0.0275069, 0.957593
0.0277569, 0.957217
0.028007, 0.956841
0.0282571, 0.956465
0.0285071, 0.956089
0.0287572, 0.955713
0.0290073, 0.955338
0.0292573, 0.954962
0.0295074, 0.954587
0.0297574, 0.954212
0.0300075, 0.953837
0.0302576, 0.953463
0.0305076, 0.953088
0.0307577, 0.952714
0.0310078, 0.952339
0.0312578, 0.951965
0.0315079, 0.951591
0.0317579, 0.951218
0.032008, 0.950844
0.0322581, 0.950471
0.0325081, 0.950097
0.0327582, 0.949724
0.0330083, 0.949351
0.0332583, 0.948979
0.0335084, 0.948606
0.0337584, 0.948233
0.0340085, 0.947861
0.0342586, 0.947489
0.0345086, 0.947117
0.0347587, 0.946745
0.0350088, 0.946374
0.0352588, 0.946002
0.0355089, 0.945631
0.0357589, 0.94526
0.036009, 0.944889
0.0362591, 0.944518
0.0365091, 0.944147
0.0367592, 0.943777
0.0370093, 0.943406
0.0372593, 0.943036
0.0375094, 0.942666
0.0377594, 0.942296
0.0380095, 0.941926
0.0382596, 0.941557
0.0385096, 0.941187
0.0387597, 0.940818
0.0390098, 0.940449
0.0392598, 0.94008
0.0395099, 0.939711
0.0397599, 0.939343
0.04001, 0.938974
0.0402601, 0.938606
0.0405101, 0.938238
0.0407602, 0.93787
0.0410103, 0.937502
0.0412603, 0.937135
0.0415104, 0.936767
0.0417604, 0.9364
0.0420105, 0.936033
0.0422606, 0.935666
0.0425106, 0.935299
0.0427607, 0.934932
0.0430108, 0.934566
0.0432608, 0.934199
0.0435109, 0.933833
0.0437609, 0.933467
0.044011, 0.933101
0.0442611, 0.932735
0.0445111, 0.93237
0.0447612, 0.932004
0.0450113, 0.931639
0.0452613, 0.931274
0.0455114, 0.930909
0.0457614, 0.930544
0.0460115, 0.93018
0.0462616, 0.929815
0.0465116, 0.929451
0.0467617, 0.929087
0.0470118, 0.928723
0.0472618, 0.928359
0.0475119, 0.927995
0.0477619, 0.927632
0.048012, 0.927269
0.0482621, 0.926905
0.0485121, 0.926542
0.0487622, 0.926179
0.0490123, 0.925817
0.0492623, 0.925454
0.0495124, 0.925092
0.0497624, 0.92473
0.0500125, 0.924367
0.0502626, 0.924006
0.0505126, 0.923644
0.0507627, 0.923282
0.0510128, 0.922921
0.0512628, 0.922559
0.0515129, 0.922198
0.0517629, 0.921837
0.052013, 0.921476
0.0522631, 0.921116
0.0525131, 0.920755
0.0527632, 0.920395
0.0530133, 0.920035
0.0532633, 0.919675
0.0535134, 0.919315
0.0537634, 0.918955
0.0540135, 0.918596
0.0542636, 0.918236
0.0545136, 0.917877
0.0547637, 0.917518
0.0550138, 0.917159
0.0552638, 0.9168
0.0555139, 0.916441
0.0557639, 0.916083
0.056014, 0.915725
0.0562641, 0.915366
0.0565141, 0.915008
0.0567642, 0.914651
0.0570143, 0.914293
0.0572643, 0.913935
0.0575144, 0.913578
0.0577644, 0.913221
0.0580145, 0.912864
0.0582646, 0.912507
0.0585146, 0.91215
0.0587647, 0.911793
0.0590148, 0.911437
0.0592648, 0.911081
0.0595149, 0.910724
0.0597649, 0.910369
0.060015, 0.910013
0.0602651, 0.909657
0.0605151, 0.909301
0.0607652, 0.908946
0.0610153, 0.908591
0.0612653, 0.908236
0.0615154, 0.907881
0.0617654, 0.907526
0.0620155, 0.907172
0.0622656, 0.906817
0.0625156, 0.906463
0.0627657, 0.906109
0.0630158, 0.905755
0.0632658, 0.905401
0.0635159, 0.905047
0.0637659, 0.904694
0.064016, 0.904341
0.0642661, 0.903987
0.0645161, 0.903634
0.0647662, 0.903281
0.0650163, 0.902929
0.0652663, 0.902576
0.0655164, 0.902224
0.0657664, 0.901871
0.0660165, 0.901519
0.0662666, 0.901167
0.0665166, 0.900816
0.0667667, 0.900464
0.0670168, 0.900112
0.0672668, 0.899761
0.0675169, 0.89941
0.0677669, 0.899059
0.068017, 0.898708
0.0682671, 0.898357
0.0685171, 0.898007
0.0687672, 0.897656
0.0690173, 0.897306
0.0692673, 0.896956
0.0695174, 0.896606
0.0697674, 0.896256
0.0700175, 0.895906
0.0702676, 0.895557
0.0705176, 0.895208
0.0707677, 0.894858
0.0710178, 0.894509
0.0712678, 0.89416
0.0715179, 0.893812
0.0717679, 0.893463
0.072018, 0.893115
0.0722681, 0.892766
0.0725181, 0.892418
0.0727682, 0.89207
0.0730183, 0.891723
0.0732683, 0.891375
0.0735184, 0.891027
0.0737684, 0.89068
0.0740185, 0.890333
0.0742686, 0.889986
0.0745186, 0.889639
0.0747687, 0.889292
0.0750188, 0.888945
0.0752688, 0.888599
0.0755189, 0.888253
0.0757689, 0.887907
0.076019, 0.887561
0.0762691, 0.887215
0.0765191, 0.886869
0.0767692, 0.886523
0.0770193, 0.886178
0.0772693, 0.885833
0.0775194, 0.885488
0.0777694, 0.885143
0.0780195, 0.884798
0.0782696, 0.884453
0.0785196, 0.884109
0.0787697, 0.883765
0.0790198, 0.88342
0.0792698, 0.883076
0.0795199, 0.882733
0.0797699, 0.882389
0.08002, 0.882045
0.0802701, 0.881702
0.0805201, 0.881359
0.0807702, 0.881015
0.0810203, 0.880673
0.0812703, 0.88033
0.0815204, 0.879987
0.0817704, 0.879645
0.0820205, 0.879302
0.0822706, 0.87896
0.0825206, 0.878618
0.0827707, 0.878276
0.0830208, 0.877934
0.0832708, 0.877593
0.0835209, 0.877251
0.0837709, 0.87691
0.084021, 0.876569
0.0842711, 0.876228
0.0845211, 0.875887
0.0847712, 0.875546
0.0850213, 0.875206
0.0852713, 0.874865
0.0855214, 0.874525
0.0857714, 0.874185
0.0860215, 0.873845
0.0862716, 0.873505
0.0865216, 0.873165
0.0867717, 0.872826
0.0870218, 0.872487
0.0872718, 0.872147
0.0875219, 0.871808
0.0877719, 0.871469
0.088022, 0.871131
0.0882721, 0.870792
0.0885221, 0.870453
0.0887722, 0.870115
0.0890223, 0.869777
0.0892723, 0.869439
0.0895224, 0.869101
0.0897724, 0.868763
0.0900225, 0.868426
0.0902726, 0.868088
0.0905226, 0.867751
0.0907727, 0.867414
0.0910228, 0.867077
0.0912728, 0.86674
0.0915229, 0.866404
0.0917729, 0.866067
0.092023, 0.865731
0.0922731, 0.865394
0.0925231, 0.865058
0.0927732, 0.864722
0.0930233, 0.864387
0.0932733, 0.864051
0.0935234, 0.863716
0.0937734, 0.86338
0.0940235, 0.863045
0.0942736, 0.86271
0.0945236, 0.862375
0.0947737, 0.86204
0.0950238, 0.861706
0.0952738, 0.861371
0.0955239, 0.861037
0.0957739, 0.860703
0.096024, 0.860369
0.0962741, 0.860035
0.0965241, 0.859701
0.0967742, 0.859368
0.0970243, 0.859034
0.0972743, 0.858701
0.0975244, 0.858368
0.0977744, 0.858035
0.0980245, 0.857702
0.0982746, 0.857369
0.0985246, 0.857037
0.0987747, 0.856705
0.0990248, 0.856372
0.0992748, 0.85604
0.0995249, 0.855708
0.0997749, 0.855377
0.100025, 0.855045
0.100275, 0.854713
0.100525, 0.854382
0.100775, 0.854051
0.101025, 0.85372
0.101275, 0.853389
0.101525, 0.853058
0.101775, 0.852727
0.102026, 0.852397
0.102276, 0.852067
0.102526, 0.851737
0.102776, 0.851406
0.103026, 0.851077
0.103276, 0.850747
0.103526, 0.850417
0.103776, 0.850088
0.104026, 0.849759
0.104276, 0.849429
0.104526, 0.8491
0.104776, 0.848772
0.105026, 0.848443
0.105276, 0.848114
0.105526, 0.847786
0.105776, 0.847458
0.106027, 0.847129
0.106277, 0.846801
0.106527, 0.846474
0.106777, 0.846146
0.107027, 0.845818
0.107277, 0.845491
0.107527, 0.845164
0.107777, 0.844837
0.108027, 0.84451
0.108277, 0.844183
0.108527, 0.843856
0.108777, 0.84353
0.109027, 0.843203
0.109277, 0.842877
0.109527, 0.842551
0.109777, 0.842225
0.110028, 0.841899
0.110278, 0.841573
0.110528, 0.841248
0.110778, 0.840923
0.111028, 0.840597
0.111278, 0.840272
0.111528, 0.839947
0.111778, 0.839623
0.112028, 0.839298
0.112278, 0.838973
0.112528, 0.838649
0.112778, 0.838325
0.113028, 0.838001
0.113278, 0.837677
0.113528, 0.837353
0.113778, 0.83703
0.114029, 0.836706
0.114279, 0.836383
0.114529, 0.83606
0.114779, 0.835736
0.115029, 0.835414
0.115279, 0.835091
0.115529, 0.834768
0.115779, 0.834446
0.116029, 0.834123
0.116279, 0.833801
0.116529, 0.833479
0.116779, 0.833157
0.117029, 0.832835
0.117279, 0.832514
0.117529, 0.832192
0.117779, 0.831871
0.11803, 0.83155
0.11828, 0.831229
0.11853, 0.830908
0.11878, 0.830587
0.11903, 0.830267
0.11928, 0.829946
0.11953, 0.829626
0.11978, 0.829306
0.12003, 0.828986
0.12028, 0.828666
0.12053, 0.828346
0.12078, 0.828026
0.12103, 0.827707
0.12128, 0.827388
0.12153, 0.827068
0.12178, 0.826749
0.122031, 0.826431
0.122281, 0.826112
0.122531, 0.825793
0.122781, 0.825475
0.123031, 0.825156
0.123281, 0.824838
0.123531, 0.82452
0.123781, 0.824202
0.124031, 0.823885
0.124281, 0.823567
0.124531, 0.82325
0.124781, 0.822932
0.125031, 0.822615
0.125281, 0.822298
0.125531, 0.821981
0.125781, 0.821664
0.126032, 0.821348
0.126282, 0.821031
0.126532, 0.820715
0.126782, 0.820399
0.127032, 0.820083
0.127282, 0.819767
0.127532, 0.819451
0.127782, 0.819135
0.128032, 0.81882
0.128282, 0.818505
0.128532, 0.818189
0.128782, 0.817874
0.129032, 0.81756
0.129282, 0.817245
0.129532, 0.81693
0.129782, 0.816616
0.130033, 0.816301
0.130283, 0.815987
0.130533, 0.815673
0.130783, 0.815359
0.131033, 0.815045
0.131283, 0.814732
0.131533, 0.814418
0.131783, 0.814105
0.132033, 0.813792
0.132283, 0.813479
0.132533, 0.813166
0.132783, 0.812853
0.133033, 0.81254
0.133283, 0.812228
0.133533, 0.811915
0.133783, 0.811603
0.134034, 0.811291
0.134284, 0.810979
0.134534, 0.810667
0.134784, 0.810356
0.135034, 0.810044
0.135284, 0.809733
0.135534, 0.809422
0.135784, 0.809111
0.136034, 0.8088
0.136284, 0.808489
0.136534, 0.808178
0.136784, 0.807868
0.137034, 0.807557
0.137284, 0.807247
0.137534, 0.806937
0.137784, 0.806627
0.138035, 0.806317
0.138285, 0.806007
0.138535, 0.805698
0.138785, 0.805388
0.139035, 0.805079
0.139285, 0.80477
0.139535, 0.804461
0.139785, 0.804152
0.140035, 0.803843
0.140285, 0.803535
0.140535, 0.803226
0.140785, 0.802918
0.141035, 0.80261
0.141285, 0.802302
0.141535, 0.801994
0.141785, 0.801686
0.142036, 0.801379
0.142286, 0.801071
0.142536, 0.800764
0.142786, 0.800457
0.143036, 0.80015
0.143286, 0.799843
0.143536, 0.799536
0.143786, 0.799229
0.144036, 0.798923
0.144286, 0.798617
0.144536, 0.79831
0.144786, 0.798004
0.145036, 0.797698
0.145286, 0.797393
0.145536, 0.797087
0.145786, 0.796781
0.146037, 0.796476
0.146287, 0.796171
0.146537, 0.795866
0.146787, 0.795561
0.147037, 0.795256
0.147287, 0.794951
0.147537, 0.794647
0.147787, 0.794342
0.148037, 0.794038
0.148287, 0.793734
0.148537, 0.79343
0.148787, 0.793126
0.149037, 0.792822
0.149287, 0.792519
0.149537, 0.792215
0.149787, 0.791912
0.150038, 0.791609
0.150288, 0.791306
0.150538, 0.791003
0.150788, 0.7907
0.151038, 0.790398
0.151288, 0.790095
0.151538, 0.789793
0.151788, 0.789491
0.152038, 0.789189
0.152288, 0.788887
0.152538, 0.788585
0.152788, 0.788283
0.153038, 0.787982
0.153288, 0.78768
0.153538, 0.787379
0.153788, 0.787078
0.154039, 0.786777
0.154289, 0.786476
0.154539, 0.786176
0.154789, 0.785875
0.155039, 0.785575
0.155289, 0.785274
0.155539, 0.784974
0.155789, 0.784674
0.156039, 0.784374
0.156289, 0.784075
0.156539, 0.783775
0.156789, 0.783476
0.157039, 0.783176
0.157289, 0.782877
0.157539, 0.782578
0.157789, 0.782279
0.15804, 0.781981
0.15829, 0.781682
0.15854, 0.781383
0.15879, 0.781085
0.15904, 0.780787
0.15929, 0.780489
0.15954, 0.780191
0.15979, 0.779893
0.16004, 0.779595
0.16029, 0.779298
0.16054, 0.779
0.16079, 0.778703
0.16104, 0.778406
0.16129, 0.778109
0.16154, 0.777812
0.16179, 0.777515
0.162041, 0.777219
0.162291, 0.776922
0.162541, 0.776626
0.162791, 0.77633
0.163041, 0.776034
0.163291, 0.775738
0.163541, 0.775442
0.163791, 0.775147
0.164041, 0.774851
0.164291, 0.774556
0.164541, 0.774261
0.164791, 0.773965
0.165041, 0.77367
0.165291, 0.773376
0.165541, 0.773081
0.165791, 0.772786
0.166042, 0.772492
0.166292, 0.772198
0.166542, 0.771904
0.166792, 0.77161
0.167042, 0.771316
0.167292, 0.771022
0.167542, 0.770728
0.167792, 0.770435
0.168042, 0.770142
0.168292, 0.769848
0.168542, 0.769555
0.168792, 0.769262
0.169042, 0.76897
0.169292, 0.768677
0.169542, 0.768385
0.169792, 0.768092
0.170043, 0.7678
0.170293, 0.767508
0.170543, 0.767216
0.170793, 0.766924
0.171043, 0.766632
0.171293, 0.766341
0.171543, 0.766049
0.171793, 0.765758
0.172043, 0.765467
0.172293, 0.765176
0.172543, 0.764885
0.172793, 0.764594
0.173043, 0.764303
0.173293, 0.764013
0.173543, 0.763723
0.173793, 0.763432
0.174044, 0.763142
0.174294, 0.762852
0.174544, 0.762562
0.174794, 0.762273
0.175044, 0.761983
0.175294, 0.761694
0.175544, 0.761404
0.175794, 0.761115
0.176044, 0.760826
0.176294, 0.760537
0.176544, 0.760249
0.176794, 0.75996
0.177044, 0.759672
0.177294, 0.759383
0.177544, 0.759095
0.177794, 0.758807
0.178045, 0.758519
0.178295, 0.758231
0.178545, 0.757943
0.178795, 0.757656
0.179045, 0.757368
0.179295, 0.757081
0.179545, 0.756794
0.179795, 0.756507
0.180045, 0.75622
0.180295, 0.755933
0.180545, 0.755647
0.180795, 0.75536
0.181045, 0.755074
0.181295, 0.754788
0.181545, 0.754502
0.181795, 0.754216
0.182046, 0.75393
0.182296, 0.753644
0.182546, 0.753358
0.182796, 0.753073
0.183046, 0.752788
0.183296, 0.752503
0.183546, 0.752218
0.183796, 0.751933
0.184046, 0.751648
0.184296, 0.751363
0.184546, 0.751079
0.184796, 0.750794
0.185046, 0.75051
0.185296, 0.750226
0.185546, 0.749942
0.185796, 0.749658
0.186047, 0.749375
0.186297, 0.749091
0.186547, 0.748808
0.186797, 0.748524
0.187047, 0.748241
0.187297, 0.747958
0.187547, 0.747675
0.187797, 0.747392
0.188047, 0.74711
0.188297, 0.746827
0.188547, 0.746545
0.188797, 0.746263
0.189047, 0.74598
0.189297, 0.745699
0.189547, 0.745417
0.189797, 0.745135
0.190048, 0.744853
0.190298, 0.744572
0.190548, 0.744291
0.190798, 0.744009
0.191048, 0.743728
0.191298, 0.743447
0.191548, 0.743167
0.191798, 0.742886
0.192048, 0.742605
0.192298, 0.742325
0.192548, 0.742045
0.192798, 0.741765
0.193048, 0.741485
0.193298, 0.741205
0.193548, 0.740925
0.193798, 0.740645
0.194049, 0.740366
0.194299, 0.740086
0.194549, 0.739807
0.194799, 0.739528
0.195049, 0.739249
0.195299, 0.73897
0.195549, 0.738692
0.195799, 0.738413
0.196049, 0.738135
0.196299, 0.737856
0.196549, 0.737578
0.196799, 0.7373
0.197049, 0.737022
0.197299, 0.736744
0.197549, 0.736467
0.197799, 0.736189
0.19805, 0.735912
0.1983, 0.735635
0.19855, 0.735357
0.1988, 0.73508
0.19905, 0.734804
0.1993, 0.734527
0.19955, 0.73425
0.1998, 0.733974
0.20005, 0.733697
0.2003, 0.733421
0.20055, 0.733145
0.2008, 0.732869
0.20105, 0.732593
0.2013, 0.732318
0.20155, 0.732042
0.2018, 0.731767
0.202051, 0.731491
0.202301, 0.731216
0.202551, 0.730941
0.202801, 0.730666
0.203051, 0.730391
0.203301, 0.730117
0.203551, 0.729842
0.203801, 0.729568
0.204051, 0.729293
0.204301, 0.729019
0.204551, 0.728745
0.204801, 0.728471
0.205051, 0.728198
0.205301, 0.727924
0.205551, 0.727651
0.205801, 0.727377
0.206052, 0.727104
0.206302, 0.726831
0.206552, 0.726558
0.206802, 0.726285
0.207052, 0.726012
0.207302, 0.72574
0.207552, 0.725467
0.207802, 0.725195
0.208052, 0.724923
0.208302, 0.724651
0.208552, 0.724379
0.208802, 0.724107
0.209052, 0.723835
0.209302, 0.723564
0.209552, 0.723292
0.209802, 0.723021
0.210053, 0.72275
0.210303, 0.722479
0.210553, 0.722208
0.210803, 0.721937
0.211053, 0.721666
0.211303, 0.721396
0.211553, 0.721125
0.211803, 0.720855
0.212053, 0.720585
0.212303, 0.720315
0.212553, 0.720045
0.212803, 0.719775
0.213053, 0.719506
0.213303, 0.719236
0.213553, 0.718967
0.213803, 0.718698
0.214054, 0.718429
0.214304, 0.71816
0.214554, 0.717891
0.214804, 0.717622
0.215054, 0.717353
0.215304, 0.717085
0.215554, 0.716817
0.215804, 0.716548
0.216054, 0.71628
0.216304, 0.716012
0.216554, 0.715745
0.216804, 0.715477
0.217054, 0.715209
0.217304, 0.714942
0.217554, 0.714674
0.217804, 0.714407
0.218055, 0.71414
0.218305, 0.713873
0.218555, 0.713606
0.218805, 0.71334
0.219055, 0.713073
0.219305, 0.712807
0.219555, 0.712541
0.219805, 0.712274
0.220055, 0.712008
0.220305, 0.711742
0.220555, 0.711477
0.220805, 0.711211
0.221055, 0.710945
0.221305, 0.71068
0.221555, 0.710415
0.221805, 0.71015
0.222056, 0.709885
0.222306, 0.70962
0.222556, 0.709355
0.222806, 0.70909
0.223056, 0.708826
0.223306, 0.708561
0.223556, 0.708297
0.223806, 0.708033
0.224056, 0.707769
0.224306, 0.707505
0.224556, 0.707241
0.224806, 0.706978
0.225056, 0.706714
0.225306, 0.706451
0.225556, 0.706188
0.225806, 0.705924
0.226057, 0.705661
0.226307, 0.705399
0.226557, 0.705136
0.226807, 0.704873
0.227057, 0.704611
0.227307, 0.704348
0.227557, 0.704086
0.227807, 0.703824
0.228057, 0.703562
0.228307, 0.7033
0.228557, 0.703038
0.228807, 0.702777
0.229057, 0.702515
0.229307, 0.702254
0.229557, 0.701993
0.229807, 0.701732
0.230058, 0.701471
0.230308, 0.70121
0.230558, 0.700949
0.230808, 0.700689
0.231058, 0.700428
0.231308, 0.700168
0.231558, 0.699908
0.231808, 0.699648
0.232058, 0.699388
0.232308, 0.699128
0.232558, 0.698868
0.232808, 0.698608
0.233058, 0.698349
0.233308, 0.69809
0.233558, 0.69783
0.233808, 0.697571
0.234059, 0.697312
0.234309, 0.697054
0.234559, 0.696795
0.234809, 0.696536
0.235059, 0.696278
0.235309, 0.696019
0.235559, 0.695761
0.235809, 0.695503
0.236059, 0.695245
0.236309, 0.694987
0.236559, 0.69473
0.236809, 0.694472
0.237059, 0.694215
0.237309, 0.693957
0.237559, 0.6937
0.237809, 0.693443
0.23806, 0.693186
0.23831, 0.692929
0.23856, 0.692673
0.23881, 0.692416
0.23906, 0.69216
0.23931, 0.691903
0.23956, 0.691647
0.23981, 0.691391
0.24006, 0.691135
0.24031, 0.690879
0.24056, 0.690623
0.24081, 0.690368
0.24106, 0.690112
0.24131, 0.689857
0.24156, 0.689602
0.24181, 0.689347
0.242061, 0.689092
0.242311, 0.688837
0.242561, 0.688582
0.242811, 0.688328
0.243061, 0.688073
0.243311, 0.687819
0.243561, 0.687565
0.243811, 0.687311
0.244061, 0.687057
0.244311, 0.686803
0.244561, 0.686549
0.244811, 0.686296
0.245061, 0.686042
0.245311, 0.685789
0.245561, 0.685536
0.245811, 0.685282
0.246062, 0.68503
0.246312, 0.684777
0.246562, 0.684524
0.246812, 0.684271
0.247062, 0.684019
0.247312, 0.683767
0.247562, 0.683514
0.247812, 0.683262
0.248062, 0.68301
0.248312, 0.682758
0.248562, 0.682507
0.248812, 0.682255
0.249062, 0.682004
0.249312, 0.681752
0.249562, 0.681501
0.249812, 0.68125
0.250063, 0.680999
0.250313, 0.680748
0.250563, 0.680497
0.250813, 0.680247
0.251063, 0.679996
0.251313, 0.679746
0.251563, 0.679496
0.251813, 0.679245
0.252063, 0.678995
0.252313, 0.678746
0.252563, 0.678496
0.252813, 0.678246
0.253063, 0.677997
0.253313, 0.677747
0.253563, 0.677498
0.253813, 0.677249
0.254064, 0.677
0.254314, 0.676751
0.254564, 0.676502
0.254814, 0.676254
0.255064, 0.676005
0.255314, 0.675757
0.255564, 0.675508
0.255814, 0.67526
0.256064, 0.675012
0.256314, 0.674764
0.256564, 0.674517
0.256814, 0.674269
0.257064, 0.674021
0.257314, 0.673774
0.257564, 0.673527
0.257814, 0.67328
0.258065, 0.673032
0.258315, 0.672786
0.258565, 0.672539
0.258815, 0.672292
0.259065, 0.672046
0.259315, 0.671799
0.259565, 0.671553
0.259815, 0.671307
0.260065, 0.671061
0.260315, 0.670815
0.260565, 0.670569
0.260815, 0.670323
0.261065, 0.670077
0.261315, 0.669832
0.261565, 0.669587
0.261815, 0.669341
0.262066, 0.669096
0.262316, 0.668851
0.262566, 0.668607
0.262816, 0.668362
0.263066, 0.668117
0.263316, 0.667873
0.263566, 0.667628
0.263816, 0.667384
0.264066, 0.66714
0.264316, 0.666896
0.264566, 0.666652
0.264816, 0.666408
0.265066, 0.666165
0.265316, 0.665921
0.265566, 0.665678
0.265816, 0.665435
0.266067, 0.665192
0.266317, 0.664949
0.266567, 0.664706
0.266817, 0.664463
0.267067, 0.66422
0.267317, 0.663978
0.267567, 0.663735
0.267817, 0.663493
0.268067, 0.663251
0.268317, 0.663009
0.268567, 0.662767
0.268817, 0.662525
0.269067, 0.662283
0.269317, 0.662042
0.269567, 0.6618
0.269817, 0.661559
0.270068, 0.661318
0.270318, 0.661077
0.270568, 0.660836
0.270818, 0.660595
0.271068, 0.660354
0.271318, 0.660114
0.271568, 0.659873
0.271818, 0.659633
0.272068, 0.659393
0.272318, 0.659153
0.272568, 0.658913
0.272818, 0.658673
0.273068, 0.658433
0.273318, 0.658193
0.273568, 0.657954
0.273818, 0.657714
0.274069, 0.657475
0.274319, 0.657236
0.274569, 0.656997
0.274819, 0.656758
0.275069, 0.656519
0.275319, 0.656281
0.275569, 0.656042
0.275819, 0.655804
0.276069, 0.655565
0.276319, 0.655327
0.276569, 0.655089
0.276819, 0.654851
0.277069, 0.654613
0.277319, 0.654376
0.277569, 0.654138
0.277819, 0.653901
0.27807, 0.653663
0.27832, 0.653426
0.27857, 0.653189
0.27882, 0.652952
0.27907, 0.652715
0.27932, 0.652479
0.27957, 0.652242
0.27982, 0.652005
0.28007, 0.651769
0.28032, 0.651533
0.28057, 0.651297
0.28082, 0.651061
0.28107, 0.650825
0.28132, 0.650589
0.28157, 0.650353
0.28182, 0.650118
0.282071, 0.649882
0.282321, 0.649647
0.282571, 0.649412
0.282821, 0.649177
0.283071, 0.648942
0.283321, 0.648707
0.283571, 0.648472
0.283821, 0.648238
0.284071, 0.648003
0.284321, 0.647769
0.284571, 0.647535
0.284821, 0.647301
0.285071, 0.647067
0.285321, 0.646833
0.285571, 0.646599
0.285821, 0.646366
0.286072, 0.646132
0.286322, 0.645899
0.286572, 0.645665
0.286822, 0.645432
0.287072, 0.645199
0.287322, 0.644966
0.287572, 0.644734
0.287822, 0.644501
0.288072, 0.644268
0.288322, 0.644036
0.288572, 0.643804
0.288822, 0.643571
0.289072, 0.643339
0.289322, 0.643107
0.289572, 0.642876
0.289822, 0.642644
0.290073, 0.642412
0.290323, 0.642181
0.290573, 0.641949
0.290823, 0.641718
0.291073, 0.641487
0.291323, 0.641256
0.291573, 0.641025
0.291823, 0.640794
0.292073, 0.640564
0.292323, 0.640333
0.292573, 0.640103
0.292823, 0.639873
0.293073, 0.639642
0.293323, 0.639412
0.293573, 0.639182
0.293823, 0.638953
0.294074, 0.638723
0.294324, 0.638493
0.294574, 0.638264
0.294824, 0.638035
0.295074, 0.637805
0.295324, 0.637576
0.295574, 0.637347
0.295824, 0.637118
0.296074, 0.63689
0.296324, 0.636661
0.296574, 0.636432
0.296824, 0.636204
0.297074, 0.635976
0.297324, 0.635748
0.297574, 0.63552
0.297824, 0.635292
0.298075, 0.635064
0.298325, 0.634836
0.298575, 0.634609
0.298825, 0.634381
0.299075, 0.634154
0.299325, 0.633927
0.299575, 0.633699
0.299825, 0.633472
0.300075, 0.633246
0.300325, 0.633019
0.300575, 0.632792
0.300825, 0.632566
0.301075, 0.632339
0.301325, 0.632113
0.301575, 0.631887
0.301825, 0.631661
0.302076, 0.631435
0.302326, 0.631209
0.302576, 0.630983
0.302826, 0.630758
0.303076, 0.630532
0.303326, 0.630307
0.303576, 0.630082
0.303826, 0.629857
0.304076, 0.629632
0.304326, 0.629407
0.304576, 0.629182
0.304826, 0.628958
0.305076, 0.628733
0.305326, 0.628509
0.305576, 0.628284
0.305826, 0.62806
0.306077, 0.627836
0.306327, 0.627612
0.306577, 0.627389
0.306827, 0.627165
0.307077, 0.626941
0.307327, 0.626718
0.307577, 0.626494
0.307827, 0.626271
0.308077, 0.626048
0.308327, 0.625825
0.308577, 0.625602
0.308827, 0.62538
0.309077, 0.625157
0.309327, 0.624934
0.309577, 0.624712
0.309827, 0.62449
0.310078, 0.624267
0.310328, 0.624045
0.310578, 0.623824
0.310828, 0.623602
0.311078, 0.62338
0.311328, 0.623158
0.311578, 0.622937
0.311828, 0.622716
0.312078, 0.622494
0.312328, 0.622273
0.312578, 0.622052
0.312828, 0.621831
0.313078, 0.621611
0.313328, 0.62139
0.313578, 0.621169
0.313828, 0.620949
0.314079, 0.620729
0.314329, 0.620508
0.314579, 0.620288
0.314829, 0.620068
0.315079, 0.619849
0.315329, 0.619629
0.315579, 0.619409
0.315829, 0.61919
0.316079, 0.61897
0.316329, 0.618751
0.316579, 0.618532
0.316829, 0.618313
0.317079, 0.618094
0.317329, 0.617875
0.317579, 0.617657
0.317829, 0.617438
0.31808, 0.61722
0.31833, 0.617001
0.31858, 0.616783
0.31883, 0.616565
0.31908, 0.616347
0.31933, 0.616129
0.31958, 0.615911
0.31983, 0.615694
0.32008, 0.615476
0.32033, 0.615259
0.32058, 0.615041
0.32083, 0.614824
0.32108, 0.614607
0.32133, 0.61439
0.32158, 0.614173
0.32183, 0.613957
0.322081, 0.61374
0.322331, 0.613524
0.322581, 0.613307
0.322831, 0.613091
0.323081, 0.612875
0.323331, 0.612659
0.323581, 0.612443
0.323831, 0.612227
0.324081, 0.612012
0.324331, 0.611796
0.324581, 0.611581
0.324831, 0.611365
0.325081, 0.61115
0.325331, 0.610935
0.325581, 0.61072
0.325831, 0.610505
0.326082, 0.61029
0.326332, 0.610076
0.326582, 0.609861
0.326832, 0.609647
0.327082, 0.609432
0.327332, 0.609218
0.327582, 0.609004
0.327832, 0.60879
0.328082, 0.608576
0.328332, 0.608363
0.328582, 0.608149
0.328832, 0.607936
0.329082, 0.607722
0.329332, 0.607509
0.329582, 0.607296
0.329832, 0.607083
0.330083, 0.60687
0.330333, 0.606657
0.330583, 0.606444
0.330833, 0.606232
0.331083, 0.606019
0.331333, 0.605807
0.331583, 0.605595
0.331833, 0.605383
0.332083, 0.605171
0.332333, 0.604959
0.332583, 0.604747
0.332833, 0.604535
0.333083, 0.604324
0.333333, 0.604113
0.333583, 0.603901
0.333833, 0.60369
0.334084, 0.603479
0.334334, 0.603268
0.334584, 0.603057
0.334834, 0.602846
0.335084, 0.602636
0.335334, 0.602425
0.335584, 0.602215
0.335834, 0.602005
0.336084, 0.601794
0.336334, 0.601584
0.336584, 0.601374
0.336834, 0.601165
0.337084, 0.600955
0.337334, 0.600745
0.337584, 0.600536
0.337834, 0.600326
0.338085, 0.600117
0.338335, 0.599908
0.338585, 0.599699
0.338835, 0.59949
0.339085, 0.599281
0.339335, 0.599073
0.339585, 0.598864
0.339835, 0.598656
0.340085, 0.598447
0.340335, 0.598239
0.340585, 0.598031
0.340835, 0.597823
0.341085, 0.597615
0.341335, 0.597407
0.341585, 0.5972
0.341835, 0.596992
0.342086, 0.596785
0.342336, 0.596577
0.342586, 0.59637
0.342836, 0.596163
0.343086, 0.595956
0.343336, 0.595749
0.343586, 0.595542
0.343836, 0.595336
0.344086, 0.595129
0.344336, 0.594923
0.344586, 0.594717
0.344836, 0.59451
0.345086, 0.594304
0.345336, 0.594098
0.345586, 0.593893
0.345836, 0.593687
0.346087, 0.593481
0.346337, 0.593276
0.346587, 0.59307
0.346837, 0.592865
0.347087, 0.59266
0.347337, 0.592455
0.347587, 0.59225
0.347837, 0.592045
0.348087, 0.59184
0.348337, 0.591636
0.348587, 0.591431
0.348837, 0.591227
0.349087, 0.591023
0.349337, 0.590818
0.349587, 0.590614
0.349837, 0.59041
0.350088, 0.590207
0.350338, 0.590003
0.350588, 0.589799
0.350838, 0.589596
0.351088, 0.589393
0.351338, 0.589189
0.351588, 0.588986
0.351838, 0.588783
0.352088, 0.58858
0.352338, 0.588377
0.352588, 0.588175
0.352838, 0.587972
0.353088, 0.58777
0.353338, 0.587567
0.353588, 0.587365
0.353838, 0.587163
0.354089, 0.586961
0.354339, 0.586759
0.354589, 0.586557
0.354839, 0.586356
0.355089, 0.586154
0.355339, 0.585953
0.355589, 0.585751
0.355839, 0.58555
0.356089, 0.585349
0.356339, 0.585148
0.356589, 0.584947
0.356839, 0.584746
0.357089, 0.584546
0.357339, 0.584345
0.357589, 0.584145
0.357839, 0.583944
0.35809, 0.583744
0.35834, 0.583544
0.35859, 0.583344
0.35884, 0.583144
0.35909, 0.582944
0.35934, 0.582745
0.35959, 0.582545
0.35984, 0.582346
0.36009, 0.582147
0.36034, 0.581947
0.36059, 0.581748
0.36084, 0.581549
0.36109, 0.58135
0.36134, 0.581152
0.36159, 0.580953
0.36184, 0.580755
0.362091, 0.580556
0.362341, 0.580358
0.362591, 0.58016
0.362841, 0.579961
0.363091, 0.579764
0.363341, 0.579566
0.363591, 0.579368
0.363841, 0.57917
0.364091, 0.578973
0.364341, 0.578775
0.364591, 0.578578
0.364841, 0.578381
0.365091, 0.578184
0.365341, 0.577987
0.365591, 0.57779
0.365841, 0.577593
0.366092, 0.577397
0.366342, 0.5772
0.366592, 0.577004
0.366842, 0.576807
0.367092, 0.576611
0.367342, 0.576415
0.367592, 0.576219
0.367842, 0.576023
0.368092, 0.575827
0.368342, 0.575632
0.368592, 0.575436
0.368842, 0.575241
0.369092, 0.575046
0.369342, 0.57485
0.369592, 0.574655
0.369842, 0.57446
0.370093, 0.574266
0.370343, 0.574071
0.370593, 0.573876
0.370843, 0.573682
0.371093, 0.573487
0.371343, 0.573293
0.371593, 0.573099
0.371843, 0.572905
0.372093, 0.572711
0.372343, 0.572517
0.372593, 0.572323
0.372843, 0.572129
0.373093, 0.571936
0.373343, 0.571743
0.373593, 0.571549
0.373843, 0.571356
0.374094, 0.571163
0.374344, 0.57097
0.374594, 0.570777
0.374844, 0.570584
0.375094, 0.570392
0.375344, 0.570199
0.375594, 0.570007
0.375844, 0.569815
0.376094, 0.569622
0.376344, 0.56943
0.376594, 0.569238
0.376844, 0.569046
0.377094, 0.568855
0.377344, 0.568663
0.377594, 0.568471
0.377844, 0.56828
0.378095, 0.568089
0.378345, 0.567898
0.378595, 0.567706
0.378845, 0.567515
0.379095, 0.567325
0.379345, 0.567134
0.379595, 0.566943
0.379845, 0.566753
0.380095, 0.566562
0.380345, 0.566372
0.380595, 0.566182
0.380845, 0.565992
0.381095, 0.565802
0.381345, 0.565612
0.381595, 0.565422
0.381845, 0.565232
0.382096, 0.565043
0.382346, 0.564853
0.382596, 0.564664
0.382846, 0.564475
0.383096, 0.564286
0.383346, 0.564097
0.383596, 0.563908
0.383846, 0.563719
0.384096, 0.56353
0.384346, 0.563342
0.384596, 0.563153
0.384846, 0.562965
0.385096, 0.562777
0.385346, 0.562589
0.385596, 0.562401
0.385846, 0.562213
0.386097, 0.562025
0.386347, 0.561837
0.386597, 0.56165
0.386847, 0.561462
0.387097, 0.561275
0.387347, 0.561088
0.387597, 0.5609
0.387847, 0.560713
0.388097, 0.560527
0.388347, 0.56034
0.388597, 0.560153
0.388847, 0.559966
0.389097, 0.55978
0.389347, 0.559594
0.389597, 0.559407
0.389847, 0.559221
0.390098, 0.559035
0.390348, 0.558849
0.390598, 0.558663
0.390848, 0.558478
0.391098, 0.558292
0.391348, 0.558107
0.391598, 0.557921
0.391848, 0.557736
0.392098, 0.557551
0.392348, 0.557366
0.392598, 0.557181
0.392848, 0.556996
0.393098, 0.556811
0.393348, 0.556627
0.393598, 0.556442
0.393848, 0.556258
0.394099, 0.556073
0.394349, 0.555889
0.394599, 0.555705
0.394849, 0.555521
0.395099, 0.555337
0.395349, 0.555154
0.395599, 0.55497
0.395849, 0.554786
0.396099, 0.554603
0.396349, 0.55442
0.396599, 0.554237
0.396849, 0.554053
0.397099, 0.55387
0.397349, 0.553688
0.397599, 0.553505
0.397849, 0.553322
0.3981, 0.55314
0.39835, 0.552957
0.3986, 0.552775
0.39885, 0.552593
0.3991, 0.552411
0.39935, 0.552229
0.3996, 0.552047
0.39985, 0.551865
0.4001, 0.551683
0.40035, 0.551502
0.4006, 0.55132
0.40085, 0.551139
0.4011, 0.550958
0.40135, 0.550776
0.4016, 0.550595
0.40185, 0.550414
0.402101, 0.550234
0.402351, 0.550053
0.402601, 0.549872
0.402851, 0.549692
0.403101, 0.549511
0.403351, 0.549331
0.403601, 0.549151
0.403851, 0.548971
0.404101, 0.548791
0.404351, 0.548611
0.404601, 0.548431
0.404851, 0.548252
0.405101, 0.548072
0.405351, 0.547893
0.405601, 0.547714
0.405851, 0.547534
0.406102, 0.547355
0.406352, 0.547176
0.406602, 0.546998
0.406852, 0.546819
0.407102, 0.54664
0.407352, 0.546462
0.407602, 0.546283
0.407852, 0.546105
0.408102, 0.545927
0.408352, 0.545749
0.408602, 0.545571
0.408852, 0.545393
0.409102, 0.545215
0.409352, 0.545037
0.409602, 0.54486
0.409852, 0.544682
0.410103, 0.544505
0.410353, 0.544328
0.410603, 0.54415
0.410853, 0.543973
0.411103, 0.543797
0.411353, 0.54362
0.411603, 0.543443
0.411853, 0.543266
0.412103, 0.54309
0.412353, 0.542914
0.412603, 0.542737
0.412853, 0.542561
0.413103, 0.542385
0.413353, 0.542209
0.413603, 0.542033
0.413853, 0.541857
0.414104, 0.541682
0.414354, 0.541506
0.414604, 0.541331
0.414854, 0.541156
0.415104, 0.54098
0.415354, 0.540805
0.415604, 0.54063
0.415854, 0.540455
0.416104, 0.540281
0.416354, 0.540106
0.416604, 0.539931
0.416854, 0.539757
0.417104, 0.539583
0.417354, 0.539408
0.417604, 0.539234
0.417854, 0.53906
0.418105, 0.538886
0.418355, 0.538713
0.418605, 0.538539
0.418855, 0.538365
0.419105, 0.538192
0.419355, 0.538018
0.419605, 0.537845
0.419855, 0.537672
0.420105, 0.537499
0.420355, 0.537326
0.420605, 0.537153
0.420855, 0.53698
0.421105, 0.536808
0.421355, 0.536635
0.421605, 0.536463
0.421855, 0.536291
0.422106, 0.536118
0.422356, 0.535946
0.422606, 0.535774
0.422856, 0.535602
0.423106, 0.535431
0.423356, 0.535259
0.423606, 0.535087
0.423856, 0.534916
0.424106, 0.534745
0.424356, 0.534573
0.424606, 0.534402
0.424856, 0.534231
0.425106, 0.53406
0.425356, 0.53389
0.425606, 0.533719
0.425856, 0.533548
0.426107, 0.533378
0.426357, 0.533207
0.426607, 0.533037
0.426857, 0.532867
0.427107, 0.532697
0.427357, 0.532527
0.427607, 0.532357
0.427857, 0.532187
0.428107, 0.532018
0.428357, 0.531848
0.428607, 0.531679
0.428857, 0.531509
0.429107, 0.53134
0.429357, 0.531171
0.429607, 0.531002
0.429857, 0.530833
0.430108, 0.530664
0.430358, 0.530496
0.430608, 0.530327
0.430858, 0.530159
0.431108, 0.52999
0.431358, 0.529822
0.431608, 0.529654
0.431858, 0.529486
0.432108, 0.529318
0.432358, 0.52915
0.432608, 0.528982
0.432858, 0.528815
0.433108, 0.528647
0.433358, 0.52848
0.433608, 0.528313
0.433858, 0.528145
0.434109, 0.527978
0.434359, 0.527811
0.434609, 0.527644
0.434859, 0.527478
0.435109, 0.527311
0.435359, 0.527144
0.435609, 0.526978
0.435859, 0.526812
0.436109, 0.526645
0.436359, 0.526479
0.436609, 0.526313
0.436859, 0.526147
0.437109, 0.525981
0.437359, 0.525816
0.437609, 0.52565
0.437859, 0.525485
0.43811, 0.525319
0.43836, 0.525154
0.43861, 0.524989
0.43886, 0.524824
0.43911, 0.524659
0.43936, 0.524494
0.43961, 0.524329
0.43986, 0.524164
0.44011, 0.524
0.44036, 0.523835
0.44061, 0.523671
0.44086, 0.523507
0.44111, 0.523343
0.44136, 0.523179
0.44161, 0.523015
0.44186, 0.522851
0.442111, 0.522687
0.442361, 0.522524
0.442611, 0.52236
0.442861, 0.522197
0.443111, 0.522034
0.443361, 0.52187
0.443611, 0.521707
0.443861, 0.521544
0.444111, 0.521381
0.444361, 0.521219
0.444611, 0.521056
0.444861, 0.520893
0.445111, 0.520731
0.445361, 0.520569
0.445611, 0.520406
0.445861, 0.520244
0.446112, 0.520082
0.446362, 0.51992
0.446612, 0.519759
0.446862, 0.519597
0.447112, 0.519435
0.447362, 0.519274
0.447612, 0.519112
0.447862, 0.518951
0.448112, 0.51879
0.448362, 0.518629
0.448612, 0.518468
0.448862, 0.518307
0.449112, 0.518146
0.449362, 0.517986
0.449612, 0.517825
0.449862, 0.517665
0.450113, 0.517504
0.450363, 0.517344
0.450613, 0.517184
0.450863, 0.517024
0.451113, 0.516864
0.451363, 0.516704
0.451613, 0.516544
0.451863, 0.516385
0.452113, 0.516225
0.452363, 0.516066
0.452613, 0.515907
0.452863, 0.515748
0.453113, 0.515588
0.453363, 0.515429
0.453613, 0.515271
0.453863, 0.515112
0.454114, 0.514953
0.454364, 0.514795
0.454614, 0.514636
0.454864, 0.514478
0.455114, 0.51432
0.455364, 0.514161
0.455614, 0.514003
0.455864, 0.513845
0.456114, 0.513688
0.456364, 0.51353
0.456614, 0.513372
0.456864, 0.513215
0.457114, 0.513057
0.457364, 0.5129
0.457614, 0.512743
0.457864, 0.512586
0.458115, 0.512429
0.458365, 0.512272
0.458615, 0.512115
0.458865, 0.511958
0.459115, 0.511802
0.459365, 0.511645
0.459615, 0.511489
0.459865, 0.511333
0.460115, 0.511177
0.460365, 0.511021
0.460615, 0.510865
0.460865, 0.510709
0.461115, 0.510553
0.461365, 0.510397
0.461615, 0.510242
0.461865, 0.510086
0.462116, 0.509931
0.462366, 0.509776
0.462616, 0.509621
0.462866, 0.509466
0.463116, 0.509311
0.463366, 0.509156
0.463616, 0.509001
0.463866, 0.508847
0.464116, 0.508692
0.464366, 0.508538
0.464616, 0.508384
0.464866, 0.50823
0.465116, 0.508075
0.465366, 0.507921
0.465616, 0.507768
0.465866, 0.507614
0.466117, 0.50746
0.466367, 0.507307
0.466617, 0.507153
0.466867, 0.507
0.467117, 0.506847
0.467367, 0.506693
0.467617, 0.50654
0.467867, 0.506387
0.468117, 0.506235
0.468367, 0.506082
0.468617, 0.505929
0.468867, 0.505777
0.469117, 0.505624
0.469367, 0.505472
0.469617, 0.50532
0.469867, 0.505168
0.470118, 0.505016
0.470368, 0.504864
0.470618, 0.504712
0.470868, 0.50456
0.471118, 0.504409
0.471368, 0.504257
0.471618, 0.504106
0.471868, 0.503955
0.472118, 0.503804
0.472368, 0.503652
0.472618, 0.503502
0.472868, 0.503351
0.473118, 0.5032
0.473368, 0.503049
0.473618, 0.502899
0.473868, 0.502748
0.474119, 0.502598
0.474369, 0.502448
0.474619, 0.502298
0.474869, 0.502148
0.475119, 0.501998
0.475369, 0.501848
0.475619, 0.501698
0.475869, 0.501548
0.476119, 0.501399
0.476369, 0.501249
0.476619, 0.5011
0.476869, 0.500951
0.477119, 0.500802
0.477369, 0.500653
0.477619, 0.500504
0.477869, 0.500355
0.47812, 0.500207
0.47837, 0.500058
0.47862, 0.499909
0.47887, 0.499761
0.47912, 0.499613
0.47937, 0.499465
0.47962, 0.499317
0.47987, 0.499169
0.48012, 0.499021
0.48037, 0.498873
0.48062, 0.498725
0.48087, 0.498578
0.48112, 0.49843
0.48137, 0.498283
0.48162, 0.498136
0.48187, 0.497989
0.482121, 0.497842
0.482371, 0.497695
0.482621, 0.497548
0.482871, 0.497401
0.483121, 0.497254
0.483371, 0.497108
0.483621, 0.496961
0.483871, 0.496815
0.484121, 0.496669
0.484371, 0.496523
0.484621, 0.496377
0.484871, 0.496231
0.485121, 0.496085
0.485371, 0.495939
0.485621, 0.495794
0.485871, 0.495648
0.486122, 0.495503
0.486372, 0.495358
0.486622, 0.495212
0.486872, 0.495067
0.487122, 0.494922
0.487372, 0.494777
0.487622, 0.494633
0.487872, 0.494488
0.488122, 0.494343
0.488372, 0.494199
0.488622, 0.494055
0.488872, 0.49391
0.489122, 0.493766
0.489372, 0.493622
0.489622, 0.493478
0.489872, 0.493334
0.490123, 0.49319
0.490373, 0.493047
0.490623, 0.492903
0.490873, 0.49276
0.491123, 0.492616
0.491373, 0.492473
0.491623, 0.49233
0.491873, 0.492187
0.492123, 0.492044
0.492373, 0.491901
0.492623, 0.491758
0.492873, 0.491616
0.493123, 0.491473
0.493373, 0.491331
0.493623, 0.491189
0.493873, 0.491046
0.494124, 0.490904
0.494374, 0.490762
0.494624, 0.49062
0.494874, 0.490479
0.495124, 0.490337
0.495374, 0.490195
0.495624, 0.490054
0.495874, 0.489912
0.496124, 0.489771
0.496374, 0.48963
0.496624, 0.489489
0.496874, 0.489348
0.497124, 0.489207
0.497374, 0.489066
0.497624, 0.488925
0.497874, 0.488785
0.498125, 0.488644
0.498375, 0.488504
0.498625, 0.488364
0.498875, 0.488223
0.499125, 0.488083
0.499375, 0.487943
0.499625, 0.487803
0.499875, 0.487664
0.500125, 0.487524
0.500375, 0.487384
0.500625, 0.487245
0.500875, 0.487106
0.501125, 0.486966
0.501375, 0.486827
0.501625, 0.486688
0.501875, 0.486549
0.502126, 0.48641
0.502376, 0.486272
0.502626, 0.486133
0.502876, 0.485994
0.503126, 0.485856
0.503376, 0.485718
0.503626, 0.485579
0.503876, 0.485441
0.504126, 0.485303
0.504376, 0.485165
0.504626, 0.485027
0.504876, 0.48489
0.505126, 0.484752
0.505376, 0.484614
0.505626, 0.484477
0.505876, 0.48434
0.506127, 0.484202
0.506377, 0.484065
0.506627, 0.483928
0.506877, 0.483791
0.507127, 0.483654
0.507377, 0.483518
0.507627, 0.483381
0.507877, 0.483245
0.508127, 0.483108
0.508377, 0.482972
0.508627, 0.482836
0.508877, 0.4827
0.509127, 0.482564
0.509377, 0.482428
0.509627, 0.482292
0.509877, 0.482156
0.510128, 0.48202
0.510378, 0.481885
0.510628, 0.48175
0.510878, 0.481614
0.511128, 0.481479
0.511378, 0.481344
0.511628, 0.481209
0.511878, 0.481074
0.512128, 0.480939
0.512378, 0.480805
0.512628, 0.48067
0.512878, 0.480535
0.513128, 0.480401
0.513378, 0.480267
0.513628, 0.480133
0.513878, 0.479998
0.514129, 0.479864
0.514379, 0.479731
0.514629, 0.479597
0.514879, 0.479463
0.515129, 0.47933
0.515379, 0.479196
0.515629, 0.479063
0.515879, 0.478929
0.516129, 0.478796
0.516379, 0.478663
0.516629, 0.47853
0.516879, 0.478397
0.517129, 0.478264
0.517379, 0.478132
0.517629, 0.477999
0.517879, 0.477867
0.51813, 0.477734
0.51838, 0.477602
0.51863, 0.47747
0.51888, 0.477338
0.51913, 0.477206
0.51938, 0.477074
0.51963, 0.476942
0.51988, 0.476811
0.52013, 0.476679
0.52038, 0.476547
0.52063, 0.476416
0.52088, 0.476285
0.52113, 0.476154
0.52138, 0.476023
0.52163, 0.475892
0.52188, 0.475761
0.522131, 0.47563
0.522381, 0.475499
0.522631, 0.475369
0.522881, 0.475238
0.523131, 0.475108
0.523381, 0.474978
0.523631, 0.474848
0.523881, 0.474717
0.524131, 0.474588
0.524381, 0.474458
0.524631, 0.474328
0.524881, 0.474198
0.525131, 0.474069
0.525381, 0.473939
0.525631, 0.47381
0.525881, 0.473681
0.526132, 0.473551
0.526382, 0.473422
0.526632, 0.473293
0.526882, 0.473165
0.527132, 0.473036
0.527382, 0.472907
0.527632, 0.472779
0.527882, 0.47265
0.528132, 0.472522
0.528382, 0.472394
0.528632, 0.472265
0.528882, 0.472137
0.529132, 0.472009
0.529382, 0.471882
0.529632, 0.471754
0.529882, 0.471626
0.530133, 0.471499
0.530383, 0.471371
0.530633, 0.471244
0.530883, 0.471117
0.531133, 0.470989
0.531383, 0.470862
0.531633, 0.470735
0.531883, 0.470609
0.532133, 0.470482
0.532383, 0.470355
0.532633, 0.470229
0.532883, 0.470102
0.533133, 0.469976
0.533383, 0.46985
0.533633, 0.469723
0.533883, 0.469597
0.534134, 0.469471
0.534384, 0.469346
0.534634, 0.46922
0.534884, 0.469094
0.535134, 0.468969
0.535384, 0.468843
0.535634, 0.468718
0.535884, 0.468593
0.536134, 0.468467
0.536384, 0.468342
0.536634, 0.468217
0.536884, 0.468093
0.537134, 0.467968
0.537384, 0.467843
0.537634, 0.467719
0.537884, 0.467594
0.538135, 0.46747
0.538385, 0.467346
0.538635, 0.467221
0.538885, 0.467097
0.539135, 0.466973
0.539385, 0.46685
0.539635, 0.466726
0.539885, 0.466602
0.540135, 0.466479
0.540385, 0.466355
0.540635, 0.466232
0.540885, 0.466108
0.541135, 0.465985
0.541385, 0.465862
0.541635, 0.465739
0.541885, 0.465616
0.542136, 0.465494
0.542386, 0.465371
0.542636, 0.465249
0.542886, 0.465126
0.543136, 0.465004
0.543386, 0.464881
0.543636, 0.464759
0.543886, 0.464637
0.544136, 0.464515
0.544386, 0.464393
0.544636, 0.464272
0.544886, 0.46415
0.545136, 0.464028
0.545386, 0.463907
0.545636, 0.463786
0.545886, 0.463664
0.546137, 0.463543
0.546387, 0.463422
0.546637, 0.463301
0.546887, 0.46318
0.547137, 0.463059
0.547387, 0.462939
0.547637, 0.462818
0.547887, 0.462698
0.548137, 0.462577
0.548387, 0.462457
0.548637, 0.462337
0.548887, 0.462217
0.549137, 0.462097
0.549387, 0.461977
0.549637, 0.461857
0.549887, 0.461738
0.550138, 0.461618
0.550388, 0.461499
0.550638, 0.461379
0.550888, 0.46126
0.551138, 0.461141
0.551388, 0.461022
0.551638, 0.460903
0.551888, 0.460784
0.552138, 0.460665
0.552388, 0.460546
0.552638, 0.460428
0.552888, 0.460309
0.553138, 0.460191
0.553388, 0.460073
0.553638, 0.459954
0.553888, 0.459836
0.554139, 0.459718
0.554389, 0.4596
0.554639, 0.459483
0.554889, 0.459365
0.555139, 0.459247
0.555389, 0.45913
0.555639, 0.459012
0.555889, 0.458895
0.556139, 0.458778
0.556389, 0.458661
0.556639, 0.458544
0.556889, 0.458427
0.557139, 0.45831
0.557389, 0.458193
0.557639, 0.458077
0.557889, 0.45796
0.55814, 0.457844
0.55839, 0.457728
0.55864, 0.457611
0.55889, 0.457495
0.55914, 0.457379
0.55939, 0.457263
0.55964, 0.457148
0.55989, 0.457032
0.56014, 0.456916
0.56039, 0.456801
0.56064, 0.456685
0.56089, 0.45657
0.56114, 0.456455
0.56139, 0.45634
0.56164, 0.456225
0.56189, 0.45611
0.562141, 0.455995
0.562391, 0.45588
0.562641, 0.455766
0.562891, 0.455651
0.563141, 0.455537
0.563391, 0.455422
0.563641, 0.455308
0.563891, 0.455194
0.564141, 0.45508
0.564391, 0.454966
0.564641, 0.454852
0.564891, 0.454738
0.565141, 0.454625
0.565391, 0.454511
0.565641, 0.454398
0.565891, 0.454284
0.566142, 0.454171
0.566392, 0.454058
0.566642, 0.453945
0.566892, 0.453832
0.567142, 0.453719
0.567392, 0.453606
0.567642, 0.453494
0.567892, 0.453381
0.568142, 0.453269
0.568392, 0.453156
0.568642, 0.453044
0.568892, 0.452932
0.569142, 0.45282
0.569392, 0.452708
0.569642, 0.452596
0.569892, 0.452484
0.570143, 0.452373
0.570393, 0.452261
0.570643, 0.452149
0.570893, 0.452038
0.571143, 0.451927
0.571393, 0.451816
0.571643, 0.451705
0.571893, 0.451594
0.572143, 0.451483
0.572393, 0.451372
0.572643, 0.451261
0.572893, 0.451151
0.573143, 0.45104
0.573393, 0.45093
0.573643, 0.450819
0.573893, 0.450709
0.574144, 0.450599
0.574394, 0.450489
0.574644, 0.450379
0.574894, 0.450269
0.575144, 0.45016
0.575394, 0.45005
0.575644, 0.449941
0.575894, 0.449831
0.576144, 0.449722
0.576394, 0.449613
0.576644, 0.449503
0.576894, 0.449394
0.577144, 0.449285
0.577394, 0.449177
0.577644, 0.449068
0.577894, 0.448959
0.578145, 0.448851
0.578395, 0.448742
0.578645, 0.448634
0.578895, 0.448526
0.579145, 0.448418
0.579395, 0.44831
0.579645, 0.448202
0.579895, 0.448094
0.580145, 0.447986
0.580395, 0.447878
0.580645, 0.447771
0.580895, 0.447663
0.581145, 0.447556
0.581395, 0.447449
0.581645, 0.447342
0.581895, 0.447235
0.582146, 0.447128
0.582396, 0.447021
0.582646, 0.446914
0.582896, 0.446807
0.583146, 0.446701
0.583396, 0.446594
0.583646, 0.446488
0.583896, 0.446382
0.584146, 0.446275
0.584396, 0.446169
0.584646, 0.446063
0.584896, 0.445957
0.585146, 0.445852
0.585396, 0.445746
0.585646, 0.44564
0.585896, 0.445535
0.586147, 0.445429
0.586397, 0.445324
0.586647, 0.445219
0.586897, 0.445114
0.587147, 0.445009
0.587397, 0.444904
0.587647, 0.444799
0.587897, 0.444694
0.588147, 0.44459
0.588397, 0.444485
0.588647, 0.444381
0.588897, 0.444276
0.589147, 0.444172
0.589397, 0.444068
0.589647, 0.443964
0.589897, 0.44386
0.590148, 0.443756
0.590398, 0.443652
0.590648, 0.443549
0.590898, 0.443445
0.591148, 0.443342
0.591398, 0.443238
0.591648, 0.443135
0.591898, 0.443032
0.592148, 0.442929
0.592398, 0.442826
0.592648, 0.442723
0.592898, 0.44262
0.593148, 0.442518
0.593398, 0.442415
0.593648, 0.442313
0.593898, 0.44221
0.594149, 0.442108
0.594399, 0.442006
0.594649, 0.441904
0.594899, 0.441802
0.595149, 0.4417
0.595399, 0.441598
0.595649, 0.441496
0.595899, 0.441395
0.596149, 0.441293
0.596399, 0.441192
0.596649, 0.44109
0.596899, 0.440989
0.597149, 0.440888
0.597399, 0.440787
0.597649, 0.440686
0.597899, 0.440585
0.59815, 0.440485
0.5984, 0.440384
0.59865, 0.440283
0.5989, 0.440183
0.59915, 0.440083
0.5994, 0.439982
0.59965, 0.439882
0.5999, 0.439782
0.60015, 0.439682
0.6004, 0.439582
0.60065, 0.439483
0.6009, 0.439383
0.60115, 0.439283
0.6014, 0.439184
0.60165, 0.439085
0.6019, 0.438985
0.602151, 0.438886
0.602401, 0.438787
0.602651, 0.438688
0.602901, 0.438589
0.603151, 0.43849
0.603401, 0.438392
0.603651, 0.438293
0.603901, 0.438195
0.604151, 0.438096
0.604401, 0.437998
0.604651, 0.4379
0.604901, 0.437801
0.605151, 0.437703
0.605401, 0.437606
0.605651, 0.437508
0.605901, 0.43741
0.606152, 0.437312
0.606402, 0.437215
0.606652, 0.437117
0.606902, 0.43702
0.607152, 0.436923
0.607402, 0.436826
0.607652, 0.436729
0.607902, 0.436632
0.608152, 0.436535
0.608402, 0.436438
0.608652, 0.436341
0.608902, 0.436245
0.609152, 0.436148
0.609402, 0.436052
0.609652, 0.435956
0.609902, 0.43586
0.610153, 0.435764
0.610403, 0.435668
0.610653, 0.435572
0.610903, 0.435476
0.611153, 0.43538
0.611403, 0.435285
0.611653, 0.435189
0.611903, 0.435094
0.612153, 0.434998
0.612403, 0.434903
0.612653, 0.434808
0.612903, 0.434713
0.613153, 0.434618
0.613403, 0.434523
0.613653, 0.434429
0.613903, 0.434334
0.614154, 0.434239
0.614404, 0.434145
0.614654, 0.434051
0.614904, 0.433956
0.615154, 0.433862
0.615404, 0.433768
0.615654, 0.433674
0.615904, 0.43358
0.616154, 0.433487
0.616404, 0.433393
0.616654, 0.433299
0.616904, 0.433206
0.617154, 0.433113
0.617404, 0.433019
0.617654, 0.432926
0.617904, 0.432833
0.618155, 0.43274
0.618405, 0.432647
0.618655, 0.432554
0.618905, 0.432462
0.619155, 0.432369
0.619405, 0.432277
0.619655, 0.432184
0.619905, 0.432092
0.620155, 0.432
0.620405, 0.431907
0.620655, 0.431815
0.620905, 0.431723
0.621155, 0.431632
0.621405, 0.43154
0.621655, 0.431448
0.621905, 0.431357
0.622156, 0.431265
0.622406, 0.431174
0.622656, 0.431083
0.622906, 0.430992
0.623156, 0.4309
0.623406, 0.430809
0.623656, 0.430719
0.623906, 0.430628
0.624156, 0.430537
0.624406, 0.430447
0.624656, 0.430356
0.624906, 0.430266
0.625156, 0.430175
0.625406, 0.430085
0.625656, 0.429995
0.625906, 0.429905
0.626157, 0.429815
0.626407, 0.429725
0.626657, 0.429636
0.626907, 0.429546
0.627157, 0.429457
0.627407, 0.429367
0.627657, 0.429278
0.627907, 0.429189
0.628157, 0.429099
0.628407, 0.42901
0.628657, 0.428921
0.628907, 0.428833
0.629157, 0.428744
0.629407, 0.428655
0.629657, 0.428567
0.629907, 0.428478
0.630158, 0.42839
0.630408, 0.428301
0.630658, 0.428213
0.630908, 0.428125
0.631158, 0.428037
0.631408, 0.427949
0.631658, 0.427862
0.631908, 0.427774
0.632158, 0.427686
0.632408, 0.427599
0.632658, 0.427511
0.632908, 0.427424
0.633158, 0.427337
0.633408, 0.42725
0.633658, 0.427163
0.633908, 0.427076
0.634159, 0.426989
0.634409, 0.426902
0.634659, 0.426815
0.634909, 0.426729
0.635159, 0.426642
0.635409, 0.426556
0.635659, 0.42647
0.635909, 0.426384
0.636159, 0.426298
0.636409, 0.426212
0.636659, 0.426126
0.636909, 0.42604
0.637159, 0.425954
0.637409, 0.425869
0.637659, 0.425783
0.637909, 0.425698
0.63816, 0.425612
0.63841, 0.425527
0.63866, 0.425442
0.63891, 0.425357
0.63916, 0.425272
0.63941, 0.425187
0.63966, 0.425103
0.63991, 0.425018
0.64016, 0.424933
0.64041, 0.424849
0.64066, 0.424765
0.64091, 0.42468
0.64116, 0.424596
0.64141, 0.424512
0.64166, 0.424428
0.64191, 0.424344
0.642161, 0.424261
0.642411, 0.424177
0.642661, 0.424093
0.642911, 0.42401
0.643161, 0.423926
0.643411, 0.423843
0.643661, 0.42376
0.643911, 0.423677
0.644161, 0.423594
0.644411, 0.423511
0.644661, 0.423428
0.644911, 0.423345
0.645161, 0.423263
0.645411, 0.42318
0.645661, 0.423098
0.645911, 0.423015
0.646162, 0.422933
0.646412, 0.422851
0.646662, 0.422769
0.646912, 0.422687
0.647162, 0.422605
0.647412, 0.422523
0.647662, 0.422442
0.647912, 0.42236
0.648162, 0.422279
0.648412, 0.422197
0.648662, 0.422116
0.648912, 0.422035
0.649162, 0.421954
0.649412, 0.421873
0.649662, 0.421792
0.649912, 0.421711
0.650163, 0.42163
0.650413, 0.42155
0.650663, 0.421469
0.650913, 0.421389
0.651163, 0.421308
0.651413, 0.421228
0.651663, 0.421148
0.651913, 0.421068
0.652163, 0.420988
0.652413, 0.420908
0.652663, 0.420828
0.652913, 0.420749
0.653163, 0.420669
0.653413, 0.420589
0.653663, 0.42051
0.653913, 0.420431
0.654164, 0.420352
0.654414, 0.420273
0.654664, 0.420194
0.654914, 0.420115
0.655164, 0.420036
0.655414, 0.419957
0.655664, 0.419878
0.655914, 0.4198
0.656164, 0.419721
0.656414, 0.419643
0.656664, 0.419565
0.656914, 0.419487
0.657164, 0.419409
0.657414, 0.419331
0.657664, 0.419253
0.657914, 0.419175
0.658165, 0.419097
0.658415, 0.41902
0.658665, 0.418942
0.658915, 0.418865
0.659165, 0.418788
0.659415, 0.41871
0.659665, 0.418633
0.659915, 0.418556
0.660165, 0.418479
0.660415, 0.418403
0.660665, 0.418326
0.660915, 0.418249
0.661165, 0.418173
0.661415, 0.418096
0.661665, 0.41802
0.661915, 0.417944
0.662166, 0.417868
0.662416, 0.417792
0.662666, 0.417716
0.662916, 0.41764
0.663166, 0.417564
0.663416, 0.417488
0.663666, 0.417413
0.663916, 0.417337
0.664166, 0.417262
0.664416, 0.417186
0.664666, 0.417111
0.664916, 0.417036
0.665166, 0.416961
0.665416, 0.416886
0.665666, 0.416811
0.665916, 0.416737
0.666167, 0.416662
0.666417, 0.416587
0.666667, 0.416513
0.666917, 0.416439
0.667167, 0.416364
0.667417, 0.41629
0.667667, 0.416216
0.667917, 0.416142
0.668167, 0.416068
0.668417, 0.415995
0.668667, 0.415921
0.668917, 0.415847
0.669167, 0.415774
0.669417, 0.4157
0.669667, 0.415627
0.669917, 0.415554
0.670168, 0.415481
0.670418, 0.415408
0.670668, 0.415335
0.670918, 0.415262
0.671168, 0.415189
0.671418, 0.415117
0.671668, 0.415044
0.671918, 0.414972
0.672168, 0.414899
0.672418, 0.414827
0.672668, 0.414755
0.672918, 0.414683
0.673168, 0.414611
0.673418, 0.414539
0.673668, 0.414467
0.673918, 0.414395
0.674169, 0.414324
0.674419, 0.414252
0.674669, 0.414181
0.674919, 0.41411
0.675169, 0.414038
0.675419, 0.413967
0.675669, 0.413896
0.675919, 0.413825
0.676169, 0.413754
0.676419, 0.413684
0.676669, 0.413613
0.676919, 0.413542
0.677169, 0.413472
0.677419, 0.413402
0.677669, 0.413331
0.677919, 0.413261
0.67817, 0.413191
0.67842, 0.413121
0.67867, 0.413051
0.67892, 0.412981
0.67917, 0.412912
0.67942, 0.412842
0.67967, 0.412772
0.67992, 0.412703
0.68017, 0.412634
0.68042, 0.412564
0.68067, 0.412495
0.68092, 0.412426
0.68117, 0.412357
0.68142, 0.412288
0.68167, 0.41222
0.68192, 0.412151
0.682171, 0.412082
0.682421, 0.412014
0.682671, 0.411946
0.682921, 0.411877
0.683171, 0.411809
0.683421, 0.411741
0.683671, 0.411673
0.683921, 0.411605
0.684171, 0.411537
0.684421, 0.411469
0.684671, 0.411402
0.684921, 0.411334
0.685171, 0.411267
0.685421, 0.411199
0.685671, 0.411132
0.685921, 0.411065
0.686172, 0.410998
0.686422, 0.410931
0.686672, 0.410864
0.686922, 0.410797
0.687172, 0.410731
0.687422, 0.410664
0.687672, 0.410598
0.687922, 0.410531
0.688172, 0.410465
0.688422, 0.410399
0.688672, 0.410332
0.688922, 0.410266
0.689172, 0.410201
0.689422, 0.410135
0.689672, 0.410069
0.689922, 0.410003
0.690173, 0.409938
0.690423, 0.409872
0.690673, 0.409807
0.690923, 0.409742
0.691173, 0.409676
0.691423, 0.409611
0.691673, 0.409546
0.691923, 0.409481
0.692173, 0.409417
0.692423, 0.409352
0.692673, 0.409287
0.692923, 0.409223
0.693173, 0.409158
0.693423, 0.409094
0.693673, 0.40903
0.693923, 0.408966
0.694174, 0.408902
0.694424, 0.408838
0.694674, 0.408774
0.694924, 0.40871
0.695174, 0.408646
0.695424, 0.408583
0.695674, 0.408519
0.695924, 0.408456
0.696174, 0.408393
0.696424, 0.408329
0.696674, 0.408266
0.696924, 0.408203
0.697174, 0.40814
0.697424, 0.408077
0.697674, 0.408015
0.697924, 0.407952
0.698175, 0.407889
0.698425, 0.407827
0.698675, 0.407765
0.698925, 0.407702
0.699175, 0.40764
0.699425, 0.407578
0.699675, 0.407516
0.699925, 0.407454
0.700175, 0.407392
0.700425, 0.407331
0.700675, 0.407269
0.700925, 0.407208
0.701175, 0.407146
0.701425, 0.407085
0.701675, 0.407024
0.701925, 0.406963
0.702176, 0.406902
0.702426, 0.406841
0.702676, 0.40678
0.702926, 0.406719
0.703176, 0.406658
0.703426, 0.406598
0.703676, 0.406537
0.703926, 0.406477
0.704176, 0.406417
0.704426, 0.406356
0.704676, 0.406296
0.704926, 0.406236
0.705176, 0.406176
0.705426, 0.406116
0.705676, 0.406057
0.705926, 0.405997
0.706177, 0.405938
0.706427, 0.405878
0.706677, 0.405819
0.706927, 0.40576
0.707177, 0.4057
0.707427, 0.405641
0.707677, 0.405582
0.707927, 0.405523
0.708177, 0.405465
0.708427, 0.405406
0.708677, 0.405347
0.708927, 0.405289
0.709177, 0.40523
0.709427, 0.405172
0.709677, 0.405114
0.709927, 0.405056
0.710178, 0.404998
0.710428, 0.40494
0.710678, 0.404882
0.710928, 0.404824
0.711178, 0.404766
0.711428, 0.404709
0.711678, 0.404651
0.711928, 0.404594
0.712178, 0.404537
0.712428, 0.40448
0.712678, 0.404422
0.712928, 0.404365
0.713178, 0.404308
0.713428, 0.404252
0.713678, 0.404195
0.713928, 0.404138
0.714179, 0.404082
0.714429, 0.404025
0.714679, 0.403969
0.714929, 0.403913
0.715179, 0.403857
0.715429, 0.4038
0.715679, 0.403744
0.715929, 0.403689
0.716179, 0.403633
0.716429, 0.403577
0.716679, 0.403521
0.716929, 0.403466
0.717179, 0.403411
0.717429, 0.403355
0.717679, 0.4033
0.717929, 0.403245
0.71818, 0.40319
0.71843, 0.403135
0.71868, 0.40308
0.71893, 0.403025
0.71918, 0.402971
0.71943, 0.402916
0.71968, 0.402862
0.71993, 0.402807
0.72018, 0.402753
0.72043, 0.402699
0.72068, 0.402645
0.72093, 0.402591
0.72118, 0.402537
0.72143, 0.402483
0.72168, 0.402429
0.72193, 0.402375
0.722181, 0.402322
0.722431, 0.402268
0.722681, 0.402215
0.722931, 0.402162
0.723181, 0.402109
0.723431, 0.402056
0.723681, 0.402003
0.723931, 0.40195
0.724181, 0.401897
0.724431, 0.401844
0.724681, 0.401792
0.724931, 0.401739
0.725181, 0.401687
0.725431, 0.401634
0.725681, 0.401582
0.725931, 0.40153
0.726182, 0.401478
0.726432, 0.401426
0.726682, 0.401374
0.726932, 0.401322
0.727182, 0.401271
0.727432, 0.401219
0.727682, 0.401167
0.727932, 0.401116
0.728182, 0.401065
0.728432, 0.401014
0.728682, 0.400962
0.728932, 0.400911
0.729182, 0.40086
0.729432, 0.40081
0.729682, 0.400759
0.729932, 0.400708
0.730183, 0.400658
0.730433, 0.400607
0.730683, 0.400557
0.730933, 0.400507
0.731183, 0.400456
0.731433, 0.400406
0.731683, 0.400356
0.731933, 0.400306
0.732183, 0.400257
0.732433, 0.400207
0.732683, 0.400157
0.732933, 0.400108
0.733183, 0.400058
0.733433, 0.400009
0.733683, 0.39996
0.733933, 0.399911
0.734184, 0.399861
0.734434, 0.399812
0.734684, 0.399764
0.734934, 0.399715
0.735184, 0.399666
0.735434, 0.399618
0.735684, 0.399569
0.735934, 0.399521
0.736184, 0.399472
0.736434, 0.399424
0.736684, 0.399376
0.736934, 0.399328
0.737184, 0.39928
0.737434, 0.399232
0.737684, 0.399184
0.737934, 0.399137
0.738185, 0.399089
0.738435, 0.399042
0.738685, 0.398994
0.738935, 0.398947
0.739185, 0.3989
0.739435, 0.398853
0.739685, 0.398806
0.739935, 0.398759
0.740185, 0.398712
0.740435, 0.398665
0.740685, 0.398619
0.740935, 0.398572
0.741185, 0.398526
0.741435, 0.398479
0.741685, 0.398433
0.741935, 0.398387
0.742186, 0.398341
0.742436, 0.398295
0.742686, 0.398249
0.742936, 0.398203
0.743186, 0.398157
0.743436, 0.398112
0.743686, 0.398066
0.743936, 0.398021
0.744186, 0.397975
0.744436, 0.39793
0.744686, 0.397885
0.744936, 0.39784
0.745186, 0.397795
0.745436, 0.39775
0.745686, 0.397705
0.745936, 0.397661
0.746187, 0.397616
0.746437, 0.397571
0.746687, 0.397527
0.746937, 0.397483
0.747187, 0.397439
0.747437, 0.397394
0.747687, 0.39735
0.747937, 0.397306
0.748187, 0.397263
0.748437, 0.397219
0.748687, 0.397175
0.748937, 0.397132
0.749187, 0.397088
0.749437, 0.397045
0.749687, 0.397001
0.749937, 0.396958
0.750188, 0.396915
0.750438, 0.396872
0.750688, 0.396829
0.750938, 0.396786
0.751188, 0.396744
0.751438, 0.396701
0.751688, 0.396658
0.751938, 0.396616
0.752188, 0.396574
0.752438, 0.396531
0.752688, 0.396489
0.752938, 0.396447
0.753188, 0.396405
0.753438, 0.396363
0.753688, 0.396321
0.753938, 0.39628
0.754189, 0.396238
0.754439, 0.396197
0.754689, 0.396155
0.754939, 0.396114
0.755189, 0.396073
0.755439, 0.396031
0.755689, 0.39599
0.755939, 0.395949
0.756189, 0.395909
0.756439, 0.395868
0.756689, 0.395827
0.756939, 0.395786
0.757189, 0.395746
0.757439, 0.395706
0.757689, 0.395665
0.757939, 0.395625
0.75819, 0.395585
0.75844, 0.395545
0.75869, 0.395505
0.75894, 0.395465
0.75919, 0.395425
0.75944, 0.395386
0.75969, 0.395346
0.75994, 0.395307
0.76019, 0.395267
0.76044, 0.395228
0.76069, 0.395189
0.76094, 0.39515
0.76119, 0.395111
0.76144, 0.395072
0.76169, 0.395033
0.76194, 0.394994
0.762191, 0.394955
0.762441, 0.394917
0.762691, 0.394878
0.762941, 0.39484
0.763191, 0.394802
0.763441, 0.394764
0.763691, 0.394726
0.763941, 0.394688
0.764191, 0.39465
0.764441, 0.394612
0.764691, 0.394574
0.764941, 0.394537
0.765191, 0.394499
0.765441, 0.394462
0.765691, 0.394424
0.765941, 0.394387
0.766192, 0.39435
0.766442, 0.394313
0.766692, 0.394276
0.766942, 0.394239
0.767192, 0.394202
0.767442, 0.394165
0.767692, 0.394129
0.767942, 0.394092
0.768192, 0.394056
0.768442, 0.39402
0.768692, 0.393983
0.768942, 0.393947
0.769192, 0.393911
0.769442, 0.393875
0.769692, 0.393839
0.769942, 0.393804
0.770193, 0.393768
0.770443, 0.393732
0.770693, 0.393697
0.770943, 0.393661
0.771193, 0.393626
0.771443, 0.393591
0.771693, 0.393556
0.771943, 0.393521
0.772193, 0.393486
0.772443, 0.393451
0.772693, 0.393416
0.772943, 0.393382
0.773193, 0.393347
0.773443, 0.393312
0.773693, 0.393278
0.773943, 0.393244
0.774194, 0.39321
0.774444, 0.393176
0.774694, 0.393142
0.774944, 0.393108
0.775194, 0.393074
0.775444, 0.39304
0.775694, 0.393006
0.775944, 0.392973
0.776194, 0.392939
0.776444, 0.392906
0.776694, 0.392873
0.776944, 0.39284
0.777194, 0.392807
0.777444, 0.392774
0.777694, 0.392741
0.777944, 0.392708
0.778195, 0.392675
0.778445, 0.392643
0.778695, 0.39261
0.778945, 0.392578
0.779195, 0.392545
0.779445, 0.392513
0.779695, 0.392481
0.779945, 0.392449
0.780195, 0.392417
0.780445, 0.392385
0.780695, 0.392353
0.780945, 0.392321
0.781195, 0.39229
0.781445, 0.392258
0.781695, 0.392227
0.781945, 0.392196
0.782196, 0.392164
0.782446, 0.392133
0.782696, 0.392102
0.782946, 0.392071
0.783196, 0.39204
0.783446, 0.39201
0.783696, 0.391979
0.783946, 0.391948
0.784196, 0.391918
0.784446, 0.391887
0.784696, 0.391857
0.784946, 0.391827
0.785196, 0.391797
0.785446, 0.391767
0.785696, 0.391737
0.785946, 0.391707
0.786197, 0.391677
0.786447, 0.391648
0.786697, 0.391618
0.786947, 0.391589
0.787197, 0.391559
0.787447, 0.39153
0.787697, 0.391501
0.787947, 0.391472
0.788197, 0.391443
0.788447, 0.391414
0.788697, 0.391385
0.788947, 0.391356
0.789197, 0.391328
0.789447, 0.391299
0.789697, 0.391271
0.789947, 0.391242
0.790198, 0.391214
0.790448, 0.391186
0.790698, 0.391158
0.790948, 0.39113
0.791198, 0.391102
0.791448, 0.391074
0.791698, 0.391046
0.791948, 0.391019
0.792198, 0.390991
0.792448, 0.390964
0.792698, 0.390936
0.792948, 0.390909
0.793198, 0.390882
0.793448, 0.390855
0.793698, 0.390828
0.793948, 0.390801
0.794199, 0.390774
0.794449, 0.390747
0.794699, 0.390721
0.794949, 0.390694
0.795199, 0.390668
0.795449, 0.390642
0.795699, 0.390615
0.795949, 0.390589
0.796199, 0.390563
0.796449, 0.390537
0.796699, 0.390511
0.796949, 0.390486
0.797199, 0.39046
0.797449, 0.390434
0.797699, 0.390409
0.797949, 0.390383
0.7982, 0.390358
0.79845, 0.390333
0.7987, 0.390308
0.79895, 0.390283
0.7992, 0.390258
0.79945, 0.390233
0.7997, 0.390208
0.79995, 0.390183
0.8002, 0.390159
0.80045, 0.390134
0.8007, 0.39011
0.80095, 0.390086
0.8012, 0.390062
0.80145, 0.390037
0.8017, 0.390013
0.80195, 0.389989
0.802201, 0.389966
0.802451, 0.389942
0.802701, 0.389918
0.802951, 0.389895
0.803201, 0.389871
0.803451, 0.389848
0.803701, 0.389825
0.803951, 0.389801
0.804201, 0.389778
0.804451, 0.389755
0.804701, 0.389732
0.804951, 0.38971
0.805201, 0.389687
0.805451, 0.389664
0.805701, 0.389642
0.805951, 0.389619
0.806202, 0.389597
0.806452, 0.389575
0.806702, 0.389552
0.806952, 0.38953
0.807202, 0.389508
0.807452, 0.389486
0.807702, 0.389465
0.807952, 0.389443
0.808202, 0.389421
0.808452, 0.3894
0.808702, 0.389378
0.808952, 0.389357
0.809202, 0.389336
0.809452, 0.389315
0.809702, 0.389294
0.809952, 0.389273
0.810203, 0.389252
0.810453, 0.389231
0.810703, 0.38921
0.810953, 0.38919
0.811203, 0.389169
0.811453, 0.389149
0.811703, 0.389128
0.811953, 0.389108
0.812203, 0.389088
0.812453, 0.389068
0.812703, 0.389048
0.812953, 0.389028
0.813203, 0.389008
0.813453, 0.388989
0.813703, 0.388969
0.813953, 0.38895
0.814204, 0.38893
0.814454, 0.388911
0.814704, 0.388892
0.814954, 0.388873
0.815204, 0.388854
0.815454, 0.388835
0.815704, 0.388816
0.815954, 0.388797
0.816204, 0.388778
0.816454, 0.38876
0.816704, 0.388741
0.816954, 0.388723
0.817204, 0.388705
0.817454, 0.388686
0.817704, 0.388668
0.817954, 0.38865
0.818205, 0.388632
0.818455, 0.388615
0.818705, 0.388597
0.818955, 0.388579
0.819205, 0.388562
0.819455, 0.388544
0.819705, 0.388527
0.819955, 0.388509
0.820205, 0.388492
0.820455, 0.388475
0.820705, 0.388458
0.820955, 0.388441
0.821205, 0.388424
0.821455, 0.388408
0.821705, 0.388391
0.821955, 0.388375
0.822206, 0.388358
0.822456, 0.388342
0.822706, 0.388325
0.822956, 0.388309
0.823206, 0.388293
0.823456, 0.388277
0.823706, 0.388261
0.823956, 0.388245
0.824206, 0.38823
0.824456, 0.388214
0.824706, 0.388199
0.824956, 0.388183
0.825206, 0.388168
0.825456, 0.388153
0.825706, 0.388137
0.825956, 0.388122
0.826207, 0.388107
0.826457, 0.388092
0.826707, 0.388078
0.826957, 0.388063
0.827207, 0.388048
0.827457, 0.388034
0.827707, 0.388019
0.827957, 0.388005
0.828207, 0.387991
0.828457, 0.387977
0.828707, 0.387963
0.828957, 0.387949
0.829207, 0.387935
0.829457, 0.387921
0.829707, 0.387907
0.829957, 0.387894
0.830208, 0.38788
0.830458, 0.387867
0.830708, 0.387854
0.830958, 0.38784
0.831208, 0.387827
0.831458, 0.387814
0.831708, 0.387801
0.831958, 0.387788
0.832208, 0.387776
0.832458, 0.387763
0.832708, 0.38775
0.832958, 0.387738
0.833208, 0.387725
0.833458, 0.387713
0.833708, 0.387701
0.833958, 0.387689
0.834209, 0.387677
0.834459, 0.387665
0.834709, 0.387653
0.834959, 0.387641
0.835209, 0.38763
0.835459, 0.387618
0.835709, 0.387607
0.835959, 0.387595
0.836209, 0.387584
0.836459, 0.387573
0.836709, 0.387562
0.836959, 0.387551
0.837209, 0.38754
0.837459, 0.387529
0.837709, 0.387518
0.837959, 0.387507
0.83821, 0.387497
0.83846, 0.387486
0.83871, 0.387476
0.83896, 0.387466
0.83921, 0.387456
0.83946, 0.387446
0.83971, 0.387436
0.83996, 0.387426
0.84021, 0.387416
0.84046, 0.387406
0.84071, 0.387396
0.84096, 0.387387
0.84121, 0.387377
0.84146, 0.387368
0.84171, 0.387359
0.84196, 0.38735
0.842211, 0.387341
0.842461, 0.387332
0.842711, 0.387323
0.842961, 0.387314
0.843211, 0.387305
0.843461, 0.387297
0.843711, 0.387288
0.843961, 0.38728
0.844211, 0.387271
0.844461, 0.387263
0.844711, 0.387255
0.844961, 0.387247
0.845211, 0.387239
0.845461, 0.387231
0.845711, 0.387223
0.845961, 0.387215
0.846212, 0.387208
0.846462, 0.3872
0.846712, 0.387193
0.846962, 0.387186
0.847212, 0.387178
0.847462, 0.387171
0.847712, 0.387164
0.847962, 0.387157
0.848212, 0.38715
0.848462, 0.387144
0.848712, 0.387137
0.848962, 0.38713
0.849212, 0.387124
0.849462, 0.387117
0.849712, 0.387111
0.849962, 0.387105
0.850213, 0.387099
0.850463, 0.387093
0.850713, 0.387087
0.850963, 0.387081
0.851213, 0.387075
0.851463, 0.387069
0.851713, 0.387064
0.851963, 0.387058
0.852213, 0.387053
0.852463, 0.387048
0.852713, 0.387042
0.852963, 0.387037
0.853213, 0.387032
0.853463, 0.387027
0.853713, 0.387023
0.853963, 0.387018
0.854214, 0.387013
0.854464, 0.387009
0.854714, 0.387004
0.854964, 0.387
0.855214, 0.386995
0.855464, 0.386991
0.855714, 0.386987
0.855964, 0.386983
0.856214, 0.386979
0.856464, 0.386975
0.856714, 0.386972
0.856964, 0.386968
0.857214, 0.386964
0.857464, 0.386961
0.857714, 0.386958
0.857964, 0.386954
0.858215, 0.386951
0.858465, 0.386948
0.858715, 0.386945
0.858965, 0.386942
0.859215, 0.386939
0.859465, 0.386937
0.859715, 0.386934
0.859965, 0.386931
0.860215, 0.386929
0.860465, 0.386927
0.860715, 0.386924
0.860965, 0.386922
0.861215, 0.38692
0.861465, 0.386918
0.861715, 0.386916
0.861965, 0.386914
0.862216, 0.386913
0.862466, 0.386911
0.862716, 0.38691
0.862966, 0.386908
0.863216, 0.386907
0.863466, 0.386906
0.863716, 0.386904
0.863966, 0.386903
0.864216, 0.386902
0.864466, 0.386901
0.864716, 0.386901
0.864966, 0.3869
0.865216, 0.386899
0.865466, 0.386899
0.865716, 0.386898
0.865966, 0.386898
0.866217, 0.386898
0.866467, 0.386898
0.866717, 0.386898
0.866967, 0.386898
0.867217, 0.386898
0.867467, 0.386898
0.867717, 0.386898
0.867967, 0.386899
0.868217, 0.386899
0.868467, 0.3869
0.868717, 0.386901
0.868967, 0.386901
0.869217, 0.386902
0.869467, 0.386903
0.869717, 0.386904
0.869967, 0.386905
0.870218, 0.386907
0.870468, 0.386908
0.870718, 0.386909
0.870968, 0.386911
0.871218, 0.386912
0.871468, 0.386914
0.871718, 0.386916
0.871968, 0.386918
0.872218, 0.38692
0.872468, 0.386922
0.872718, 0.386924
0.872968, 0.386926
0.873218, 0.386929
0.873468, 0.386931
0.873718, 0.386933
0.873968, 0.386936
0.874219, 0.386939
0.874469, 0.386942
0.874719, 0.386944
0.874969, 0.386947
0.875219, 0.386951
0.875469, 0.386954
0.875719, 0.386957
0.875969, 0.38696
0.876219, 0.386964
0.876469, 0.386967
0.876719, 0.386971
0.876969, 0.386975
0.877219, 0.386978
0.877469, 0.386982
0.877719, 0.386986
0.877969, 0.38699
0.87822, 0.386995
0.87847, 0.386999
0.87872, 0.387003
0.87897, 0.387008
0.87922, 0.387012
0.87947, 0.387017
0.87972, 0.387022
0.87997, 0.387026
0.88022, 0.387031
0.88047, 0.387036
0.88072, 0.387042
0.88097, 0.387047
0.88122, 0.387052
0.88147, 0.387057
0.88172, 0.387063
0.88197, 0.387068
0.882221, 0.387074
0.882471, 0.38708
0.882721, 0.387086
0.882971, 0.387092
0.883221, 0.387098
0.883471, 0.387104
0.883721, 0.38711
0.883971, 0.387116
0.884221, 0.387123
0.884471, 0.387129
0.884721, 0.387136
0.884971, 0.387142
0.885221, 0.387149
0.885471, 0.387156
0.885721, 0.387163
0.885971, 0.38717
0.886222, 0.387177
0.886472, 0.387184
0.886722, 0.387192
0.886972, 0.387199
0.887222, 0.387207
0.887472, 0.387214
0.887722, 0.387222
0.887972, 0.38723
0.888222, 0.387237
0.888472, 0.387245
0.888722, 0.387253
0.888972, 0.387262
0.889222, 0.38727
0.889472, 0.387278
0.889722, 0.387287
0.889972, 0.387295
0.890223, 0.387304
0.890473, 0.387312
0.890723, 0.387321
0.890973, 0.38733
0.891223, 0.387339
0.891473, 0.387348
0.891723, 0.387357
0.891973, 0.387366
0.892223, 0.387376
0.892473, 0.387385
0.892723, 0.387395
0.892973, 0.387404
0.893223, 0.387414
0.893473, 0.387424
0.893723, 0.387434
0.893973, 0.387444
0.894224, 0.387454
0.894474, 0.387464
0.894724, 0.387474
0.894974, 0.387485
0.895224, 0.387495
0.895474, 0.387506
0.895724, 0.387516
0.895974, 0.387527
0.896224, 0.387538
0.896474, 0.387549
0.896724, 0.38756
0.896974, 0.387571
0.897224, 0.387582
0.897474, 0.387593
0.897724, 0.387605
0.897974, 0.387616
0.898225, 0.387628
0.898475, 0.387639
0.898725, 0.387651
0.898975, 0.387663
0.899225, 0.387675
0.899475, 0.387687
0.899725, 0.387699
0.899975, 0.387711
0.900225, 0.387723
0.900475, 0.387736
0.900725, 0.387748
0.900975, 0.387761
0.901225, 0.387773
0.901475, 0.387786
0.901725, 0.387799
0.901975, 0.387812
0.902226, 0.387825
0.902476, 0.387838
0.902726, 0.387851
0.902976, 0.387864
0.903226, 0.387878
0.903476, 0.387891
0.903726, 0.387905
0.903976, 0.387919
0.904226, 0.387932
0.904476, 0.387946
0.904726, 0.38796
0.904976, 0.387974
0.905226, 0.387988
0.905476, 0.388003
0.905726, 0.388017
0.905976, 0.388031
0.906227, 0.388046
0.906477, 0.38806
0.906727, 0.388075
0.906977, 0.38809
0.907227, 0.388105
0.907477, 0.38812
0.907727, 0.388135
0.907977, 0.38815
0.908227, 0.388165
0.908477, 0.38818
0.908727, 0.388196
0.908977, 0.388211
0.909227, 0.388227
0.909477, 0.388243
0.909727, 0.388258
0.909977, 0.388274
0.910228, 0.38829
0.910478, 0.388306
0.910728, 0.388322
0.910978, 0.388339
0.911228, 0.388355
0.911478, 0.388372
0.911728, 0.388388
0.911978, 0.388405
0.912228, 0.388421
0.912478, 0.388438
0.912728, 0.388455
0.912978, 0.388472
0.913228, 0.388489
0.913478, 0.388506
0.913728, 0.388524
0.913978, 0.388541
0.914229, 0.388558
0.914479, 0.388576
0.914729, 0.388594
0.914979, 0.388611
0.915229, 0.388629
0.915479, 0.388647
0.915729, 0.388665
0.915979, 0.388683
0.916229, 0.388701
0.916479, 0.38872
0.916729, 0.388738
0.916979, 0.388756
0.917229, 0.388775
0.917479, 0.388794
0.917729, 0.388812
0.917979, 0.388831
0.91823, 0.38885
0.91848, 0.388869
0.91873, 0.388888
0.91898, 0.388907
0.91923, 0.388927
0.91948, 0.388946
0.91973, 0.388966
0.91998, 0.388985
0.92023, 0.389005
0.92048, 0.389025
0.92073, 0.389044
0.92098, 0.389064
0.92123, 0.389084
0.92148, 0.389105
0.92173, 0.389125
0.92198, 0.389145
0.922231, 0.389165
0.922481, 0.389186
0.922731, 0.389207
0.922981, 0.389227
0.923231, 0.389248
0.923481, 0.389269
0.923731, 0.38929
0.923981, 0.389311
0.924231, 0.389332
0.924481, 0.389353
0.924731, 0.389375
0.924981, 0.389396
0.925231, 0.389417
0.925481, 0.389439
0.925731, 0.389461
0.925981, 0.389483
0.926232, 0.389504
0.926482, 0.389526
0.926732, 0.389548
0.926982, 0.389571
0.927232, 0.389593
0.927482, 0.389615
0.927732, 0.389638
0.927982, 0.38966
0.928232, 0.389683
0.928482, 0.389705
0.928732, 0.389728
0.928982, 0.389751
0.929232, 0.389774
0.929482, 0.389797
0.929732, 0.38982
0.929982, 0.389844
0.930233, 0.389867
0.930483, 0.38989
0.930733, 0.389914
0.930983, 0.389938
0.931233, 0.389961
0.931483, 0.389985
0.931733, 0.390009
0.931983, 0.390033
0.932233, 0.390057
0.932483, 0.390081
0.932733, 0.390106
0.932983, 0.39013
0.933233, 0.390154
0.933483, 0.390179
0.933733, 0.390204
0.933983, 0.390228
0.934234, 0.390253
0.934484, 0.390278
0.934734, 0.390303
0.934984, 0.390328
0.935234, 0.390354
0.935484, 0.390379
0.935734, 0.390404
0.935984, 0.39043
0.936234, 0.390455
0.936484, 0.390481
0.936734, 0.390507
0.936984, 0.390533
0.937234, 0.390558
0.937484, 0.390584
0.937734, 0.390611
0.937984, 0.390637
0.938235, 0.390663
0.938485, 0.39069
0.938735, 0.390716
0.938985, 0.390743
0.939235, 0.390769
0.939485, 0.390796
0.939735, 0.390823
0.939985, 0.39085
0.940235, 0.390877
0.940485, 0.390904
0.940735, 0.390931
0.940985, 0.390959
0.941235, 0.390986
0.941485, 0.391014
0.941735, 0.391041
0.941985, 0.391069
0.942236, 0.391097
0.942486, 0.391125
0.942736, 0.391153
0.942986, 0.391181
0.943236, 0.391209
0.943486, 0.391237
0.943736, 0.391265
0.943986, 0.391294
0.944236, 0.391322
0.944486, 0.391351
0.944736, 0.39138
0.944986, 0.391408
0.945236, 0.391437
0.945486, 0.391466
0.945736, 0.391495
0.945986, 0.391525
0.946237, 0.391554
0.946487, 0.391583
0.946737, 0.391613
0.946987, 0.391642
0.947237, 0.391672
0.947487, 0.391702
0.947737, 0.391731
0.947987, 0.391761
0.948237, 0.391791
0.948487, 0.391821
0.948737, 0.391852
0.948987, 0.391882
0.949237, 0.391912
0.949487, 0.391943
0.949737, 0.391973
0.949987, 0.392004
0.950238, 0.392035
0.950488, 0.392066
0.950738, 0.392097
0.950988, 0.392128
0.951238, 0.392159
0.951488, 0.39219
0.951738, 0.392221
0.951988, 0.392253
0.952238, 0.392284
0.952488, 0.392316
0.952738, 0.392347
0.952988, 0.392379
0.953238, 0.392411
0.953488, 0.392443
0.953738, 0.392475
0.953988, 0.392507
0.954239, 0.392539
0.954489, 0.392572
0.954739, 0.392604
0.954989, 0.392637
0.955239, 0.392669
0.955489, 0.392702
0.955739, 0.392735
0.955989, 0.392768
0.956239, 0.392801
0.956489, 0.392834
0.956739, 0.392867
0.956989, 0.3929
0.957239, 0.392933
0.957489, 0.392967
0.957739, 0.393
0.957989, 0.393034
0.95824, 0.393068
0.95849, 0.393101
0.95874, 0.393135
0.95899, 0.393169
0.95924, 0.393203
0.95949, 0.393238
0.95974, 0.393272
0.95999, 0.393306
0.96024, 0.393341
0.96049, 0.393375
0.96074, 0.39341
0.96099, 0.393445
0.96124, 0.393479
0.96149, 0.393514
0.96174, 0.393549
0.96199, 0.393584
0.962241, 0.39362
0.962491, 0.393655
0.962741, 0.39369
0.962991, 0.393726
0.963241, 0.393761
0.963491, 0.393797
0.963741, 0.393833
0.963991, 0.393869
0.964241, 0.393905
0.964491, 0.393941
0.964741, 0.393977
0.964991, 0.394013
0.965241, 0.394049
0.965491, 0.394086
0.965741, 0.394122
0.965991, 0.394159
0.966242, 0.394195
0.966492, 0.394232
0.966742, 0.394269
0.966992, 0.394306
0.967242, 0.394343
0.967492, 0.39438
0.967742, 0.394417
0.967992, 0.394455
0.968242, 0.394492
0.968492, 0.39453
0.968742, 0.394567
0.968992, 0.394605
0.969242, 0.394643
0.969492, 0.394681
0.969742, 0.394719
0.969992, 0.394757
0.970243, 0.394795
0.970493, 0.394833
0.970743, 0.394871
0.970993, 0.39491
0.971243, 0.394948
0.971493, 0.394987
0.971743, 0.395026
0.971993, 0.395065
0.972243, 0.395104
0.972493, 0.395143
0.972743, 0.395182
0.972993, 0.395221
0.973243, 0.39526
0.973493, 0.395299
0.973743, 0.395339
0.973993, 0.395378
0.974244, 0.395418
0.974494, 0.395458
0.974744, 0.395498
0.974994, 0.395538
0.975244, 0.395578
0.975494, 0.395618
0.975744, 0.395658
0.975994, 0.395698
0.976244, 0.395739
0.976494, 0.395779
0.976744, 0.39582
0.976994, 0.39586
0.977244, 0.395901
0.977494, 0.395942
0.977744, 0.395983
0.977994, 0.396024
0.978245, 0.396065
0.978495, 0.396106
0.978745, 0.396148
0.978995, 0.396189
0.979245, 0.396231
0.979495, 0.396272
0.979745, 0.396314
0.979995, 0.396356
0.980245, 0.396398
0.980495, 0.39644
0.980745, 0.396482
0.980995, 0.396524
0.981245, 0.396566
0.981495, 0.396608
0.981745, 0.396651
0.981995, 0.396693
0.982246, 0.396736
0.982496, 0.396779
0.982746, 0.396821
0.982996, 0.396864
0.983246, 0.396907
0.983496, 0.39695
0.983746, 0.396994
0.983996, 0.397037
0.984246, 0.39708
0.984496, 0.397124
0.984746, 0.397167
0.984996, 0.397211
0.985246, 0.397255
0.985496, 0.397298
0.985746, 0.397342
0.985996, 0.397386
0.986247, 0.397431
0.986497, 0.397475
0.986747, 0.397519
0.986997, 0.397563
0.987247, 0.397608
0.987497, 0.397652
0.987747, 0.397697
0.987997, 0.397742
0.988247, 0.397787
0.988497, 0.397832
0.988747, 0.397877
0.988997, 0.397922
0.989247, 0.397967
0.989497, 0.398012
0.989747, 0.398058
0.989997, 0.398103
0.990248, 0.398149
0.990498, 0.398195
0.990748, 0.39824
0.990998, 0.398286
0.991248, 0.398332
0.991498, 0.398378
0.991748, 0.398425
0.991998, 0.398471
0.992248, 0.398517
0.992498, 0.398564
0.992748, 0.39861
0.992998, 0.398657
0.993248, 0.398703
0.993498, 0.39875
0.993748, 0.398797
0.993998, 0.398844
0.994249, 0.398891
0.994499, 0.398938
0.994749, 0.398986
0.994999, 0.399033
0.995249, 0.399081
0.995499, 0.399128
0.995749, 0.399176
0.995999, 0.399223
0.996249, 0.399271
0.996499, 0.399319
0.996749, 0.399367
0.996999, 0.399415
0.997249, 0.399464
0.997499, 0.399512
0.997749, 0.39956
0.997999, 0.399609
0.99825, 0.399657
0.9985, 0.399706
0.99875, 0.399755
0.999, 0.399804
0.99925, 0.399853
0.9995, 0.399902
0.99975, 0.399951
1, 0.4

