0, 1
0.000250063, 0.999643
0.000500125, 0.999286
0.000750188, 0.99893
0.00100025, 0.998573
0.00125031, 0.998217
0.00150038, 0.997861
0.00175044, 0.997505
0.0020005, 0.997149
0.00225056, 0.996794
0.00250063, 0.996438
0.00275069, 0.996083
0.00300075, 0.995728
0.00325081, 0.995373
0.00350088, 0.995019
0.00375094, 0.994664
0.004001, 0.99431
0.00425106, 0.993955
0.00450113, 0.993601
0.00475119, 0.993248
0.00500125, 0.992894
0.00525131, 0.99254
0.00550138, 0.992187
0.00575144, 0.991834
0.0060015, 0.991481
0.00625156, 0.991128
0.00650163, 0.990775
0.00675169, 0.990423
0.00700175, 0.99007
0.00725181, 0.989718
0.00750188, 0.989366
0.00775194, 0.989014
0.008002, 0.988663
0.00825206, 0.988311
0.00850213, 0.98796
0.00875219, 0.987609
0.00900225, 0.987258
0.00925231, 0.986907
0.00950238, 0.986556
0.00975244, 0.986206
0.0100025, 0.985855
0.0102526, 0.985505
0.0105026, 0.985155
0.0107527, 0.984805
0.0110028, 0.984456
0.0112528, 0.984106
0.0115029, 0.983757
0.0117529, 0.983408
0.012003, 0.983059
0.0122531, 0.98271
0.0125031, 0.982361
0.0127532, 0.982013
0.0130033, 0.981664
0.0132533, 0.981316
0.0135034, 0.980968
0.0137534, 0.98062
0.0140035, 0.980273
0.0142536, 0.979925
0.0145036, 0.979578
0.0147537, 0.979231
0.0150038, 0.978884
0.0152538, 0.978537
0.0155039, 0.97819
0.0157539, 0.977844
0.016004, 0.977497
0.0162541, 0.977151
0.0165041, 0.976805
0.0167542, 0.976459
0.0170043, 0.976114
0.0172543, 0.975768
0.0175044, 0.975423
0.0177544, 0.975078
0.0180045, 0.974733
0.0182546, 0.974388
0.0185046, 0.974043
0.0187547, 0.973699
0.0190048, 0.973354
0.0192548, 0.97301
0.0195049, 0.972666
0.0197549, 0.972322
0.020005, 0.971979
0.0202551, 0.971635
0.0205051, 0.971292
0.0207552, 0.970948
0.0210053, 0.970605
0.0212553, 0.970263
0.0215054, 0.96992
0.0217554, 0.969577
0.0220055, 0.969235
0.0222556, 0.968893
0.0225056, 0.968551
0.0227557, 0.968209
0.0230058, 0.967867
0.0232558, 0.967526
0.0235059, 0.967184
0.0237559, 0.966843
0.024006, 0.966502
0.0242561, 0.966161
0.0245061, 0.965821
0.0247562, 0.96548
0.0250063, 0.96514
0.0252563, 0.964799
0.0255064, 0.964459
0.0257564, 0.964119
0.0260065, 0.96378
0.0262566, 0.96344
0.0265066, 0.963101
0.0267567, 0.962761
0.0270068, 0.962422
0.0272568, 0.962083
0.0275069, 0.961745
0.0277569, 0.961406
0.028007, 0.961068
0.0282571, 0.96073
0.0285071, 0.960391
0.0287572, 0.960053
0.0290073, 0.959716
0.0292573, 0.959378
0.0295074, 0.959041
0.0297574, 0.958703
0.0300075, 0.958366
0.0302576, 0.958029
0.0305076, 0.957693
0.0307577, 0.957356
0.0310078, 0.957019
0.0312578, 0.956683
0.0315079, 0.956347
0.0317579, 0.956011
0.032008, 0.955675
0.0322581, 0.95534
0.0325081, 0.955004
0.0327582, 0.954669
0.0330083, 0.954334
0.0332583, 0.953999
0.0335084, 0.953664
0.0337584, 0.953329
0.0340085, 0.952995
0.0342586, 0.95266
0.0345086, 0.952326
0.0347587, 0.951992
0.0350088, 0.951658
0.0352588, 0.951325
0.0355089, 0.950991
0.0357589, 0.950658
0.036009, 0.950324
0.0362591, 0.949991
0.0365091, 0.949658
0.0367592, 0.949326
0.0370093, 0.948993
0.0372593, 0.948661
0.0375094, 0.948329
0.0377594, 0.947996
0.0380095, 0.947665
0.0382596, 0.947333
0.0385096, 0.947001
0.0387597, 0.94667
0.0390098, 0.946338
0.0392598, 0.946007
0.0395099, 0.945676
0.0397599, 0.945346
0.04001, 0.945015
0.0402601, 0.944684
0.0405101, 0.944354
0.0407602, 0.944024
0.0410103, 0.943694
0.0412603, 0.943364
0.0415104, 0.943035
0.0417604, 0.942705
0.0420105, 0.942376
0.0422606, 0.942047
0.0425106, 0.941717
0.0427607, 0.941389
0.0430108, 0.94106
0.0432608, 0.940731
0.0435109, 0.940403
0.0437609, 0.940075
0.044011, 0.939747
0.0442611, 0.939419
0.0445111, 0.939091
0.0447612, 0.938763
0.0450113, 0.938436
0.0452613, 0.938109
0.0455114, 0.937782
0.0457614, 0.937455
0.0460115, 0.937128
0.0462616, 0.936801
0.0465116, 0.936475
0.0467617, 0.936149
0.0470118, 0.935822
0.0472618, 0.935496
0.0475119, 0.935171
0.0477619, 0.934845
0.048012, 0.934519
0.0482621, 0.934194
0.0485121, 0.933869
0.0487622, 0.933544
0.0490123, 0.933219
0.0492623, 0.932894
0.0495124, 0.93257
0.0497624, 0.932245
0.0500125, 0.931921
0.0502626, 0.931597
0.0505126, 0.931273
0.0507627, 0.930949
0.0510128, 0.930626
0.0512628, 0.930302
0.0515129, 0.929979
0.0517629, 0.929656
0.052013, 0.929333
0.0522631, 0.92901
0.0525131, 0.928687
0.0527632, 0.928365
0.0530133, 0.928043
0.0532633, 0.92772
0.0535134, 0.927398
0.0537634, 0.927077
0.0540135, 0.926755
0.0542636, 0.926433
0.0545136, 0.926112
0.0547637, 0.925791
0.0550138, 0.92547
0.0552638, 0.925149
0.0555139, 0.924828
0.0557639, 0.924507
0.056014, 0.924187
0.0562641, 0.923867
0.0565141, 0.923546
0.0567642, 0.923227
0.0570143, 0.922907
0.0572643, 0.922587
0.0575144, 0.922268
0.0577644, 0.921948
0.0580145, 0.921629
0.0582646, 0.92131
0.0585146, 0.920991
0.0587647, 0.920672
0.0590148, 0.920354
0.0592648, 0.920035
0.0595149, 0.919717
0.0597649, 0.919399
0.060015, 0.919081
0.0602651, 0.918763
0.0605151, 0.918446
0.0607652, 0.918128
0.0610153, 0.917811
0.0612653, 0.917494
0.0615154, 0.917177
0.0617654, 0.91686
0.0620155, 0.916543
0.0622656, 0.916227
0.0625156, 0.915911
0.0627657, 0.915594
0.0630158, 0.915278
0.0632658, 0.914962
0.0635159, 0.914647
0.0637659, 0.914331
0.064016, 0.914016
0.0642661, 0.9137
0.0645161, 0.913385
0.0647662, 0.91307
0.0650163, 0.912756
0.0652663, 0.912441
0.0655164, 0.912126
0.0657664, 0.911812
0.0660165, 0.911498
0.0662666, 0.911184
0.0665166, 0.91087
0.0667667, 0.910556
0.0670168, 0.910243
0.0672668, 0.909929
0.0675169, 0.909616
0.0677669, 0.909303
0.068017, 0.90899
0.0682671, 0.908677
0.0685171, 0.908365
0.0687672, 0.908052
0.0690173, 0.90774
0.0692673, 0.907428
0.0695174, 0.907116
0.0697674, 0.906804
0.0700175, 0.906492
0.0702676, 0.906181
0.0705176, 0.905869
0.0707677, 0.905558
0.0710178, 0.905247
0.0712678, 0.904936
0.0715179, 0.904625
0.0717679, 0.904315
0.072018, 0.904004
0.0722681, 0.903694
0.0725181, 0.903384
0.0727682, 0.903074
0.0730183, 0.902764
0.0732683, 0.902454
0.0735184, 0.902145
0.0737684, 0.901835
0.0740185, 0.901526
0.0742686, 0.901217
0.0745186, 0.900908
0.0747687, 0.900599
0.0750188, 0.900291
0.0752688, 0.899982
0.0755189, 0.899674
0.0757689, 0.899366
0.076019, 0.899058
0.0762691, 0.89875
0.0765191, 0.898442
0.0767692, 0.898135
0.0770193, 0.897828
0.0772693, 0.89752
0.0775194, 0.897213
0.0777694, 0.896906
0.0780195, 0.8966
0.0782696, 0.896293
0.0785196, 0.895986
0.0787697, 0.89568
0.0790198, 0.895374
0.0792698, 0.895068
0.0795199, 0.894762
0.0797699, 0.894456
0.08002, 0.894151
0.0802701, 0.893846
0.0805201, 0.89354
0.0807702, 0.893235
0.0810203, 0.89293
0.0812703, 0.892626
0.0815204, 0.892321
0.0817704, 0.892016
0.0820205, 0.891712
0.0822706, 0.891408
0.0825206, 0.891104
0.0827707, 0.8908
0.0830208, 0.890496
0.0832708, 0.890193
0.0835209, 0.889889
0.0837709, 0.889586
0.084021, 0.889283
0.0842711, 0.88898
0.0845211, 0.888677
0.0847712, 0.888375
0.0850213, 0.888072
0.0852713, 0.88777
0.0855214, 0.887468
0.0857714, 0.887166
0.0860215, 0.886864
0.0862716, 0.886562
0.0865216, 0.88626
0.0867717, 0.885959
0.0870218, 0.885658
0.0872718, 0.885357
0.0875219, 0.885056
0.0877719, 0.884755
0.088022, 0.884454
0.0882721, 0.884154
0.0885221, 0.883853
0.0887722, 0.883553
0.0890223, 0.883253
0.0892723, 0.882953
0.0895224, 0.882653
0.0897724, 0.882354
0.0900225, 0.882054
0.0902726, 0.881755
0.0905226, 0.881456
0.0907727, 0.881157
0.0910228, 0.880858
0.0912728, 0.880559
0.0915229, 0.880261
0.0917729, 0.879962
0.092023, 0.879664
0.0922731, 0.879366
0.0925231, 0.879068
0.0927732, 0.87877
0.0930233, 0.878473
0.0932733, 0.878175
0.0935234, 0.877878
0.0937734, 0.877581
0.0940235, 0.877283
0.0942736, 0.876987
0.0945236, 0.87669
0.0947737, 0.876393
0.0950238, 0.876097
0.0952738, 0.8758
0.0955239, 0.875504
0.0957739, 0.875208
0.096024, 0.874913
0.0962741, 0.874617
0.0965241, 0.874321
0.0967742, 0.874026
0.0970243, 0.873731
0.0972743, 0.873436
0.0975244, 0.873141
0.0977744, 0.872846
0.0980245, 0.872551
0.0982746, 0.872257
0.0985246, 0.871962
0.0987747, 0.871668
0.0990248, 0.871374
0.0992748, 0.87108
0.0995249, 0.870786
0.0997749, 0.870493
0.100025, 0.870199
0.100275, 0.869906
0.100525, 0.869613
0.100775, 0.86932
0.101025, 0.869027
0.101275, 0.868734
0.101525, 0.868442
0.101775, 0.868149
0.102026, 0.867857
0.102276, 0.867565
0.102526, 0.867273
0.102776, 0.866981
0.103026, 0.86669
0.103276, 0.866398
0.103526, 0.866107
0.103776, 0.865815
0.104026, 0.865524
0.104276, 0.865234
0.104526, 0.864943
0.104776, 0.864652
0.105026, 0.864362
0.105276, 0.864071
0.105526, 0.863781
0.105776, 0.863491
0.106027, 0.863201
0.106277, 0.862912
0.106527, 0.862622
0.106777, 0.862332
0.107027, 0.862043
0.107277, 0.861754
0.107527, 0.861465
0.107777, 0.861176
0.108027, 0.860888
0.108277, 0.860599
0.108527, 0.860311
0.108777, 0.860022
0.109027, 0.859734
0.109277, 0.859446
0.109527, 0.859158
0.109777, 0.858871
0.110028, 0.858583
0.110278, 0.858296
0.110528, 0.858009
0.110778, 0.857722
0.111028, 0.857435
0.111278, 0.857148
0.111528, 0.856861
0.111778, 0.856575
0.112028, 0.856288
0.112278, 0.856002
0.112528, 0.855716
0.112778, 0.85543
0.113028, 0.855145
0.113278, 0.854859
0.113528, 0.854574
0.113778, 0.854288
0.114029, 0.854003
0.114279, 0.853718
0.114529, 0.853433
0.114779, 0.853149
0.115029, 0.852864
0.115279, 0.85258
0.115529, 0.852295
0.115779, 0.852011
0.116029, 0.851727
0.116279, 0.851443
0.116529, 0.85116
0.116779, 0.850876
0.117029, 0.850593
0.117279, 0.850309
0.117529, 0.850026
0.117779, 0.849743
0.11803, 0.849461
0.11828, 0.849178
0.11853, 0.848895
0.11878, 0.848613
0.11903, 0.848331
0.11928, 0.848049
0.11953, 0.847767
0.11978, 0.847485
0.12003, 0.847203
0.12028, 0.846922
0.12053, 0.84664
0.12078, 0.846359
0.12103, 0.846078
0.12128, 0.845797
0.12153, 0.845517
0.12178, 0.845236
0.122031, 0.844955
0.122281, 0.844675
0.122531, 0.844395
0.122781, 0.844115
0.123031, 0.843835
0.123281, 0.843555
0.123531, 0.843276
0.123781, 0.842996
0.124031, 0.842717
0.124281, 0.842438
0.124531, 0.842159
0.124781, 0.84188
0.125031, 0.841601
0.125281, 0.841322
0.125531, 0.841044
0.125781, 0.840766
0.126032, 0.840488
0.126282, 0.84021
0.126532, 0.839932
0.126782, 0.839654
0.127032, 0.839376
0.127282, 0.839099
0.127532, 0.838822
0.127782, 0.838545
0.128032, 0.838268
0.128282, 0.837991
0.128532, 0.837714
0.128782, 0.837437
0.129032, 0.837161
0.129282, 0.836885
0.129532, 0.836609
0.129782, 0.836333
0.130033, 0.836057
0.130283, 0.835781
0.130533, 0.835506
0.130783, 0.83523
0.131033, 0.834955
0.131283, 0.83468
0.131533, 0.834405
0.131783, 0.83413
0.132033, 0.833855
0.132283, 0.833581
0.132533, 0.833306
0.132783, 0.833032
0.133033, 0.832758
0.133283, 0.832484
0.133533, 0.83221
0.133783, 0.831937
0.134034, 0.831663
0.134284, 0.83139
0.134534, 0.831116
0.134784, 0.830843
0.135034, 0.83057
0.135284, 0.830297
0.135534, 0.830025
0.135784, 0.829752
0.136034, 0.82948
0.136284, 0.829208
0.136534, 0.828936
0.136784, 0.828664
0.137034, 0.828392
0.137284, 0.82812
0.137534, 0.827849
0.137784, 0.827577
0.138035, 0.827306
0.138285, 0.827035
0.138535, 0.826764
0.138785, 0.826493
0.139035, 0.826222
0.139285, 0.825952
0.139535, 0.825681
0.139785, 0.825411
0.140035, 0.825141
0.140285, 0.824871
0.140535, 0.824601
0.140785, 0.824332
0.141035, 0.824062
0.141285, 0.823793
0.141535, 0.823524
0.141785, 0.823254
0.142036, 0.822985
0.142286, 0.822717
0.142536, 0.822448
0.142786, 0.822179
0.143036, 0.821911
0.143286, 0.821643
0.143536, 0.821375
0.143786, 0.821107
0.144036, 0.820839
0.144286, 0.820571
0.144536, 0.820304
0.144786, 0.820036
0.145036, 0.819769
0.145286, 0.819502
0.145536, 0.819235
0.145786, 0.818968
0.146037, 0.818701
0.146287, 0.818435
0.146537, 0.818169
0.146787, 0.817902
0.147037, 0.817636
0.147287, 0.81737
0.147537, 0.817104
0.147787, 0.816839
0.148037, 0.816573
0.148287, 0.816308
0.148537, 0.816042
0.148787, 0.815777
0.149037, 0.815512
0.149287, 0.815247
0.149537, 0.814983
0.149787, 0.814718
0.150038, 0.814454
0.150288, 0.81419
0.150538, 0.813925
0.150788, 0.813661
0.151038, 0.813398
0.151288, 0.813134
0.151538, 0.81287
0.151788, 0.812607
0.152038, 0.812344
0.152288, 0.81208
0.152538, 0.811817
0.152788, 0.811554
0.153038, 0.811292
0.153288, 0.811029
0.153538, 0.810767
0.153788, 0.810504
0.154039, 0.810242
0.154289, 0.80998
0.154539, 0.809718
0.154789, 0.809457
0.155039, 0.809195
0.155289, 0.808934
0.155539, 0.808672
0.155789, 0.808411
0.156039, 0.80815
0.156289, 0.807889
0.156539, 0.807628
0.156789, 0.807368
0.157039, 0.807107
0.157289, 0.806847
0.157539, 0.806587
0.157789, 0.806327
0.15804, 0.806067
0.15829, 0.805807
0.15854, 0.805547
0.15879, 0.805288
0.15904, 0.805028
0.15929, 0.804769
0.15954, 0.80451
0.15979, 0.804251
0.16004, 0.803992
0.16029, 0.803734
0.16054, 0.803475
0.16079, 0.803217
0.16104, 0.802959
0.16129, 0.8027
0.16154, 0.802442
0.16179, 0.802185
0.162041, 0.801927
0.162291, 0.801669
0.162541, 0.801412
0.162791, 0.801155
0.163041, 0.800898
0.163291, 0.800641
0.163541, 0.800384
0.163791, 0.800127
0.164041, 0.799871
0.164291, 0.799614
0.164541, 0.799358
0.164791, 0.799102
0.165041, 0.798846
0.165291, 0.79859
0.165541, 0.798334
0.165791, 0.798078
0.166042, 0.797823
0.166292, 0.797568
0.166542, 0.797312
0.166792, 0.797057
0.167042, 0.796803
0.167292, 0.796548
0.167542, 0.796293
0.167792, 0.796039
0.168042, 0.795784
0.168292, 0.79553
0.168542, 0.795276
0.168792, 0.795022
0.169042, 0.794768
0.169292, 0.794515
0.169542, 0.794261
0.169792, 0.794008
0.170043, 0.793755
0.170293, 0.793501
0.170543, 0.793248
0.170793, 0.792996
0.171043, 0.792743
0.171293, 0.79249
0.171543, 0.792238
0.171793, 0.791986
0.172043, 0.791734
0.172293, 0.791482
0.172543, 0.79123
0.172793, 0.790978
0.173043, 0.790726
0.173293, 0.790475
0.173543, 0.790224
0.173793, 0.789972
0.174044, 0.789721
0.174294, 0.789471
0.174544, 0.78922
0.174794, 0.788969
0.175044, 0.788719
0.175294, 0.788468
0.175544, 0.788218
0.175794, 0.787968
0.176044, 0.787718
0.176294, 0.787468
0.176544, 0.787219
0.176794, 0.786969
0.177044, 0.78672
0.177294, 0.786471
0.177544, 0.786221
0.177794, 0.785972
0.178045, 0.785724
0.178295, 0.785475
0.178545, 0.785226
0.178795, 0.784978
0.179045, 0.78473
0.179295, 0.784482
0.179545, 0.784234
0.179795, 0.783986
0.180045, 0.783738
0.180295, 0.78349
0.180545, 0.783243
0.180795, 0.782996
0.181045, 0.782748
0.181295, 0.782501
0.181545, 0.782254
0.181795, 0.782008
0.182046, 0.781761
0.182296, 0.781514
0.182546, 0.781268
0.182796, 0.781022
0.183046, 0.780776
0.183296, 0.78053
0.183546, 0.780284
0.183796, 0.780038
0.184046, 0.779793
0.184296, 0.779547
0.184546, 0.779302
0.184796, 0.779057
0.185046, 0.778812
0.185296, 0.778567
0.185546, 0.778322
0.185796, 0.778078
0.186047, 0.777833
0.186297, 0.777589
0.186547, 0.777345
0.186797, 0.777101
0.187047, 0.776857
0.187297, 0.776613
0.187547, 0.776369
0.187797, 0.776126
0.188047, 0.775883
0.188297, 0.775639
0.188547, 0.775396
0.188797, 0.775153
0.189047, 0.77491
0.189297, 0.774668
0.189547, 0.774425
0.189797, 0.774183
0.190048, 0.77394
0.190298, 0.773698
0.190548, 0.773456
0.190798, 0.773214
0.191048, 0.772973
0.191298, 0.772731
0.191548, 0.77249
0.191798, 0.772248
0.192048, 0.772007
0.192298, 0.771766
0.192548, 0.771525
0.192798, 0.771284
0.193048, 0.771044
0.193298, 0.770803
0.193548, 0.770563
0.193798, 0.770322
0.194049, 0.770082
0.194299, 0.769842
0.194549, 0.769602
0.194799, 0.769363
0.195049, 0.769123
0.195299, 0.768884
0.195549, 0.768644
0.195799, 0.768405
0.196049, 0.768166
0.196299, 0.767927
0.196549, 0.767689
0.196799, 0.76745
0.197049, 0.767211
0.197299, 0.766973
0.197549, 0.766735
0.197799, 0.766497
0.19805, 0.766259
0.1983, 0.766021
0.19855, 0.765783
0.1988, 0.765546
0.19905, 0.765308
0.1993, 0.765071
0.19955, 0.764834
0.1998, 0.764597
0.20005, 0.76436
0.2003, 0.764123
0.20055, 0.763887
0.2008, 0.76365
0.20105, 0.763414
0.2013, 0.763177
0.20155, 0.762941
0.2018, 0.762705
0.202051, 0.76247
0.202301, 0.762234
0.202551, 0.761998
0.202801, 0.761763
0.203051, 0.761528
0.203301, 0.761293
0.203551, 0.761058
0.203801, 0.760823
0.204051, 0.760588
0.204301, 0.760353
0.204551, 0.760119
0.204801, 0.759885
0.205051, 0.75965
0.205301, 0.759416
0.205551, 0.759182
0.205801, 0.758948
0.206052, 0.758715
0.206302, 0.758481
0.206552, 0.758248
0.206802, 0.758015
0.207052, 0.757781
0.207302, 0.757548
0.207552, 0.757316
0.207802, 0.757083
0.208052, 0.75685
0.208302, 0.756618
0.208552, 0.756385
0.208802, 0.756153
0.209052, 0.755921
0.209302, 0.755689
0.209552, 0.755457
0.209802, 0.755226
0.210053, 0.754994
0.210303, 0.754763
0.210553, 0.754532
0.210803, 0.7543
0.211053, 0.754069
0.211303, 0.753839
0.211553, 0.753608
0.211803, 0.753377
0.212053, 0.753147
0.212303, 0.752916
0.212553, 0.752686
0.212803, 0.752456
0.213053, 0.752226
0.213303, 0.751996
0.213553, 0.751767
0.213803, 0.751537
0.214054, 0.751308
0.214304, 0.751078
0.214554, 0.750849
0.214804, 0.75062
0.215054, 0.750391
0.215304, 0.750163
0.215554, 0.749934
0.215804, 0.749705
0.216054, 0.749477
0.216304, 0.749249
0.216554, 0.749021
0.216804, 0.748793
0.217054, 0.748565
0.217304, 0.748337
0.217554, 0.74811
0.217804, 0.747882
0.218055, 0.747655
0.218305, 0.747428
0.218555, 0.747201
0.218805, 0.746974
0.219055, 0.746747
0.219305, 0.746521
0.219555, 0.746294
0.219805, 0.746068
0.220055, 0.745841
0.220305, 0.745615
0.220555, 0.745389
0.220805, 0.745163
0.221055, 0.744938
0.221305, 0.744712
0.221555, 0.744487
0.221805, 0.744261
0.222056, 0.744036
0.222306, 0.743811
0.222556, 0.743586
0.222806, 0.743361
0.223056, 0.743137
0.223306, 0.742912
0.223556, 0.742688
0.223806, 0.742464
0.224056, 0.742239
0.224306, 0.742015
0.224556, 0.741792
0.224806, 0.741568
0.225056, 0.741344
0.225306, 0.741121
0.225556, 0.740897
0.225806, 0.740674
0.226057, 0.740451
0.226307, 0.740228
0.226557, 0.740005
0.226807, 0.739783
0.227057, 0.73956
0.227307, 0.739338
0.227557, 0.739115
0.227807, 0.738893
0.228057, 0.738671
0.228307, 0.738449
0.228557, 0.738227
0.228807, 0.738006
0.229057, 0.737784
0.229307, 0.737563
0.229557, 0.737342
0.229807, 0.737121
0.230058, 0.7369
0.230308, 0.736679
0.230558, 0.736458
0.230808, 0.736237
0.231058, 0.736017
0.231308, 0.735797
0.231558, 0.735576
0.231808, 0.735356
0.232058, 0.735136
0.232308, 0.734916
0.232558, 0.734697
0.232808, 0.734477
0.233058, 0.734258
0.233308, 0.734039
0.233558, 0.733819
0.233808, 0.7336
0.234059, 0.733381
0.234309, 0.733163
0.234559, 0.732944
0.234809, 0.732725
0.235059, 0.732507
0.235309, 0.732289
0.235559, 0.732071
0.235809, 0.731853
0.236059, 0.731635
0.236309, 0.731417
0.236559, 0.7312
0.236809, 0.730982
0.237059, 0.730765
0.237309, 0.730547
0.237559, 0.73033
0.237809, 0.730113
0.23806, 0.729897
0.23831, 0.72968
0.23856, 0.729463
0.23881, 0.729247
0.23906, 0.729031
0.23931, 0.728814
0.23956, 0.728598
0.23981, 0.728382
0.24006, 0.728167
0.24031, 0.727951
0.24056, 0.727736
0.24081, 0.72752
0.24106, 0.727305
0.24131, 0.72709
0.24156, 0.726875
0.24181, 0.72666
0.242061, 0.726445
0.242311, 0.72623
0.242561, 0.726016
0.242811, 0.725802
0.243061, 0.725587
0.243311, 0.725373
0.243561, 0.725159
0.243811, 0.724945
0.244061, 0.724732
0.244311, 0.724518
0.244561, 0.724305
0.244811, 0.724091
0.245061, 0.723878
0.245311, 0.723665
0.245561, 0.723452
0.245811, 0.723239
0.246062, 0.723027
0.246312, 0.722814
0.246562, 0.722602
0.246812, 0.722389
0.247062, 0.722177
0.247312, 0.721965
0.247562, 0.721753
0.247812, 0.721541
0.248062, 0.72133
0.248312, 0.721118
0.248562, 0.720907
0.248812, 0.720696
0.249062, 0.720484
0.249312, 0.720273
0.249562, 0.720063
0.249812, 0.719852
0.250063, 0.719641
0.250313, 0.719431
0.250563, 0.71922
0.250813, 0.71901
0.251063, 0.7188
0.251313, 0.71859
0.251563, 0.71838
0.251813, 0.71817
0.252063, 0.717961
0.252313, 0.717751
0.252563, 0.717542
0.252813, 0.717333
0.253063, 0.717124
0.253313, 0.716915
0.253563, 0.716706
0.253813, 0.716497
0.254064, 0.716289
0.254314, 0.71608
0.254564, 0.715872
0.254814, 0.715664
0.255064, 0.715455
0.255314, 0.715248
0.255564, 0.71504
0.255814, 0.714832
0.256064, 0.714625
0.256314, 0.714417
0.256564, 0.71421
0.256814, 0.714003
0.257064, 0.713796
0.257314, 0.713589
0.257564, 0.713382
0.257814, 0.713175
0.258065, 0.712969
0.258315, 0.712762
0.258565, 0.712556
0.258815, 0.71235
0.259065, 0.712144
0.259315, 0.711938
0.259565, 0.711732
0.259815, 0.711527
0.260065, 0.711321
0.260315, 0.711116
0.260565, 0.71091
0.260815, 0.710705
0.261065, 0.7105
0.261315, 0.710295
0.261565, 0.710091
0.261815, 0.709886
0.262066, 0.709682
0.262316, 0.709477
0.262566, 0.709273
0.262816, 0.709069
0.263066, 0.708865
0.263316, 0.708661
0.263566, 0.708457
0.263816, 0.708254
0.264066, 0.70805
0.264316, 0.707847
0.264566, 0.707644
0.264816, 0.70744
0.265066, 0.707237
0.265316, 0.707035
0.265566, 0.706832
0.265816, 0.706629
0.266067, 0.706427
0.266317, 0.706225
0.266567, 0.706022
0.266817, 0.70582
0.267067, 0.705618
0.267317, 0.705416
0.267567, 0.705215
0.267817, 0.705013
0.268067, 0.704812
0.268317, 0.70461
0.268567, 0.704409
0.268817, 0.704208
0.269067, 0.704007
0.269317, 0.703806
0.269567, 0.703606
0.269817, 0.703405
0.270068, 0.703205
0.270318, 0.703004
0.270568, 0.702804
0.270818, 0.702604
0.271068, 0.702404
0.271318, 0.702204
0.271568, 0.702005
0.271818, 0.701805
0.272068, 0.701606
0.272318, 0.701406
0.272568, 0.701207
0.272818, 0.701008
0.273068, 0.700809
0.273318, 0.70061
0.273568, 0.700412
0.273818, 0.700213
0.274069, 0.700015
0.274319, 0.699817
0.274569, 0.699618
0.274819, 0.69942
0.275069, 0.699222
0.275319, 0.699025
0.275569, 0.698827
0.275819, 0.698629
0.276069, 0.698432
0.276319, 0.698235
0.276569, 0.698038
0.276819, 0.697841
0.277069, 0.697644
0.277319, 0.697447
0.277569, 0.69725
0.277819, 0.697054
0.27807, 0.696857
0.27832, 0.696661
0.27857, 0.696465
0.27882, 0.696269
0.27907, 0.696073
0.27932, 0.695877
0.27957, 0.695681
0.27982, 0.695486
0.28007, 0.69529
0.28032, 0.695095
0.28057, 0.6949
0.28082, 0.694705
0.28107, 0.69451
0.28132, 0.694315
0.28157, 0.694121
0.28182, 0.693926
0.282071, 0.693732
0.282321, 0.693537
0.282571, 0.693343
0.282821, 0.693149
0.283071, 0.692955
0.283321, 0.692762
0.283571, 0.692568
0.283821, 0.692374
0.284071, 0.692181
0.284321, 0.691988
0.284571, 0.691795
0.284821, 0.691602
0.285071, 0.691409
0.285321, 0.691216
0.285571, 0.691023
0.285821, 0.690831
0.286072, 0.690638
0.286322, 0.690446
0.286572, 0.690254
0.286822, 0.690062
0.287072, 0.68987
0.287322, 0.689678
0.287572, 0.689487
0.287822, 0.689295
0.288072, 0.689104
0.288322, 0.688912
0.288572, 0.688721
0.288822, 0.68853
0.289072, 0.688339
0.289322, 0.688148
0.289572, 0.687958
0.289822, 0.687767
0.290073, 0.687577
0.290323, 0.687387
0.290573, 0.687196
0.290823, 0.687006
0.291073, 0.686816
0.291323, 0.686627
0.291573, 0.686437
0.291823, 0.686247
0.292073, 0.686058
0.292323, 0.685869
0.292573, 0.68568
0.292823, 0.68549
0.293073, 0.685302
0.293323, 0.685113
0.293573, 0.684924
0.293823, 0.684736
0.294074, 0.684547
0.294324, 0.684359
0.294574, 0.684171
0.294824, 0.683983
0.295074, 0.683795
0.295324, 0.683607
0.295574, 0.683419
0.295824, 0.683232
0.296074, 0.683044
0.296324, 0.682857
0.296574, 0.68267
0.296824, 0.682483
0.297074, 0.682296
0.297324, 0.682109
0.297574, 0.681922
0.297824, 0.681736
0.298075, 0.681549
0.298325, 0.681363
0.298575, 0.681177
0.298825, 0.680991
0.299075, 0.680805
0.299325, 0.680619
0.299575, 0.680433
0.299825, 0.680248
0.300075, 0.680062
0.300325, 0.679877
0.300575, 0.679692
0.300825, 0.679507
0.301075, 0.679322
0.301325, 0.679137
0.301575, 0.678952
0.301825, 0.678767
0.302076, 0.678583
0.302326, 0.678399
0.302576, 0.678214
0.302826, 0.67803
0.303076, 0.677846
0.303326, 0.677662
0.303576, 0.677479
0.303826, 0.677295
0.304076, 0.677112
0.304326, 0.676928
0.304576, 0.676745
0.304826, 0.676562
0.305076, 0.676379
0.305326, 0.676196
0.305576, 0.676013
0.305826, 0.675831
0.306077, 0.675648
0.306327, 0.675466
0.306577, 0.675284
0.306827, 0.675101
0.307077, 0.674919
0.307327, 0.674738
0.307577, 0.674556
0.307827, 0.674374
0.308077, 0.674193
0.308327, 0.674011
0.308577, 0.67383
0.308827, 0.673649
0.309077, 0.673468
0.309327, 0.673287
0.309577, 0.673106
0.309827, 0.672925
0.310078, 0.672745
0.310328, 0.672565
0.310578, 0.672384
0.310828, 0.672204
0.311078, 0.672024
0.311328, 0.671844
0.311578, 0.671664
0.311828, 0.671485
0.312078, 0.671305
0.312328, 0.671126
0.312578, 0.670946
0.312828, 0.670767
0.313078, 0.670588
0.313328, 0.670409
0.313578, 0.67023
0.313828, 0.670052
0.314079, 0.669873
0.314329, 0.669695
0.314579, 0.669516
0.314829, 0.669338
0.315079, 0.66916
0.315329, 0.668982
0.315579, 0.668804
0.315829, 0.668626
0.316079, 0.668449
0.316329, 0.668271
0.316579, 0.668094
0.316829, 0.667917
0.317079, 0.66774
0.317329, 0.667563
0.317579, 0.667386
0.317829, 0.667209
0.31808, 0.667032
0.31833, 0.666856
0.31858, 0.66668
0.31883, 0.666503
0.31908, 0.666327
0.31933, 0.666151
0.31958, 0.665975
0.31983, 0.665799
0.32008, 0.665624
0.32033, 0.665448
0.32058, 0.665273
0.32083, 0.665098
0.32108, 0.664922
0.32133, 0.664747
0.32158, 0.664573
0.32183, 0.664398
0.322081, 0.664223
0.322331, 0.664048
0.322581, 0.663874
0.322831, 0.6637
0.323081, 0.663526
0.323331, 0.663351
0.323581, 0.663178
0.323831, 0.663004
0.324081, 0.66283
0.324331, 0.662656
0.324581, 0.662483
0.324831, 0.66231
0.325081, 0.662136
0.325331, 0.661963
0.325581, 0.66179
0.325831, 0.661617
0.326082, 0.661445
0.326332, 0.661272
0.326582, 0.6611
0.326832, 0.660927
0.327082, 0.660755
0.327332, 0.660583
0.327582, 0.660411
0.327832, 0.660239
0.328082, 0.660067
0.328332, 0.659896
0.328582, 0.659724
0.328832, 0.659553
0.329082, 0.659381
0.329332, 0.65921
0.329582, 0.659039
0.329832, 0.658868
0.330083, 0.658697
0.330333, 0.658527
0.330583, 0.658356
0.330833, 0.658186
0.331083, 0.658015
0.331333, 0.657845
0.331583, 0.657675
0.331833, 0.657505
0.332083, 0.657335
0.332333, 0.657166
0.332583, 0.656996
0.332833, 0.656827
0.333083, 0.656657
0.333333, 0.656488
0.333583, 0.656319
0.333833, 0.65615
0.334084, 0.655981
0.334334, 0.655812
0.334584, 0.655644
0.334834, 0.655475
0.335084, 0.655307
0.335334, 0.655138
0.335584, 0.65497
0.335834, 0.654802
0.336084, 0.654634
0.336334, 0.654467
0.336584, 0.654299
0.336834, 0.654131
0.337084, 0.653964
0.337334, 0.653797
0.337584, 0.65363
0.337834, 0.653462
0.338085, 0.653296
0.338335, 0.653129
0.338585, 0.652962
0.338835, 0.652795
0.339085, 0.652629
0.339335, 0.652463
0.339585, 0.652296
0.339835, 0.65213
0.340085, 0.651964
0.340335, 0.651798
0.340585, 0.651633
0.340835, 0.651467
0.341085, 0.651302
0.341335, 0.651136
0.341585, 0.650971
0.341835, 0.650806
0.342086, 0.650641
0.342336, 0.650476
0.342586, 0.650311
0.342836, 0.650146
0.343086, 0.649982
0.343336, 0.649817
0.343586, 0.649653
0.343836, 0.649489
0.344086, 0.649325
0.344336, 0.649161
0.344586, 0.648997
0.344836, 0.648833
0.345086, 0.64867
0.345336, 0.648506
0.345586, 0.648343
0.345836, 0.64818
0.346087, 0.648017
0.346337, 0.647854
0.346587, 0.647691
0.346837, 0.647528
0.347087, 0.647365
0.347337, 0.647203
0.347587, 0.647041
0.347837, 0.646878
0.348087, 0.646716
0.348337, 0.646554
0.348587, 0.646392
0.348837, 0.64623
0.349087, 0.646069
0.349337, 0.645907
0.349587, 0.645746
0.349837, 0.645584
0.350088, 0.645423
0.350338, 0.645262
0.350588, 0.645101
0.350838, 0.64494
0.351088, 0.64478
0.351338, 0.644619
0.351588, 0.644459
0.351838, 0.644298
0.352088, 0.644138
0.352338, 0.643978
0.352588, 0.643818
0.352838, 0.643658
0.353088, 0.643498
0.353338, 0.643338
0.353588, 0.643179
0.353838, 0.64302
0.354089, 0.64286
0.354339, 0.642701
0.354589, 0.642542
0.354839, 0.642383
0.355089, 0.642224
0.355339, 0.642066
0.355589, 0.641907
0.355839, 0.641749
0.356089, 0.64159
0.356339, 0.641432
0.356589, 0.641274
0.356839, 0.641116
0.357089, 0.640958
0.357339, 0.6408
0.357589, 0.640643
0.357839, 0.640485
0.35809, 0.640328
0.35834, 0.64017
0.35859, 0.640013
0.35884, 0.639856
0.35909, 0.639699
0.35934, 0.639543
0.35959, 0.639386
0.35984, 0.639229
0.36009, 0.639073
0.36034, 0.638917
0.36059, 0.63876
0.36084, 0.638604
0.36109, 0.638448
0.36134, 0.638292
0.36159, 0.638137
0.36184, 0.637981
0.362091, 0.637826
0.362341, 0.63767
0.362591, 0.637515
0.362841, 0.63736
0.363091, 0.637205
0.363341, 0.63705
0.363591, 0.636895
0.363841, 0.63674
0.364091, 0.636586
0.364341, 0.636431
0.364591, 0.636277
0.364841, 0.636123
0.365091, 0.635969
0.365341, 0.635815
0.365591, 0.635661
0.365841, 0.635507
0.366092, 0.635354
0.366342, 0.6352
0.366592, 0.635047
0.366842, 0.634894
0.367092, 0.634741
0.367342, 0.634588
0.367592, 0.634435
0.367842, 0.634282
0.368092, 0.634129
0.368342, 0.633977
0.368592, 0.633824
0.368842, 0.633672
0.369092, 0.63352
0.369342, 0.633368
0.369592, 0.633216
0.369842, 0.633064
0.370093, 0.632912
0.370343, 0.632761
0.370593, 0.632609
0.370843, 0.632458
0.371093, 0.632306
0.371343, 0.632155
0.371593, 0.632004
0.371843, 0.631853
0.372093, 0.631703
0.372343, 0.631552
0.372593, 0.631401
0.372843, 0.631251
0.373093, 0.631101
0.373343, 0.630951
0.373593, 0.6308
0.373843, 0.630651
0.374094, 0.630501
0.374344, 0.630351
0.374594, 0.630201
0.374844, 0.630052
0.375094, 0.629903
0.375344, 0.629753
0.375594, 0.629604
0.375844, 0.629455
0.376094, 0.629306
0.376344, 0.629157
0.376594, 0.629009
0.376844, 0.62886
0.377094, 0.628712
0.377344, 0.628564
0.377594, 0.628415
0.377844, 0.628267
0.378095, 0.628119
0.378345, 0.627971
0.378595, 0.627824
0.378845, 0.627676
0.379095, 0.627529
0.379345, 0.627381
0.379595, 0.627234
0.379845, 0.627087
0.380095, 0.62694
0.380345, 0.626793
0.380595, 0.626646
0.380845, 0.626499
0.381095, 0.626353
0.381345, 0.626206
0.381595, 0.62606
0.381845, 0.625914
0.382096, 0.625768
0.382346, 0.625622
0.382596, 0.625476
0.382846, 0.62533
0.383096, 0.625185
0.383346, 0.625039
0.383596, 0.624894
0.383846, 0.624749
0.384096, 0.624603
0.384346, 0.624458
0.384596, 0.624313
0.384846, 0.624169
0.385096, 0.624024
0.385346, 0.623879
0.385596, 0.623735
0.385846, 0.623591
0.386097, 0.623446
0.386347, 0.623302
0.386597, 0.623158
0.386847, 0.623014
0.387097, 0.622871
0.387347, 0.622727
0.387597, 0.622584
0.387847, 0.62244
0.388097, 0.622297
0.388347, 0.622154
0.388597, 0.622011
0.388847, 0.621868
0.389097, 0.621725
0.389347, 0.621582
0.389597, 0.62144
0.389847, 0.621297
0.390098, 0.621155
0.390348, 0.621013
0.390598, 0.62087
0.390848, 0.620728
0.391098, 0.620587
0.391348, 0.620445
0.391598, 0.620303
0.391848, 0.620162
0.392098, 0.62002
0.392348, 0.619879
0.392598, 0.619738
0.392848, 0.619597
0.393098, 0.619456
0.393348, 0.619315
0.393598, 0.619174
0.393848, 0.619033
0.394099, 0.618893
0.394349, 0.618753
0.394599, 0.618612
0.394849, 0.618472
0.395099, 0.618332
0.395349, 0.618192
0.395599, 0.618052
0.395849, 0.617913
0.396099, 0.617773
0.396349, 0.617634
0.396599, 0.617494
0.396849, 0.617355
0.397099, 0.617216
0.397349, 0.617077
0.397599, 0.616938
0.397849, 0.6168
0.3981, 0.616661
0.39835, 0.616522
0.3986, 0.616384
0.39885, 0.616246
0.3991, 0.616107
0.39935, 0.615969
0.3996, 0.615832
0.39985, 0.615694
0.4001, 0.615556
0.40035, 0.615418
0.4006, 0.615281
0.40085, 0.615144
0.4011, 0.615006
0.40135, 0.614869
0.4016, 0.614732
0.40185, 0.614595
0.402101, 0.614458
0.402351, 0.614322
0.402601, 0.614185
0.402851, 0.614049
0.403101, 0.613912
0.403351, 0.613776
0.403601, 0.61364
0.403851, 0.613504
0.404101, 0.613368
0.404351, 0.613233
0.404601, 0.613097
0.404851, 0.612961
0.405101, 0.612826
0.405351, 0.612691
0.405601, 0.612556
0.405851, 0.612421
0.406102, 0.612286
0.406352, 0.612151
0.406602, 0.612016
0.406852, 0.611881
0.407102, 0.611747
0.407352, 0.611613
0.407602, 0.611478
0.407852, 0.611344
0.408102, 0.61121
0.408352, 0.611076
0.408602, 0.610943
0.408852, 0.610809
0.409102, 0.610675
0.409352, 0.610542
0.409602, 0.610409
0.409852, 0.610275
0.410103, 0.610142
0.410353, 0.610009
0.410603, 0.609876
0.410853, 0.609744
0.411103, 0.609611
0.411353, 0.609479
0.411603, 0.609346
0.411853, 0.609214
0.412103, 0.609082
0.412353, 0.60895
0.412603, 0.608818
0.412853, 0.608686
0.413103, 0.608554
0.413353, 0.608423
0.413603, 0.608291
0.413853, 0.60816
0.414104, 0.608028
0.414354, 0.607897
0.414604, 0.607766
0.414854, 0.607635
0.415104, 0.607505
0.415354, 0.607374
0.415604, 0.607243
0.415854, 0.607113
0.416104, 0.606983
0.416354, 0.606852
0.416604, 0.606722
0.416854, 0.606592
0.417104, 0.606462
0.417354, 0.606333
0.417604, 0.606203
0.417854, 0.606073
0.418105, 0.605944
0.418355, 0.605815
0.418605, 0.605686
0.418855, 0.605556
0.419105, 0.605427
0.419355, 0.605299
0.419605, 0.60517
0.419855, 0.605041
0.420105, 0.604913
0.420355, 0.604784
0.420605, 0.604656
0.420855, 0.604528
0.421105, 0.6044
0.421355, 0.604272
0.421605, 0.604144
0.421855, 0.604016
0.422106, 0.603889
0.422356, 0.603761
0.422606, 0.603634
0.422856, 0.603507
0.423106, 0.60338
0.423356, 0.603253
0.423606, 0.603126
0.423856, 0.602999
0.424106, 0.602872
0.424356, 0.602746
0.424606, 0.602619
0.424856, 0.602493
0.425106, 0.602367
0.425356, 0.602241
0.425606, 0.602115
0.425856, 0.601989
0.426107, 0.601863
0.426357, 0.601737
0.426607, 0.601612
0.426857, 0.601486
0.427107, 0.601361
0.427357, 0.601236
0.427607, 0.601111
0.427857, 0.600986
0.428107, 0.600861
0.428357, 0.600736
0.428607, 0.600612
0.428857, 0.600487
0.429107, 0.600363
0.429357, 0.600239
0.429607, 0.600114
0.429857, 0.59999
0.430108, 0.599866
0.430358, 0.599743
0.430608, 0.599619
0.430858, 0.599495
0.431108, 0.599372
0.431358, 0.599249
0.431608, 0.599125
0.431858, 0.599002
0.432108, 0.598879
0.432358, 0.598756
0.432608, 0.598633
0.432858, 0.598511
0.433108, 0.598388
0.433358, 0.598266
0.433608, 0.598143
0.433858, 0.598021
0.434109, 0.597899
0.434359, 0.597777
0.434609, 0.597655
0.434859, 0.597533
0.435109, 0.597412
0.435359, 0.59729
0.435609, 0.597169
0.435859, 0.597047
0.436109, 0.596926
0.436359, 0.596805
0.436609, 0.596684
0.436859, 0.596563
0.437109, 0.596443
0.437359, 0.596322
0.437609, 0.596201
0.437859, 0.596081
0.43811, 0.595961
0.43836, 0.595841
0.43861, 0.59572
0.43886, 0.595601
0.43911, 0.595481
0.43936, 0.595361
0.43961, 0.595241
0.43986, 0.595122
0.44011, 0.595002
0.44036, 0.594883
0.44061, 0.594764
0.44086, 0.594645
0.44111, 0.594526
0.44136, 0.594407
0.44161, 0.594289
0.44186, 0.59417
0.442111, 0.594051
0.442361, 0.593933
0.442611, 0.593815
0.442861, 0.593697
0.443111, 0.593579
0.443361, 0.593461
0.443611, 0.593343
0.443861, 0.593225
0.444111, 0.593108
0.444361, 0.59299
0.444611, 0.592873
0.444861, 0.592756
0.445111, 0.592639
0.445361, 0.592522
0.445611, 0.592405
0.445861, 0.592288
0.446112, 0.592171
0.446362, 0.592055
0.446612, 0.591938
0.446862, 0.591822
0.447112, 0.591706
0.447362, 0.59159
0.447612, 0.591474
0.447862, 0.591358
0.448112, 0.591242
0.448362, 0.591126
0.448612, 0.591011
0.448862, 0.590895
0.449112, 0.59078
0.449362, 0.590665
0.449612, 0.59055
0.449862, 0.590435
0.450113, 0.59032
0.450363, 0.590205
0.450613, 0.59009
0.450863, 0.589976
0.451113, 0.589862
0.451363, 0.589747
0.451613, 0.589633
0.451863, 0.589519
0.452113, 0.589405
0.452363, 0.589291
0.452613, 0.589177
0.452863, 0.589064
0.453113, 0.58895
0.453363, 0.588837
0.453613, 0.588724
0.453863, 0.58861
0.454114, 0.588497
0.454364, 0.588384
0.454614, 0.588272
0.454864, 0.588159
0.455114, 0.588046
0.455364, 0.587934
0.455614, 0.587821
0.455864, 0.587709
0.456114, 0.587597
0.456364, 0.587485
0.456614, 0.587373
0.456864, 0.587261
0.457114, 0.587149
0.457364, 0.587038
0.457614, 0.586926
0.457864, 0.586815
0.458115, 0.586704
0.458365, 0.586593
0.458615, 0.586482
0.458865, 0.586371
0.459115, 0.58626
0.459365, 0.586149
0.459615, 0.586039
0.459865, 0.585928
0.460115, 0.585818
0.460365, 0.585708
0.460615, 0.585597
0.460865, 0.585487
0.461115, 0.585377
0.461365, 0.585268
0.461615, 0.585158
0.461865, 0.585048
0.462116, 0.584939
0.462366, 0.58483
0.462616, 0.58472
0.462866, 0.584611
0.463116, 0.584502
0.463366, 0.584393
0.463616, 0.584285
0.463866, 0.584176
0.464116, 0.584067
0.464366, 0.583959
0.464616, 0.583851
0.464866, 0.583742
0.465116, 0.583634
0.465366, 0.583526
0.465616, 0.583418
0.465866, 0.58331
0.466117, 0.583203
0.466367, 0.583095
0.466617, 0.582988
0.466867, 0.582881
0.467117, 0.582773
0.467367, 0.582666
0.467617, 0.582559
0.467867, 0.582452
0.468117, 0.582346
0.468367, 0.582239
0.468617, 0.582132
0.468867, 0.582026
0.469117, 0.58192
0.469367, 0.581813
0.469617, 0.581707
0.469867, 0.581601
0.470118, 0.581495
0.470368, 0.58139
0.470618, 0.581284
0.470868, 0.581178
0.471118, 0.581073
0.471368, 0.580968
0.471618, 0.580863
0.471868, 0.580757
0.472118, 0.580652
0.472368, 0.580548
0.472618, 0.580443
0.472868, 0.580338
0.473118, 0.580234
0.473368, 0.580129
0.473618, 0.580025
0.473868, 0.579921
0.474119, 0.579817
0.474369, 0.579713
0.474619, 0.579609
0.474869, 0.579505
0.475119, 0.579401
0.475369, 0.579298
0.475619, 0.579194
0.475869, 0.579091
0.476119, 0.578988
0.476369, 0.578885
0.476619, 0.578782
0.476869, 0.578679
0.477119, 0.578576
0.477369, 0.578474
0.477619, 0.578371
0.477869, 0.578269
0.47812, 0.578166
0.47837, 0.578064
0.47862, 0.577962
0.47887, 0.57786
0.47912, 0.577758
0.47937, 0.577657
0.47962, 0.577555
0.47987, 0.577453
0.48012, 0.577352
0.48037, 0.577251
0.48062, 0.57715
0.48087, 0.577048
0.48112, 0.576948
0.48137, 0.576847
0.48162, 0.576746
0.48187, 0.576645
0.482121, 0.576545
0.482371, 0.576444
0.482621, 0.576344
0.482871, 0.576244
0.483121, 0.576144
0.483371, 0.576044
0.483621, 0.575944
0.483871, 0.575844
0.484121, 0.575745
0.484371, 0.575645
0.484621, 0.575546
0.484871, 0.575446
0.485121, 0.575347
0.485371, 0.575248
0.485621, 0.575149
0.485871, 0.57505
0.486122, 0.574952
0.486372, 0.574853
0.486622, 0.574754
0.486872, 0.574656
0.487122, 0.574558
0.487372, 0.57446
0.487622, 0.574362
0.487872, 0.574264
0.488122, 0.574166
0.488372, 0.574068
0.488622, 0.57397
0.488872, 0.573873
0.489122, 0.573775
0.489372, 0.573678
0.489622, 0.573581
0.489872, 0.573484
0.490123, 0.573387
0.490373, 0.57329
0.490623, 0.573193
0.490873, 0.573097
0.491123, 0.573
0.491373, 0.572904
0.491623, 0.572807
0.491873, 0.572711
0.492123, 0.572615
0.492373, 0.572519
0.492623, 0.572423
0.492873, 0.572328
0.493123, 0.572232
0.493373, 0.572136
0.493623, 0.572041
0.493873, 0.571946
0.494124, 0.571851
0.494374, 0.571755
0.494624, 0.571661
0.494874, 0.571566
0.495124, 0.571471
0.495374, 0.571376
0.495624, 0.571282
0.495874, 0.571187
0.496124, 0.571093
0.496374, 0.570999
0.496624, 0.570905
0.496874, 0.570811
0.497124, 0.570717
0.497374, 0.570623
0.497624, 0.57053
0.497874, 0.570436
0.498125, 0.570343
0.498375, 0.570249
0.498625, 0.570156
0.498875, 0.570063
0.499125, 0.56997
0.499375, 0.569877
0.499625, 0.569784
0.499875, 0.569692
0.500125, 0.569599
0.500375, 0.569507
0.500625, 0.569415
0.500875, 0.569322
0.501125, 0.56923
0.501375, 0.569138
0.501625, 0.569046
0.501875, 0.568955
0.502126, 0.568863
0.502376, 0.568771
0.502626, 0.56868
0.502876, 0.568589
0.503126, 0.568497
0.503376, 0.568406
0.503626, 0.568315
0.503876, 0.568225
0.504126, 0.568134
0.504376, 0.568043
0.504626, 0.567953
0.504876, 0.567862
0.505126, 0.567772
0.505376, 0.567682
0.505626, 0.567591
0.505876, 0.567501
0.506127, 0.567412
0.506377, 0.567322
0.506627, 0.567232
0.506877, 0.567143
0.507127, 0.567053
0.507377, 0.566964
0.507627, 0.566875
0.507877, 0.566786
0.508127, 0.566697
0.508377, 0.566608
0.508627, 0.566519
0.508877, 0.56643
0.509127, 0.566342
0.509377, 0.566253
0.509627, 0.566165
0.509877, 0.566077
0.510128, 0.565988
0.510378, 0.5659
0.510628, 0.565813
0.510878, 0.565725
0.511128, 0.565637
0.511378, 0.56555
0.511628, 0.565462
0.511878, 0.565375
0.512128, 0.565287
0.512378, 0.5652
0.512628, 0.565113
0.512878, 0.565026
0.513128, 0.56494
0.513378, 0.564853
0.513628, 0.564766
0.513878, 0.56468
0.514129, 0.564594
0.514379, 0.564507
0.514629, 0.564421
0.514879, 0.564335
0.515129, 0.564249
0.515379, 0.564163
0.515629, 0.564078
0.515879, 0.563992
0.516129, 0.563907
0.516379, 0.563821
0.516629, 0.563736
0.516879, 0.563651
0.517129, 0.563566
0.517379, 0.563481
0.517629, 0.563396
0.517879, 0.563311
0.51813, 0.563227
0.51838, 0.563142
0.51863, 0.563058
0.51888, 0.562974
0.51913, 0.562889
0.51938, 0.562805
0.51963, 0.562721
0.51988, 0.562638
0.52013, 0.562554
0.52038, 0.56247
0.52063, 0.562387
0.52088, 0.562303
0.52113, 0.56222
0.52138, 0.562137
0.52163, 0.562054
0.52188, 0.561971
0.522131, 0.561888
0.522381, 0.561805
0.522631, 0.561723
0.522881, 0.56164
0.523131, 0.561558
0.523381, 0.561475
0.523631, 0.561393
0.523881, 0.561311
0.524131, 0.561229
0.524381, 0.561147
0.524631, 0.561066
0.524881, 0.560984
0.525131, 0.560902
0.525381, 0.560821
0.525631, 0.56074
0.525881, 0.560659
0.526132, 0.560577
0.526382, 0.560497
0.526632, 0.560416
0.526882, 0.560335
0.527132, 0.560254
0.527382, 0.560174
0.527632, 0.560093
0.527882, 0.560013
0.528132, 0.559933
0.528382, 0.559853
0.528632, 0.559773
0.528882, 0.559693
0.529132, 0.559613
0.529382, 0.559533
0.529632, 0.559454
0.529882, 0.559374
0.530133, 0.559295
0.530383, 0.559216
0.530633, 0.559137
0.530883, 0.559058
0.531133, 0.558979
0.531383, 0.5589
0.531633, 0.558821
0.531883, 0.558743
0.532133, 0.558664
0.532383, 0.558586
0.532633, 0.558508
0.532883, 0.558429
0.533133, 0.558351
0.533383, 0.558273
0.533633, 0.558196
0.533883, 0.558118
0.534134, 0.55804
0.534384, 0.557963
0.534634, 0.557886
0.534884, 0.557808
0.535134, 0.557731
0.535384, 0.557654
0.535634, 0.557577
0.535884, 0.5575
0.536134, 0.557424
0.536384, 0.557347
0.536634, 0.55727
0.536884, 0.557194
0.537134, 0.557118
0.537384, 0.557042
0.537634, 0.556966
0.537884, 0.55689
0.538135, 0.556814
0.538385, 0.556738
0.538635, 0.556662
0.538885, 0.556587
0.539135, 0.556512
0.539385, 0.556436
0.539635, 0.556361
0.539885, 0.556286
0.540135, 0.556211
0.540385, 0.556136
0.540635, 0.556061
0.540885, 0.555987
0.541135, 0.555912
0.541385, 0.555838
0.541635, 0.555763
0.541885, 0.555689
0.542136, 0.555615
0.542386, 0.555541
0.542636, 0.555467
0.542886, 0.555394
0.543136, 0.55532
0.543386, 0.555246
0.543636, 0.555173
0.543886, 0.5551
0.544136, 0.555026
0.544386, 0.554953
0.544636, 0.55488
0.544886, 0.554807
0.545136, 0.554734
0.545386, 0.554662
0.545636, 0.554589
0.545886, 0.554517
0.546137, 0.554444
0.546387, 0.554372
0.546637, 0.5543
0.546887, 0.554228
0.547137, 0.554156
0.547387, 0.554084
0.547637, 0.554013
0.547887, 0.553941
0.548137, 0.55387
0.548387, 0.553798
0.548637, 0.553727
0.548887, 0.553656
0.549137, 0.553585
0.549387, 0.553514
0.549637, 0.553443
0.549887, 0.553372
0.550138, 0.553302
0.550388, 0.553231
0.550638, 0.553161
0.550888, 0.55309
0.551138, 0.55302
0.551388, 0.55295
0.551638, 0.55288
0.551888, 0.55281
0.552138, 0.552741
0.552388, 0.552671
0.552638, 0.552601
0.552888, 0.552532
0.553138, 0.552463
0.553388, 0.552393
0.553638, 0.552324
0.553888, 0.552255
0.554139, 0.552187
0.554389, 0.552118
0.554639, 0.552049
0.554889, 0.551981
0.555139, 0.551912
0.555389, 0.551844
0.555639, 0.551776
0.555889, 0.551707
0.556139, 0.551639
0.556389, 0.551572
0.556639, 0.551504
0.556889, 0.551436
0.557139, 0.551368
0.557389, 0.551301
0.557639, 0.551234
0.557889, 0.551166
0.55814, 0.551099
0.55839, 0.551032
0.55864, 0.550965
0.55889, 0.550899
0.55914, 0.550832
0.55939, 0.550765
0.55964, 0.550699
0.55989, 0.550632
0.56014, 0.550566
0.56039, 0.5505
0.56064, 0.550434
0.56089, 0.550368
0.56114, 0.550302
0.56139, 0.550236
0.56164, 0.550171
0.56189, 0.550105
0.562141, 0.55004
0.562391, 0.549975
0.562641, 0.549909
0.562891, 0.549844
0.563141, 0.549779
0.563391, 0.549714
0.563641, 0.54965
0.563891, 0.549585
0.564141, 0.549521
0.564391, 0.549456
0.564641, 0.549392
0.564891, 0.549328
0.565141, 0.549263
0.565391, 0.549199
0.565641, 0.549136
0.565891, 0.549072
0.566142, 0.549008
0.566392, 0.548945
0.566642, 0.548881
0.566892, 0.548818
0.567142, 0.548755
0.567392, 0.548691
0.567642, 0.548628
0.567892, 0.548565
0.568142, 0.548503
0.568392, 0.54844
0.568642, 0.548377
0.568892, 0.548315
0.569142, 0.548253
0.569392, 0.54819
0.569642, 0.548128
0.569892, 0.548066
0.570143, 0.548004
0.570393, 0.547942
0.570643, 0.547881
0.570893, 0.547819
0.571143, 0.547757
0.571393, 0.547696
0.571643, 0.547635
0.571893, 0.547574
0.572143, 0.547513
0.572393, 0.547452
0.572643, 0.547391
0.572893, 0.54733
0.573143, 0.547269
0.573393, 0.547209
0.573643, 0.547148
0.573893, 0.547088
0.574144, 0.547028
0.574394, 0.546968
0.574644, 0.546908
0.574894, 0.546848
0.575144, 0.546788
0.575394, 0.546728
0.575644, 0.546669
0.575894, 0.546609
0.576144, 0.54655
0.576394, 0.546491
0.576644, 0.546432
0.576894, 0.546373
0.577144, 0.546314
0.577394, 0.546255
0.577644, 0.546196
0.577894, 0.546138
0.578145, 0.546079
0.578395, 0.546021
0.578645, 0.545963
0.578895, 0.545904
0.579145, 0.545846
0.579395, 0.545788
0.579645, 0.545731
0.579895, 0.545673
0.580145, 0.545615
0.580395, 0.545558
0.580645, 0.5455
0.580895, 0.545443
0.581145, 0.545386
0.581395, 0.545329
0.581645, 0.545272
0.581895, 0.545215
0.582146, 0.545158
0.582396, 0.545102
0.582646, 0.545045
0.582896, 0.544989
0.583146, 0.544932
0.583396, 0.544876
0.583646, 0.54482
0.583896, 0.544764
0.584146, 0.544708
0.584396, 0.544652
0.584646, 0.544597
0.584896, 0.544541
0.585146, 0.544486
0.585396, 0.54443
0.585646, 0.544375
0.585896, 0.54432
0.586147, 0.544265
0.586397, 0.54421
0.586647, 0.544155
0.586897, 0.5441
0.587147, 0.544046
0.587397, 0.543991
0.587647, 0.543937
0.587897, 0.543883
0.588147, 0.543829
0.588397, 0.543774
0.588647, 0.543721
0.588897, 0.543667
0.589147, 0.543613
0.589397, 0.543559
0.589647, 0.543506
0.589897, 0.543452
0.590148, 0.543399
0.590398, 0.543346
0.590648, 0.543293
0.590898, 0.54324
0.591148, 0.543187
0.591398, 0.543134
0.591648, 0.543082
0.591898, 0.543029
0.592148, 0.542977
0.592398, 0.542924
0.592648, 0.542872
0.592898, 0.54282
0.593148, 0.542768
0.593398, 0.542716
0.593648, 0.542664
0.593898, 0.542612
0.594149, 0.542561
0.594399, 0.542509
0.594649, 0.542458
0.594899, 0.542407
0.595149, 0.542356
0.595399, 0.542305
0.595649, 0.542254
0.595899, 0.542203
0.596149, 0.542152
0.596399, 0.542101
0.596649, 0.542051
0.596899, 0.542001
0.597149, 0.54195
0.597399, 0.5419
0.597649, 0.54185
0.597899, 0.5418
0.59815, 0.54175
0.5984, 0.5417
0.59865, 0.541651
0.5989, 0.541601
0.59915, 0.541552
0.5994, 0.541502
0.59965, 0.541453
0.5999, 0.541404
0.60015, 0.541355
0.6004, 0.541306
0.60065, 0.541257
0.6009, 0.541209
0.60115, 0.54116
0.6014, 0.541112
0.60165, 0.541063
0.6019, 0.541015
0.602151, 0.540967
0.602401, 0.540919
0.602651, 0.540871
0.602901, 0.540823
0.603151, 0.540775
0.603401, 0.540728
0.603651, 0.54068
0.603901, 0.540633
0.604151, 0.540586
0.604401, 0.540539
0.604651, 0.540491
0.604901, 0.540445
0.605151, 0.540398
0.605401, 0.540351
0.605651, 0.540304
0.605901, 0.540258
0.606152, 0.540211
0.606402, 0.540165
0.606652, 0.540119
0.606902, 0.540073
0.607152, 0.540027
0.607402, 0.539981
0.607652, 0.539935
0.607902, 0.539889
0.608152, 0.539844
0.608402, 0.539798
0.608652, 0.539753
0.608902, 0.539708
0.609152, 0.539663
0.609402, 0.539618
0.609652, 0.539573
0.609902, 0.539528
0.610153, 0.539483
0.610403, 0.539439
0.610653, 0.539394
0.610903, 0.53935
0.611153, 0.539305
0.611403, 0.539261
0.611653, 0.539217
0.611903, 0.539173
0.612153, 0.539129
0.612403, 0.539086
0.612653, 0.539042
0.612903, 0.538998
0.613153, 0.538955
0.613403, 0.538912
0.613653, 0.538868
0.613903, 0.538825
0.614154, 0.538782
0.614404, 0.538739
0.614654, 0.538697
0.614904, 0.538654
0.615154, 0.538611
0.615404, 0.538569
0.615654, 0.538527
0.615904, 0.538484
0.616154, 0.538442
0.616404, 0.5384
0.616654, 0.538358
0.616904, 0.538317
0.617154, 0.538275
0.617404, 0.538233
0.617654, 0.538192
0.617904, 0.53815
0.618155, 0.538109
0.618405, 0.538068
0.618655, 0.538027
0.618905, 0.537986
0.619155, 0.537945
0.619405, 0.537904
0.619655, 0.537864
0.619905, 0.537823
0.620155, 0.537783
0.620405, 0.537742
0.620655, 0.537702
0.620905, 0.537662
0.621155, 0.537622
0.621405, 0.537582
0.621655, 0.537542
0.621905, 0.537503
0.622156, 0.537463
0.622406, 0.537424
0.622656, 0.537384
0.622906, 0.537345
0.623156, 0.537306
0.623406, 0.537267
0.623656, 0.537228
0.623906, 0.537189
0.624156, 0.537151
0.624406, 0.537112
0.624656, 0.537073
0.624906, 0.537035
0.625156, 0.536997
0.625406, 0.536959
0.625656, 0.53692
0.625906, 0.536883
0.626157, 0.536845
0.626407, 0.536807
0.626657, 0.536769
0.626907, 0.536732
0.627157, 0.536694
0.627407, 0.536657
0.627657, 0.53662
0.627907, 0.536583
0.628157, 0.536546
0.628407, 0.536509
0.628657, 0.536472
0.628907, 0.536435
0.629157, 0.536399
0.629407, 0.536362
0.629657, 0.536326
0.629907, 0.53629
0.630158, 0.536254
0.630408, 0.536218
0.630658, 0.536182
0.630908, 0.536146
0.631158, 0.53611
0.631408, 0.536074
0.631658, 0.536039
0.631908, 0.536004
0.632158, 0.535968
0.632408, 0.535933
0.632658, 0.535898
0.632908, 0.535863
0.633158, 0.535828
0.633408, 0.535793
0.633658, 0.535759
0.633908, 0.535724
0.634159, 0.53569
0.634409, 0.535656
0.634659, 0.535621
0.634909, 0.535587
0.635159, 0.535553
0.635409, 0.535519
0.635659, 0.535485
0.635909, 0.535452
0.636159, 0.535418
0.636409, 0.535385
0.636659, 0.535351
0.636909, 0.535318
0.637159, 0.535285
0.637409, 0.535252
0.637659, 0.535219
0.637909, 0.535186
0.63816, 0.535153
0.63841, 0.535121
0.63866, 0.535088
0.63891, 0.535056
0.63916, 0.535024
0.63941, 0.534991
0.63966, 0.534959
0.63991, 0.534927
0.64016, 0.534896
0.64041, 0.534864
0.64066, 0.534832
0.64091, 0.534801
0.64116, 0.534769
0.64141, 0.534738
0.64166, 0.534707
0.64191, 0.534675
0.642161, 0.534644
0.642411, 0.534614
0.642661, 0.534583
0.642911, 0.534552
0.643161, 0.534521
0.643411, 0.534491
0.643661, 0.534461
0.643911, 0.53443
0.644161, 0.5344
0.644411, 0.53437
0.644661, 0.53434
0.644911, 0.53431
0.645161, 0.534281
0.645411, 0.534251
0.645661, 0.534221
0.645911, 0.534192
0.646162, 0.534163
0.646412, 0.534133
0.646662, 0.534104
0.646912, 0.534075
0.647162, 0.534047
0.647412, 0.534018
0.647662, 0.533989
0.647912, 0.533961
0.648162, 0.533932
0.648412, 0.533904
0.648662, 0.533875
0.648912, 0.533847
0.649162, 0.533819
0.649412, 0.533791
0.649662, 0.533764
0.649912, 0.533736
0.650163, 0.533708
0.650413, 0.533681
0.650663, 0.533653
0.650913, 0.533626
0.651163, 0.533599
0.651413, 0.533572
0.651663, 0.533545
0.651913, 0.533518
0.652163, 0.533491
0.652413, 0.533465
0.652663, 0.533438
0.652913, 0.533412
0.653163, 0.533385
0.653413, 0.533359
0.653663, 0.533333
0.653913, 0.533307
0.654164, 0.533281
0.654414, 0.533255
0.654664, 0.53323
0.654914, 0.533204
0.655164, 0.533179
0.655414, 0.533153
0.655664, 0.533128
0.655914, 0.533103
0.656164, 0.533078
0.656414, 0.533053
0.656664, 0.533028
0.656914, 0.533003
0.657164, 0.532979
0.657414, 0.532954
0.657664, 0.53293
0.657914, 0.532906
0.658165, 0.532881
0.658415, 0.532857
0.658665, 0.532833
0.658915, 0.532809
0.659165, 0.532786
0.659415, 0.532762
0.659665, 0.532738
0.659915, 0.532715
0.660165, 0.532692
0.660415, 0.532668
0.660665, 0.532645
0.660915, 0.532622
0.661165, 0.532599
0.661415, 0.532577
0.661665, 0.532554
0.661915, 0.532531
0.662166, 0.532509
0.662416, 0.532486
0.662666, 0.532464
0.662916, 0.532442
0.663166, 0.53242
0.663416, 0.532398
0.663666, 0.532376
0.663916, 0.532354
0.664166, 0.532333
0.664416, 0.532311
0.664666, 0.53229
0.664916, 0.532268
0.665166, 0.532247
0.665416, 0.532226
0.665666, 0.532205
0.665916, 0.532184
0.666167, 0.532163
0.666417, 0.532143
0.666667, 0.532122
0.666917, 0.532102
0.667167, 0.532081
0.667417, 0.532061
0.667667, 0.532041
0.667917, 0.532021
0.668167, 0.532001
0.668417, 0.531981
0.668667, 0.531962
0.668917, 0.531942
0.669167, 0.531922
0.669417, 0.531903
0.669667, 0.531884
0.669917, 0.531865
0.670168, 0.531845
0.670418, 0.531826
0.670668, 0.531808
0.670918, 0.531789
0.671168, 0.53177
0.671418, 0.531752
0.671668, 0.531733
0.671918, 0.531715
0.672168, 0.531697
0.672418, 0.531679
0.672668, 0.53166
0.672918, 0.531643
0.673168, 0.531625
0.673418, 0.531607
0.673668, 0.53159
0.673918, 0.531572
0.674169, 0.531555
0.674419, 0.531537
0.674669, 0.53152
0.674919, 0.531503
0.675169, 0.531486
0.675419, 0.531469
0.675669, 0.531453
0.675919, 0.531436
0.676169, 0.531419
0.676419, 0.531403
0.676669, 0.531387
0.676919, 0.531371
0.677169, 0.531354
0.677419, 0.531338
0.677669, 0.531323
0.677919, 0.531307
0.67817, 0.531291
0.67842, 0.531276
0.67867, 0.53126
0.67892, 0.531245
0.67917, 0.531229
0.67942, 0.531214
0.67967, 0.531199
0.67992, 0.531184
0.68017, 0.53117
0.68042, 0.531155
0.68067, 0.53114
0.68092, 0.531126
0.68117, 0.531111
0.68142, 0.531097
0.68167, 0.531083
0.68192, 0.531069
0.682171, 0.531055
0.682421, 0.531041
0.682671, 0.531027
0.682921, 0.531013
0.683171, 0.531
0.683421, 0.530987
0.683671, 0.530973
0.683921, 0.53096
0.684171, 0.530947
0.684421, 0.530934
0.684671, 0.530921
0.684921, 0.530908
0.685171, 0.530895
0.685421, 0.530883
0.685671, 0.53087
0.685921, 0.530858
0.686172, 0.530846
0.686422, 0.530834
0.686672, 0.530821
0.686922, 0.53081
0.687172, 0.530798
0.687422, 0.530786
0.687672, 0.530774
0.687922, 0.530763
0.688172, 0.530751
0.688422, 0.53074
0.688672, 0.530729
0.688922, 0.530718
0.689172, 0.530707
0.689422, 0.530696
0.689672, 0.530685
0.689922, 0.530674
0.690173, 0.530664
0.690423, 0.530653
0.690673, 0.530643
0.690923, 0.530633
0.691173, 0.530623
0.691423, 0.530613
0.691673, 0.530603
0.691923, 0.530593
0.692173, 0.530583
0.692423, 0.530573
0.692673, 0.530564
0.692923, 0.530555
0.693173, 0.530545
0.693423, 0.530536
0.693673, 0.530527
0.693923, 0.530518
0.694174, 0.530509
0.694424, 0.5305
0.694674, 0.530492
0.694924, 0.530483
0.695174, 0.530475
0.695424, 0.530466
0.695674, 0.530458
0.695924, 0.53045
0.696174, 0.530442
0.696424, 0.530434
0.696674, 0.530426
0.696924, 0.530419
0.697174, 0.530411
0.697424, 0.530404
0.697674, 0.530396
0.697924, 0.530389
0.698175, 0.530382
0.698425, 0.530375
0.698675, 0.530368
0.698925, 0.530361
0.699175, 0.530354
0.699425, 0.530347
0.699675, 0.530341
0.699925, 0.530334
0.700175, 0.530328
0.700425, 0.530322
0.700675, 0.530316
0.700925, 0.53031
0.701175, 0.530304
0.701425, 0.530298
0.701675, 0.530293
0.701925, 0.530287
0.702176, 0.530281
0.702426, 0.530276
0.702676, 0.530271
0.702926, 0.530266
0.703176, 0.530261
0.703426, 0.530256
0.703676, 0.530251
0.703926, 0.530246
0.704176, 0.530242
0.704426, 0.530237
0.704676, 0.530233
0.704926, 0.530228
0.705176, 0.530224
0.705426, 0.53022
0.705676, 0.530216
0.705926, 0.530212
0.706177, 0.530208
0.706427, 0.530205
0.706677, 0.530201
0.706927, 0.530198
0.707177, 0.530194
0.707427, 0.530191
0.707677, 0.530188
0.707927, 0.530185
0.708177, 0.530182
0.708427, 0.530179
0.708677, 0.530177
0.708927, 0.530174
0.709177, 0.530171
0.709427, 0.530169
0.709677, 0.530167
0.709927, 0.530165
0.710178, 0.530163
0.710428, 0.530161
0.710678, 0.530159
0.710928, 0.530157
0.711178, 0.530155
0.711428, 0.530154
0.711678, 0.530152
0.711928, 0.530151
0.712178, 0.53015
0.712428, 0.530149
0.712678, 0.530148
0.712928, 0.530147
0.713178, 0.530146
0.713428, 0.530145
0.713678, 0.530145
0.713928, 0.530144
0.714179, 0.530144
0.714429, 0.530144
0.714679, 0.530144
0.714929, 0.530143
0.715179, 0.530144
0.715429, 0.530144
0.715679, 0.530144
0.715929, 0.530144
0.716179, 0.530145
0.716429, 0.530145
0.716679, 0.530146
0.716929, 0.530147
0.717179, 0.530148
0.717429, 0.530149
0.717679, 0.53015
0.717929, 0.530151
0.71818, 0.530153
0.71843, 0.530154
0.71868, 0.530155
0.71893, 0.530157
0.71918, 0.530159
0.71943, 0.530161
0.71968, 0.530163
0.71993, 0.530165
0.72018, 0.530167
0.72043, 0.530169
0.72068, 0.530172
0.72093, 0.530174
0.72118, 0.530177
0.72143, 0.53018
0.72168, 0.530182
0.72193, 0.530185
0.722181, 0.530188
0.722431, 0.530191
0.722681, 0.530195
0.722931, 0.530198
0.723181, 0.530201
0.723431, 0.530205
0.723681, 0.530209
0.723931, 0.530212
0.724181, 0.530216
0.724431, 0.53022
0.724681, 0.530224
0.724931, 0.530229
0.725181, 0.530233
0.725431, 0.530237
0.725681, 0.530242
0.725931, 0.530247
0.726182, 0.530251
0.726432, 0.530256
0.726682, 0.530261
0.726932, 0.530266
0.727182, 0.530271
0.727432, 0.530277
0.727682, 0.530282
0.727932, 0.530287
0.728182, 0.530293
0.728432, 0.530299
0.728682, 0.530304
0.728932, 0.53031
0.729182, 0.530316
0.729432, 0.530322
0.729682, 0.530329
0.729932, 0.530335
0.730183, 0.530341
0.730433, 0.530348
0.730683, 0.530355
0.730933, 0.530361
0.731183, 0.530368
0.731433, 0.530375
0.731683, 0.530382
0.731933, 0.530389
0.732183, 0.530397
0.732433, 0.530404
0.732683, 0.530412
0.732933, 0.530419
0.733183, 0.530427
0.733433, 0.530435
0.733683, 0.530443
0.733933, 0.530451
0.734184, 0.530459
0.734434, 0.530467
0.734684, 0.530475
0.734934, 0.530484
0.735184, 0.530492
0.735434, 0.530501
0.735684, 0.53051
0.735934, 0.530519
0.736184, 0.530528
0.736434, 0.530537
0.736684, 0.530546
0.736934, 0.530555
0.737184, 0.530565
0.737434, 0.530574
0.737684, 0.530584
0.737934, 0.530594
0.738185, 0.530603
0.738435, 0.530613
0.738685, 0.530623
0.738935, 0.530634
0.739185, 0.530644
0.739435, 0.530654
0.739685, 0.530665
0.739935, 0.530675
0.740185, 0.530686
0.740435, 0.530697
0.740685, 0.530708
0.740935, 0.530719
0.741185, 0.53073
0.741435, 0.530741
0.741685, 0.530752
0.741935, 0.530764
0.742186, 0.530775
0.742436, 0.530787
0.742686, 0.530799
0.742936, 0.53081
0.743186, 0.530822
0.743436, 0.530834
0.743686, 0.530847
0.743936, 0.530859
0.744186, 0.530871
0.744436, 0.530884
0.744686, 0.530896
0.744936, 0.530909
0.745186, 0.530922
0.745436, 0.530935
0.745686, 0.530948
0.745936, 0.530961
0.746187, 0.530974
0.746437, 0.530988
0.746687, 0.531001
0.746937, 0.531015
0.747187, 0.531028
0.747437, 0.531042
0.747687, 0.531056
0.747937, 0.53107
0.748187, 0.531084
0.748437, 0.531098
0.748687, 0.531112
0.748937, 0.531127
0.749187, 0.531141
0.749437, 0.531156
0.749687, 0.531171
0.749937, 0.531186
0.750188, 0.5312
0.750438, 0.531215
0.750688, 0.531231
0.750938, 0.531246
0.751188, 0.531261
0.751438, 0.531277
0.751688, 0.531292
0.751938, 0.531308
0.752188, 0.531324
0.752438, 0.53134
0.752688, 0.531356
0.752938, 0.531372
0.753188, 0.531388
0.753438, 0.531404
0.753688, 0.531421
0.753938, 0.531437
0.754189, 0.531454
0.754439, 0.531471
0.754689, 0.531488
0.754939, 0.531504
0.755189, 0.531522
0.755439, 0.531539
0.755689, 0.531556
0.755939, 0.531573
0.756189, 0.531591
0.756439, 0.531608
0.756689, 0.531626
0.756939, 0.531644
0.757189, 0.531662
0.757439, 0.53168
0.757689, 0.531698
0.757939, 0.531716
0.75819, 0.531735
0.75844, 0.531753
0.75869, 0.531772
0.75894, 0.53179
0.75919, 0.531809
0.75944, 0.531828
0.75969, 0.531847
0.75994, 0.531866
0.76019, 0.531885
0.76044, 0.531904
0.76069, 0.531924
0.76094, 0.531943
0.76119, 0.531963
0.76144, 0.531983
0.76169, 0.532003
0.76194, 0.532023
0.762191, 0.532043
0.762441, 0.532063
0.762691, 0.532083
0.762941, 0.532103
0.763191, 0.532124
0.763441, 0.532144
0.763691, 0.532165
0.763941, 0.532186
0.764191, 0.532207
0.764441, 0.532228
0.764691, 0.532249
0.764941, 0.53227
0.765191, 0.532291
0.765441, 0.532313
0.765691, 0.532334
0.765941, 0.532356
0.766192, 0.532378
0.766442, 0.5324
0.766692, 0.532422
0.766942, 0.532444
0.767192, 0.532466
0.767442, 0.532488
0.767692, 0.53251
0.767942, 0.532533
0.768192, 0.532556
0.768442, 0.532578
0.768692, 0.532601
0.768942, 0.532624
0.769192, 0.532647
0.769442, 0.53267
0.769692, 0.532693
0.769942, 0.532717
0.770193, 0.53274
0.770443, 0.532764
0.770693, 0.532787
0.770943, 0.532811
0.771193, 0.532835
0.771443, 0.532859
0.771693, 0.532883
0.771943, 0.532907
0.772193, 0.532932
0.772443, 0.532956
0.772693, 0.532981
0.772943, 0.533005
0.773193, 0.53303
0.773443, 0.533055
0.773693, 0.53308
0.773943, 0.533105
0.774194, 0.53313
0.774444, 0.533155
0.774694, 0.533181
0.774944, 0.533206
0.775194, 0.533232
0.775444, 0.533257
0.775694, 0.533283
0.775944, 0.533309
0.776194, 0.533335
0.776444, 0.533361
0.776694, 0.533387
0.776944, 0.533414
0.777194, 0.53344
0.777444, 0.533467
0.777694, 0.533493
0.777944, 0.53352
0.778195, 0.533547
0.778445, 0.533574
0.778695, 0.533601
0.778945, 0.533628
0.779195, 0.533656
0.779445, 0.533683
0.779695, 0.53371
0.779945, 0.533738
0.780195, 0.533766
0.780445, 0.533794
0.780695, 0.533821
0.780945, 0.53385
0.781195, 0.533878
0.781445, 0.533906
0.781695, 0.533934
0.781945, 0.533963
0.782196, 0.533991
0.782446, 0.53402
0.782696, 0.534049
0.782946, 0.534078
0.783196, 0.534107
0.783446, 0.534136
0.783696, 0.534165
0.783946, 0.534194
0.784196, 0.534224
0.784446, 0.534253
0.784696, 0.534283
0.784946, 0.534313
0.785196, 0.534342
0.785446, 0.534372
0.785696, 0.534402
0.785946, 0.534433
0.786197, 0.534463
0.786447, 0.534493
0.786697, 0.534524
0.786947, 0.534554
0.787197, 0.534585
0.787447, 0.534616
0.787697, 0.534647
0.787947, 0.534678
0.788197, 0.534709
0.788447, 0.53474
0.788697, 0.534772
0.788947, 0.534803
0.789197, 0.534835
0.789447, 0.534866
0.789697, 0.534898
0.789947, 0.53493
0.790198, 0.534962
0.790448, 0.534994
0.790698, 0.535026
0.790948, 0.535058
0.791198, 0.535091
0.791448, 0.535123
0.791698, 0.535156
0.791948, 0.535189
0.792198, 0.535222
0.792448, 0.535255
0.792698, 0.535288
0.792948, 0.535321
0.793198, 0.535354
0.793448, 0.535387
0.793698, 0.535421
0.793948, 0.535454
0.794199, 0.535488
0.794449, 0.535522
0.794699, 0.535556
0.794949, 0.53559
0.795199, 0.535624
0.795449, 0.535658
0.795699, 0.535693
0.795949, 0.535727
0.796199, 0.535761
0.796449, 0.535796
0.796699, 0.535831
0.796949, 0.535866
0.797199, 0.535901
0.797449, 0.535936
0.797699, 0.535971
0.797949, 0.536006
0.7982, 0.536042
0.79845, 0.536077
0.7987, 0.536113
0.79895, 0.536149
0.7992, 0.536184
0.79945, 0.53622
0.7997, 0.536256
0.79995, 0.536293
0.8002, 0.536329
0.80045, 0.536365
0.8007, 0.536402
0.80095, 0.536438
0.8012, 0.536475
0.80145, 0.536512
0.8017, 0.536549
0.80195, 0.536586
0.802201, 0.536623
0.802451, 0.53666
0.802701, 0.536697
0.802951, 0.536735
0.803201, 0.536772
0.803451, 0.53681
0.803701, 0.536848
0.803951, 0.536885
0.804201, 0.536923
0.804451, 0.536962
0.804701, 0.537
0.804951, 0.537038
0.805201, 0.537076
0.805451, 0.537115
0.805701, 0.537153
0.805951, 0.537192
0.806202, 0.537231
0.806452, 0.53727
0.806702, 0.537309
0.806952, 0.537348
0.807202, 0.537387
0.807452, 0.537427
0.807702, 0.537466
0.807952, 0.537506
0.808202, 0.537545
0.808452, 0.537585
0.808702, 0.537625
0.808952, 0.537665
0.809202, 0.537705
0.809452, 0.537745
0.809702, 0.537786
0.809952, 0.537826
0.810203, 0.537867
0.810453, 0.537907
0.810703, 0.537948
0.810953, 0.537989
0.811203, 0.53803
0.811453, 0.538071
0.811703, 0.538112
0.811953, 0.538154
0.812203, 0.538195
0.812453, 0.538236
0.812703, 0.538278
0.812953, 0.53832
0.813203, 0.538362
0.813453, 0.538404
0.813703, 0.538446
0.813953, 0.538488
0.814204, 0.53853
0.814454, 0.538572
0.814704, 0.538615
0.814954, 0.538657
0.815204, 0.5387
0.815454, 0.538743
0.815704, 0.538786
0.815954, 0.538829
0.816204, 0.538872
0.816454, 0.538915
0.816704, 0.538958
0.816954, 0.539002
0.817204, 0.539045
0.817454, 0.539089
0.817704, 0.539133
0.817954, 0.539177
0.818205, 0.539221
0.818455, 0.539265
0.818705, 0.539309
0.818955, 0.539353
0.819205, 0.539397
0.819455, 0.539442
0.819705, 0.539487
0.819955, 0.539531
0.820205, 0.539576
0.820455, 0.539621
0.820705, 0.539666
0.820955, 0.539711
0.821205, 0.539756
0.821455, 0.539802
0.821705, 0.539847
0.821955, 0.539893
0.822206, 0.539939
0.822456, 0.539984
0.822706, 0.54003
0.822956, 0.540076
0.823206, 0.540122
0.823456, 0.540169
0.823706, 0.540215
0.823956, 0.540261
0.824206, 0.540308
0.824456, 0.540355
0.824706, 0.540401
0.824956, 0.540448
0.825206, 0.540495
0.825456, 0.540542
0.825706, 0.540589
0.825956, 0.540637
0.826207, 0.540684
0.826457, 0.540732
0.826707, 0.540779
0.826957, 0.540827
0.827207, 0.540875
0.827457, 0.540923
0.827707, 0.540971
0.827957, 0.541019
0.828207, 0.541067
0.828457, 0.541115
0.828707, 0.541164
0.828957, 0.541213
0.829207, 0.541261
0.829457, 0.54131
0.829707, 0.541359
0.829957, 0.541408
0.830208, 0.541457
0.830458, 0.541506
0.830708, 0.541556
0.830958, 0.541605
0.831208, 0.541655
0.831458, 0.541704
0.831708, 0.541754
0.831958, 0.541804
0.832208, 0.541854
0.832458, 0.541904
0.832708, 0.541954
0.832958, 0.542004
0.833208, 0.542055
0.833458, 0.542105
0.833708, 0.542156
0.833958, 0.542207
0.834209, 0.542258
0.834459, 0.542308
0.834709, 0.54236
0.834959, 0.542411
0.835209, 0.542462
0.835459, 0.542513
0.835709, 0.542565
0.835959, 0.542616
0.836209, 0.542668
0.836459, 0.54272
0.836709, 0.542772
0.836959, 0.542824
0.837209, 0.542876
0.837459, 0.542928
0.837709, 0.542981
0.837959, 0.543033
0.83821, 0.543086
0.83846, 0.543138
0.83871, 0.543191
0.83896, 0.543244
0.83921, 0.543297
0.83946, 0.54335
0.83971, 0.543403
0.83996, 0.543457
0.84021, 0.54351
0.84046, 0.543563
0.84071, 0.543617
0.84096, 0.543671
0.84121, 0.543725
0.84146, 0.543779
0.84171, 0.543833
0.84196, 0.543887
0.842211, 0.543941
0.842461, 0.543996
0.842711, 0.54405
0.842961, 0.544105
0.843211, 0.544159
0.843461, 0.544214
0.843711, 0.544269
0.843961, 0.544324
0.844211, 0.544379
0.844461, 0.544435
0.844711, 0.54449
0.844961, 0.544545
0.845211, 0.544601
0.845461, 0.544657
0.845711, 0.544712
0.845961, 0.544768
0.846212, 0.544824
0.846462, 0.54488
0.846712, 0.544937
0.846962, 0.544993
0.847212, 0.545049
0.847462, 0.545106
0.847712, 0.545163
0.847962, 0.545219
0.848212, 0.545276
0.848462, 0.545333
0.848712, 0.54539
0.848962, 0.545448
0.849212, 0.545505
0.849462, 0.545562
0.849712, 0.54562
0.849962, 0.545677
0.850213, 0.545735
0.850463, 0.545793
0.850713, 0.545851
0.850963, 0.545909
0.851213, 0.545967
0.851463, 0.546025
0.851713, 0.546084
0.851963, 0.546142
0.852213, 0.546201
0.852463, 0.54626
0.852713, 0.546318
0.852963, 0.546377
0.853213, 0.546436
0.853463, 0.546495
0.853713, 0.546555
0.853963, 0.546614
0.854214, 0.546673
0.854464, 0.546733
0.854714, 0.546793
0.854964, 0.546853
0.855214, 0.546912
0.855464, 0.546972
0.855714, 0.547033
0.855964, 0.547093
0.856214, 0.547153
0.856464, 0.547213
0.856714, 0.547274
0.856964, 0.547335
0.857214, 0.547395
0.857464, 0.547456
0.857714, 0.547517
0.857964, 0.547578
0.858215, 0.54764
0.858465, 0.547701
0.858715, 0.547762
0.858965, 0.547824
0.859215, 0.547885
0.859465, 0.547947
0.859715, 0.548009
0.859965, 0.548071
0.860215, 0.548133
0.860465, 0.548195
0.860715, 0.548257
0.860965, 0.54832
0.861215, 0.548382
0.861465, 0.548445
0.861715, 0.548508
0.861965, 0.54857
0.862216, 0.548633
0.862466, 0.548696
0.862716, 0.548759
0.862966, 0.548823
0.863216, 0.548886
0.863466, 0.548949
0.863716, 0.549013
0.863966, 0.549077
0.864216, 0.549141
0.864466, 0.549204
0.864716, 0.549268
0.864966, 0.549333
0.865216, 0.549397
0.865466, 0.549461
0.865716, 0.549526
0.865966, 0.54959
0.866217, 0.549655
0.866467, 0.549719
0.866717, 0.549784
0.866967, 0.549849
0.867217, 0.549914
0.867467, 0.54998
0.867717, 0.550045
0.867967, 0.55011
0.868217, 0.550176
0.868467, 0.550241
0.868717, 0.550307
0.868967, 0.550373
0.869217, 0.550439
0.869467, 0.550505
0.869717, 0.550571
0.869967, 0.550637
0.870218, 0.550704
0.870468, 0.55077
0.870718, 0.550837
0.870968, 0.550904
0.871218, 0.550971
0.871468, 0.551037
0.871718, 0.551104
0.871968, 0.551172
0.872218, 0.551239
0.872468, 0.551306
0.872718, 0.551374
0.872968, 0.551441
0.873218, 0.551509
0.873468, 0.551577
0.873718, 0.551645
0.873968, 0.551713
0.874219, 0.551781
0.874469, 0.551849
0.874719, 0.551917
0.874969, 0.551986
0.875219, 0.552054
0.875469, 0.552123
0.875719, 0.552192
0.875969, 0.552261
0.876219, 0.55233
0.876469, 0.552399
0.876719, 0.552468
0.876969, 0.552537
0.877219, 0.552607
0.877469, 0.552676
0.877719, 0.552746
0.877969, 0.552816
0.87822, 0.552886
0.87847, 0.552956
0.87872, 0.553026
0.87897, 0.553096
0.87922, 0.553166
0.87947, 0.553236
0.87972, 0.553307
0.87997, 0.553378
0.88022, 0.553448
0.88047, 0.553519
0.88072, 0.55359
0.88097, 0.553661
0.88122, 0.553732
0.88147, 0.553804
0.88172, 0.553875
0.88197, 0.553947
0.882221, 0.554018
0.882471, 0.55409
0.882721, 0.554162
0.882971, 0.554234
0.883221, 0.554306
0.883471, 0.554378
0.883721, 0.55445
0.883971, 0.554522
0.884221, 0.554595
0.884471, 0.554667
0.884721, 0.55474
0.884971, 0.554813
0.885221, 0.554886
0.885471, 0.554959
0.885721, 0.555032
0.885971, 0.555105
0.886222, 0.555179
0.886472, 0.555252
0.886722, 0.555326
0.886972, 0.555399
0.887222, 0.555473
0.887472, 0.555547
0.887722, 0.555621
0.887972, 0.555695
0.888222, 0.555769
0.888472, 0.555844
0.888722, 0.555918
0.888972, 0.555993
0.889222, 0.556067
0.889472, 0.556142
0.889722, 0.556217
0.889972, 0.556292
0.890223, 0.556367
0.890473, 0.556442
0.890723, 0.556517
0.890973, 0.556593
0.891223, 0.556668
0.891473, 0.556744
0.891723, 0.55682
0.891973, 0.556896
0.892223, 0.556971
0.892473, 0.557048
0.892723, 0.557124
0.892973, 0.5572
0.893223, 0.557276
0.893473, 0.557353
0.893723, 0.55743
0.893973, 0.557506
0.894224, 0.557583
0.894474, 0.55766
0.894724, 0.557737
0.894974, 0.557814
0.895224, 0.557892
0.895474, 0.557969
0.895724, 0.558046
0.895974, 0.558124
0.896224, 0.558202
0.896474, 0.558279
0.896724, 0.558357
0.896974, 0.558435
0.897224, 0.558514
0.897474, 0.558592
0.897724, 0.55867
0.897974, 0.558749
0.898225, 0.558827
0.898475, 0.558906
0.898725, 0.558985
0.898975, 0.559064
0.899225, 0.559143
0.899475, 0.559222
0.899725, 0.559301
0.899975, 0.55938
0.900225, 0.55946
0.900475, 0.559539
0.900725, 0.559619
0.900975, 0.559699
0.901225, 0.559779
0.901475, 0.559859
0.901725, 0.559939
0.901975, 0.560019
0.902226, 0.560099
0.902476, 0.56018
0.902726, 0.56026
0.902976, 0.560341
0.903226, 0.560422
0.903476, 0.560503
0.903726, 0.560584
0.903976, 0.560665
0.904226, 0.560746
0.904476, 0.560827
0.904726, 0.560909
0.904976, 0.56099
0.905226, 0.561072
0.905476, 0.561154
0.905726, 0.561236
0.905976, 0.561318
0.906227, 0.5614
0.906477, 0.561482
0.906727, 0.561564
0.906977, 0.561647
0.907227, 0.561729
0.907477, 0.561812
0.907727, 0.561894
0.907977, 0.561977
0.908227, 0.56206
0.908477, 0.562143
0.908727, 0.562227
0.908977, 0.56231
0.909227, 0.562393
0.909477, 0.562477
0.909727, 0.56256
0.909977, 0.562644
0.910228, 0.562728
0.910478, 0.562812
0.910728, 0.562896
0.910978, 0.56298
0.911228, 0.563064
0.911478, 0.563149
0.911728, 0.563233
0.911978, 0.563318
0.912228, 0.563403
0.912478, 0.563487
0.912728, 0.563572
0.912978, 0.563657
0.913228, 0.563743
0.913478, 0.563828
0.913728, 0.563913
0.913978, 0.563999
0.914229, 0.564084
0.914479, 0.56417
0.914729, 0.564256
0.914979, 0.564342
0.915229, 0.564428
0.915479, 0.564514
0.915729, 0.5646
0.915979, 0.564687
0.916229, 0.564773
0.916479, 0.56486
0.916729, 0.564946
0.916979, 0.565033
0.917229, 0.56512
0.917479, 0.565207
0.917729, 0.565294
0.917979, 0.565381
0.91823, 0.565469
0.91848, 0.565556
0.91873, 0.565644
0.91898, 0.565732
0.91923, 0.565819
0.91948, 0.565907
0.91973, 0.565995
0.91998, 0.566083
0.92023, 0.566172
0.92048, 0.56626
0.92073, 0.566348
0.92098, 0.566437
0.92123, 0.566526
0.92148, 0.566614
0.92173, 0.566703
0.92198, 0.566792
0.922231, 0.566882
0.922481, 0.566971
0.922731, 0.56706
0.922981, 0.56715
0.923231, 0.567239
0.923481, 0.567329
0.923731, 0.567419
0.923981, 0.567508
0.924231, 0.567598
0.924481, 0.567689
0.924731, 0.567779
0.924981, 0.567869
0.925231, 0.56796
0.925481, 0.56805
0.925731, 0.568141
0.925981, 0.568232
0.926232, 0.568322
0.926482, 0.568413
0.926732, 0.568505
0.926982, 0.568596
0.927232, 0.568687
0.927482, 0.568779
0.927732, 0.56887
0.927982, 0.568962
0.928232, 0.569053
0.928482, 0.569145
0.928732, 0.569237
0.928982, 0.569329
0.929232, 0.569422
0.929482, 0.569514
0.929732, 0.569606
0.929982, 0.569699
0.930233, 0.569792
0.930483, 0.569884
0.930733, 0.569977
0.930983, 0.57007
0.931233, 0.570163
0.931483, 0.570257
0.931733, 0.57035
0.931983, 0.570443
0.932233, 0.570537
0.932483, 0.57063
0.932733, 0.570724
0.932983, 0.570818
0.933233, 0.570912
0.933483, 0.571006
0.933733, 0.5711
0.933983, 0.571195
0.934234, 0.571289
0.934484, 0.571384
0.934734, 0.571478
0.934984, 0.571573
0.935234, 0.571668
0.935484, 0.571763
0.935734, 0.571858
0.935984, 0.571953
0.936234, 0.572048
0.936484, 0.572144
0.936734, 0.572239
0.936984, 0.572335
0.937234, 0.572431
0.937484, 0.572527
0.937734, 0.572623
0.937984, 0.572719
0.938235, 0.572815
0.938485, 0.572911
0.938735, 0.573008
0.938985, 0.573104
0.939235, 0.573201
0.939485, 0.573298
0.939735, 0.573394
0.939985, 0.573491
0.940235, 0.573588
0.940485, 0.573686
0.940735, 0.573783
0.940985, 0.57388
0.941235, 0.573978
0.941485, 0.574076
0.941735, 0.574173
0.941985, 0.574271
0.942236, 0.574369
0.942486, 0.574467
0.942736, 0.574565
0.942986, 0.574664
0.943236, 0.574762
0.943486, 0.574861
0.943736, 0.574959
0.943986, 0.575058
0.944236, 0.575157
0.944486, 0.575256
0.944736, 0.575355
0.944986, 0.575454
0.945236, 0.575553
0.945486, 0.575653
0.945736, 0.575752
0.945986, 0.575852
0.946237, 0.575952
0.946487, 0.576052
0.946737, 0.576152
0.946987, 0.576252
0.947237, 0.576352
0.947487, 0.576452
0.947737, 0.576553
0.947987, 0.576653
0.948237, 0.576754
0.948487, 0.576854
0.948737, 0.576955
0.948987, 0.577056
0.949237, 0.577157
0.949487, 0.577259
0.949737, 0.57736
0.949987, 0.577461
0.950238, 0.577563
0.950488, 0.577664
0.950738, 0.577766
0.950988, 0.577868
0.951238, 0.57797
0.951488, 0.578072
0.951738, 0.578174
0.951988, 0.578277
0.952238, 0.578379
0.952488, 0.578482
0.952738, 0.578584
0.952988, 0.578687
0.953238, 0.57879
0.953488, 0.578893
0.953738, 0.578996
0.953988, 0.579099
0.954239, 0.579202
0.954489, 0.579306
0.954739, 0.579409
0.954989, 0.579513
0.955239, 0.579617
0.955489, 0.579721
0.955739, 0.579825
0.955989, 0.579929
0.956239, 0.580033
0.956489, 0.580137
0.956739, 0.580242
0.956989, 0.580346
0.957239, 0.580451
0.957489, 0.580556
0.957739, 0.580661
0.957989, 0.580766
0.95824, 0.580871
0.95849, 0.580976
0.95874, 0.581081
0.95899, 0.581187
0.95924, 0.581292
0.95949, 0.581398
0.95974, 0.581504
0.95999, 0.581609
0.96024, 0.581715
0.96049, 0.581822
0.96074, 0.581928
0.96099, 0.582034
0.96124, 0.582141
0.96149, 0.582247
0.96174, 0.582354
0.96199, 0.582461
0.962241, 0.582567
0.962491, 0.582674
0.962741, 0.582782
0.962991, 0.582889
0.963241, 0.582996
0.963491, 0.583104
0.963741, 0.583211
0.963991, 0.583319
0.964241, 0.583427
0.964491, 0.583535
0.964741, 0.583643
0.964991, 0.583751
0.965241, 0.583859
0.965491, 0.583967
0.965741, 0.584076
0.965991, 0.584184
0.966242, 0.584293
0.966492, 0.584402
0.966742, 0.584511
0.966992, 0.58462
0.967242, 0.584729
0.967492, 0.584838
0.967742, 0.584947
0.967992, 0.585057
0.968242, 0.585166
0.968492, 0.585276
0.968742, 0.585386
0.968992, 0.585496
0.969242, 0.585606
0.969492, 0.585716
0.969742, 0.585826
0.969992, 0.585937
0.970243, 0.586047
0.970493, 0.586158
0.970743, 0.586268
0.970993, 0.586379
0.971243, 0.58649
0.971493, 0.586601
0.971743, 0.586712
0.971993, 0.586824
0.972243, 0.586935
0.972493, 0.587046
0.972743, 0.587158
0.972993, 0.58727
0.973243, 0.587382
0.973493, 0.587494
0.973743, 0.587606
0.973993, 0.587718
0.974244, 0.58783
0.974494, 0.587942
0.974744, 0.588055
0.974994, 0.588168
0.975244, 0.58828
0.975494, 0.588393
0.975744, 0.588506
0.975994, 0.588619
0.976244, 0.588732
0.976494, 0.588846
0.976744, 0.588959
0.976994, 0.589073
0.977244, 0.589186
0.977494, 0.5893
0.977744, 0.589414
0.977994, 0.589528
0.978245, 0.589642
0.978495, 0.589756
0.978745, 0.58987
0.978995, 0.589985
0.979245, 0.590099
0.979495, 0.590214
0.979745, 0.590329
0.979995, 0.590444
0.980245, 0.590559
0.980495, 0.590674
0.980745, 0.590789
0.980995, 0.590904
0.981245, 0.59102
0.981495, 0.591135
0.981745, 0.591251
0.981995, 0.591367
0.982246, 0.591482
0.982496, 0.591598
0.982746, 0.591715
0.982996, 0.591831
0.983246, 0.591947
0.983496, 0.592064
0.983746, 0.59218
0.983996, 0.592297
0.984246, 0.592414
0.984496, 0.592531
0.984746, 0.592648
0.984996, 0.592765
0.985246, 0.592882
0.985496, 0.592999
0.985746, 0.593117
0.985996, 0.593234
0.986247, 0.593352
0.986497, 0.59347
0.986747, 0.593588
0.986997, 0.593706
0.987247, 0.593824
0.987497, 0.593942
0.987747, 0.594061
0.987997, 0.594179
0.988247, 0.594298
0.988497, 0.594416
0.988747, 0.594535
0.988997, 0.594654
0.989247, 0.594773
0.989497, 0.594892
0.989747, 0.595012
0.989997, 0.595131
0.990248, 0.595251
0.990498, 0.59537
0.990748, 0.59549
0.990998, 0.59561
0.991248, 0.59573
0.991498, 0.59585
0.991748, 0.59597
0.991998, 0.59609
0.992248, 0.596211
0.992498, 0.596331
0.992748, 0.596452
0.992998, 0.596573
0.993248, 0.596694
0.993498, 0.596815
0.993748, 0.596936
0.993998, 0.597057
0.994249, 0.597178
0.994499, 0.5973
0.994749, 0.597421
0.994999, 0.597543
0.995249, 0.597665
0.995499, 0.597786
0.995749, 0.597908
0.995999, 0.598031
0.996249, 0.598153
0.996499, 0.598275
0.996749, 0.598398
0.996999, 0.59852
0.997249, 0.598643
0.997499, 0.598766
0.997749, 0.598889
0.997999, 0.599012
0.99825, 0.599135
0.9985, 0.599258
0.99875, 0.599381
0.999, 0.599505
0.99925, 0.599629
0.9995, 0.599752
0.99975, 0.599876
1, 0.6

