0, 1
0.000250063, 0.999698
0.000500125, 0.999396
0.000750188, 0.999095
0.00100025, 0.998793
0.00125031, 0.998492
0.00150038, 0.998191
0.00175044, 0.99789
0.0020005, 0.997589
0.00225056, 0.997289
0.00250063, 0.996988
0.00275069, 0.996688
0.00300075, 0.996388
0.00325081, 0.996088
0.00350088, 0.995788
0.00375094, 0.995489
0.004001, 0.99519
0.00425106, 0.99489
0.00450113, 0.994591
0.00475119, 0.994292
0.00500125, 0.993994
0.00525131, 0.993695
0.00550138, 0.993397
0.00575144, 0.993099
0.0060015, 0.992801
0.00625156, 0.992503
0.00650163, 0.992205
0.00675169, 0.991907
0.00700175, 0.99161
0.00725181, 0.991313
0.00750188, 0.991016
0.00775194, 0.990719
0.008002, 0.990422
0.00825206, 0.990126
0.00850213, 0.989829
0.00875219, 0.989533
0.00900225, 0.989237
0.00925231, 0.988941
0.00950238, 0.988646
0.00975244, 0.98835
0.0100025, 0.988055
0.0102526, 0.98776
0.0105026, 0.987465
0.0107527, 0.98717
0.0110028, 0.986875
0.0112528, 0.986581
0.0115029, 0.986286
0.0117529, 0.985992
0.012003, 0.985698
0.0122531, 0.985404
0.0125031, 0.985111
0.0127532, 0.984817
0.0130033, 0.984524
0.0132533, 0.984231
0.0135034, 0.983938
0.0137534, 0.983645
0.0140035, 0.983352
0.0142536, 0.98306
0.0145036, 0.982768
0.0147537, 0.982475
0.0150038, 0.982183
0.0152538, 0.981892
0.0155039, 0.9816
0.0157539, 0.981308
0.016004, 0.981017
0.0162541, 0.980726
0.0165041, 0.980435
0.0167542, 0.980144
0.0170043, 0.979854
0.0172543, 0.979563
0.0175044, 0.979273
0.0177544, 0.978983
0.0180045, 0.978693
0.0182546, 0.978403
0.0185046, 0.978113
0.0187547, 0.977824
0.0190048, 0.977534
0.0192548, 0.977245
0.0195049, 0.976956
0.0197549, 0.976667
0.020005, 0.976379
0.0202551, 0.97609
0.0205051, 0.975802
0.0207552, 0.975514
0.0210053, 0.975226
0.0212553, 0.974938
0.0215054, 0.97465
0.0217554, 0.974363
0.0220055, 0.974075
0.0222556, 0.973788
0.0225056, 0.973501
0.0227557, 0.973214
0.0230058, 0.972928
0.0232558, 0.972641
0.0235059, 0.972355
0.0237559, 0.972069
0.024006, 0.971783
0.0242561, 0.971497
0.0245061, 0.971211
0.0247562, 0.970926
0.0250063, 0.97064
0.0252563, 0.970355
0.0255064, 0.97007
0.0257564, 0.969785
0.0260065, 0.969501
0.0262566, 0.969216
0.0265066, 0.968932
0.0267567, 0.968647
0.0270068, 0.968363
0.0272568, 0.96808
0.0275069, 0.967796
0.0277569, 0.967512
0.028007, 0.967229
0.0282571, 0.966946
0.0285071, 0.966663
0.0287572, 0.96638
0.0290073, 0.966097
0.0292573, 0.965815
0.0295074, 0.965532
0.0297574, 0.96525
0.0300075, 0.964968
0.0302576, 0.964686
0.0305076, 0.964404
0.0307577, 0.964123
0.0310078, 0.963841
0.0312578, 0.96356
0.0315079, 0.963279
0.0317579, 0.962998
0.032008, 0.962717
0.0322581, 0.962437
0.0325081, 0.962156
0.0327582, 0.961876
0.0330083, 0.961596
0.0332583, 0.961316
0.0335084, 0.961036
0.0337584, 0.960757
0.0340085, 0.960477
0.0342586, 0.960198
0.0345086, 0.959919
0.0347587, 0.95964
0.0350088, 0.959361
0.0352588, 0.959083
0.0355089, 0.958804
0.0357589, 0.958526
0.036009, 0.958248
0.0362591, 0.95797
0.0365091, 0.957692
0.0367592, 0.957414
0.0370093, 0.957137
0.0372593, 0.95686
0.0375094, 0.956582
0.0377594, 0.956305
0.0380095, 0.956029
0.0382596, 0.955752
0.0385096, 0.955475
0.0387597, 0.955199
0.0390098, 0.954923
0.0392598, 0.954647
0.0395099, 0.954371
0.0397599, 0.954095
0.04001, 0.95382
0.0402601, 0.953545
0.0405101, 0.953269
0.0407602, 0.952994
0.0410103, 0.952719
0.0412603, 0.952445
0.0415104, 0.95217
0.0417604, 0.951896
0.0420105, 0.951622
0.0422606, 0.951347
0.0425106, 0.951074
0.0427607, 0.9508
0.0430108, 0.950526
0.0432608, 0.950253
0.0435109, 0.94998
0.0437609, 0.949706
0.044011, 0.949434
0.0442611, 0.949161
0.0445111, 0.948888
0.0447612, 0.948616
0.0450113, 0.948343
0.0452613, 0.948071
0.0455114, 0.947799
0.0457614, 0.947528
0.0460115, 0.947256
0.0462616, 0.946984
0.0465116, 0.946713
0.0467617, 0.946442
0.0470118, 0.946171
0.0472618, 0.9459
0.0475119, 0.945629
0.0477619, 0.945359
0.048012, 0.945089
0.0482621, 0.944818
0.0485121, 0.944548
0.0487622, 0.944278
0.0490123, 0.944009
0.0492623, 0.943739
0.0495124, 0.94347
0.0497624, 0.943201
0.0500125, 0.942932
0.0502626, 0.942663
0.0505126, 0.942394
0.0507627, 0.942125
0.0510128, 0.941857
0.0512628, 0.941589
0.0515129, 0.94132
0.0517629, 0.941053
0.052013, 0.940785
0.0522631, 0.940517
0.0525131, 0.94025
0.0527632, 0.939982
0.0530133, 0.939715
0.0532633, 0.939448
0.0535134, 0.939181
0.0537634, 0.938915
0.0540135, 0.938648
0.0542636, 0.938382
0.0545136, 0.938116
0.0547637, 0.93785
0.0550138, 0.937584
0.0552638, 0.937318
0.0555139, 0.937053
0.0557639, 0.936787
0.056014, 0.936522
0.0562641, 0.936257
0.0565141, 0.935992
0.0567642, 0.935727
0.0570143, 0.935463
0.0572643, 0.935198
0.0575144, 0.934934
0.0577644, 0.93467
0.0580145, 0.934406
0.0582646, 0.934142
0.0585146, 0.933878
0.0587647, 0.933615
0.0590148, 0.933352
0.0592648, 0.933089
0.0595149, 0.932826
0.0597649, 0.932563
0.060015, 0.9323
0.0602651, 0.932038
0.0605151, 0.931775
0.0607652, 0.931513
0.0610153, 0.931251
0.0612653, 0.930989
0.0615154, 0.930727
0.0617654, 0.930466
0.0620155, 0.930204
0.0622656, 0.929943
0.0625156, 0.929682
0.0627657, 0.929421
0.0630158, 0.92916
0.0632658, 0.9289
0.0635159, 0.928639
0.0637659, 0.928379
0.064016, 0.928119
0.0642661, 0.927859
0.0645161, 0.927599
0.0647662, 0.927339
0.0650163, 0.92708
0.0652663, 0.92682
0.0655164, 0.926561
0.0657664, 0.926302
0.0660165, 0.926043
0.0662666, 0.925785
0.0665166, 0.925526
0.0667667, 0.925268
0.0670168, 0.925009
0.0672668, 0.924751
0.0675169, 0.924493
0.0677669, 0.924236
0.068017, 0.923978
0.0682671, 0.923721
0.0685171, 0.923463
0.0687672, 0.923206
0.0690173, 0.922949
0.0692673, 0.922692
0.0695174, 0.922436
0.0697674, 0.922179
0.0700175, 0.921923
0.0702676, 0.921667
0.0705176, 0.92141
0.0707677, 0.921155
0.0710178, 0.920899
0.0712678, 0.920643
0.0715179, 0.920388
0.0717679, 0.920133
0.072018, 0.919878
0.0722681, 0.919623
0.0725181, 0.919368
0.0727682, 0.919113
0.0730183, 0.918859
0.0732683, 0.918604
0.0735184, 0.91835
0.0737684, 0.918096
0.0740185, 0.917842
0.0742686, 0.917589
0.0745186, 0.917335
0.0747687, 0.917082
0.0750188, 0.916829
0.0752688, 0.916575
0.0755189, 0.916323
0.0757689, 0.91607
0.076019, 0.915817
0.0762691, 0.915565
0.0765191, 0.915313
0.0767692, 0.91506
0.0770193, 0.914808
0.0772693, 0.914557
0.0775194, 0.914305
0.0777694, 0.914053
0.0780195, 0.913802
0.0782696, 0.913551
0.0785196, 0.9133
0.0787697, 0.913049
0.0790198, 0.912798
0.0792698, 0.912548
0.0795199, 0.912297
0.0797699, 0.912047
0.08002, 0.911797
0.0802701, 0.911547
0.0805201, 0.911297
0.0807702, 0.911048
0.0810203, 0.910798
0.0812703, 0.910549
0.0815204, 0.9103
0.0817704, 0.910051
0.0820205, 0.909802
0.0822706, 0.909553
0.0825206, 0.909305
0.0827707, 0.909056
0.0830208, 0.908808
0.0832708, 0.90856
0.0835209, 0.908312
0.0837709, 0.908064
0.084021, 0.907816
0.0842711, 0.907569
0.0845211, 0.907322
0.0847712, 0.907075
0.0850213, 0.906828
0.0852713, 0.906581
0.0855214, 0.906334
0.0857714, 0.906088
0.0860215, 0.905841
0.0862716, 0.905595
0.0865216, 0.905349
0.0867717, 0.905103
0.0870218, 0.904857
0.0872718, 0.904612
0.0875219, 0.904366
0.0877719, 0.904121
0.088022, 0.903876
0.0882721, 0.903631
0.0885221, 0.903386
0.0887722, 0.903141
0.0890223, 0.902897
0.0892723, 0.902652
0.0895224, 0.902408
0.0897724, 0.902164
0.0900225, 0.90192
0.0902726, 0.901676
0.0905226, 0.901433
0.0907727, 0.901189
0.0910228, 0.900946
0.0912728, 0.900703
0.0915229, 0.90046
0.0917729, 0.900217
0.092023, 0.899974
0.0922731, 0.899732
0.0925231, 0.89949
0.0927732, 0.899247
0.0930233, 0.899005
0.0932733, 0.898763
0.0935234, 0.898522
0.0937734, 0.89828
0.0940235, 0.898039
0.0942736, 0.897797
0.0945236, 0.897556
0.0947737, 0.897315
0.0950238, 0.897074
0.0952738, 0.896834
0.0955239, 0.896593
0.0957739, 0.896353
0.096024, 0.896113
0.0962741, 0.895873
0.0965241, 0.895633
0.0967742, 0.895393
0.0970243, 0.895153
0.0972743, 0.894914
0.0975244, 0.894675
0.0977744, 0.894435
0.0980245, 0.894196
0.0982746, 0.893958
0.0985246, 0.893719
0.0987747, 0.89348
0.0990248, 0.893242
0.0992748, 0.893004
0.0995249, 0.892766
0.0997749, 0.892528
0.100025, 0.89229
0.100275, 0.892052
0.100525, 0.891815
0.100775, 0.891578
0.101025, 0.89134
0.101275, 0.891103
0.101525, 0.890867
0.101775, 0.89063
0.102026, 0.890393
0.102276, 0.890157
0.102526, 0.889921
0.102776, 0.889685
0.103026, 0.889449
0.103276, 0.889213
0.103526, 0.888977
0.103776, 0.888742
0.104026, 0.888506
0.104276, 0.888271
0.104526, 0.888036
0.104776, 0.887801
0.105026, 0.887567
0.105276, 0.887332
0.105526, 0.887098
0.105776, 0.886863
0.106027, 0.886629
0.106277, 0.886395
0.106527, 0.886161
0.106777, 0.885928
0.107027, 0.885694
0.107277, 0.885461
0.107527, 0.885228
0.107777, 0.884995
0.108027, 0.884762
0.108277, 0.884529
0.108527, 0.884296
0.108777, 0.884064
0.109027, 0.883832
0.109277, 0.8836
0.109527, 0.883368
0.109777, 0.883136
0.110028, 0.882904
0.110278, 0.882672
0.110528, 0.882441
0.110778, 0.88221
0.111028, 0.881979
0.111278, 0.881748
0.111528, 0.881517
0.111778, 0.881286
0.112028, 0.881056
0.112278, 0.880826
0.112528, 0.880595
0.112778, 0.880365
0.113028, 0.880135
0.113278, 0.879906
0.113528, 0.879676
0.113778, 0.879447
0.114029, 0.879217
0.114279, 0.878988
0.114529, 0.878759
0.114779, 0.878531
0.115029, 0.878302
0.115279, 0.878073
0.115529, 0.877845
0.115779, 0.877617
0.116029, 0.877389
0.116279, 0.877161
0.116529, 0.876933
0.116779, 0.876705
0.117029, 0.876478
0.117279, 0.876251
0.117529, 0.876023
0.117779, 0.875796
0.11803, 0.875569
0.11828, 0.875343
0.11853, 0.875116
0.11878, 0.87489
0.11903, 0.874663
0.11928, 0.874437
0.11953, 0.874211
0.11978, 0.873986
0.12003, 0.87376
0.12028, 0.873534
0.12053, 0.873309
0.12078, 0.873084
0.12103, 0.872859
0.12128, 0.872634
0.12153, 0.872409
0.12178, 0.872184
0.122031, 0.87196
0.122281, 0.871736
0.122531, 0.871511
0.122781, 0.871287
0.123031, 0.871064
0.123281, 0.87084
0.123531, 0.870616
0.123781, 0.870393
0.124031, 0.87017
0.124281, 0.869946
0.124531, 0.869723
0.124781, 0.869501
0.125031, 0.869278
0.125281, 0.869055
0.125531, 0.868833
0.125781, 0.868611
0.126032, 0.868389
0.126282, 0.868167
0.126532, 0.867945
0.126782, 0.867723
0.127032, 0.867502
0.127282, 0.86728
0.127532, 0.867059
0.127782, 0.866838
0.128032, 0.866617
0.128282, 0.866397
0.128532, 0.866176
0.128782, 0.865956
0.129032, 0.865735
0.129282, 0.865515
0.129532, 0.865295
0.129782, 0.865075
0.130033, 0.864856
0.130283, 0.864636
0.130533, 0.864417
0.130783, 0.864197
0.131033, 0.863978
0.131283, 0.863759
0.131533, 0.86354
0.131783, 0.863322
0.132033, 0.863103
0.132283, 0.862885
0.132533, 0.862667
0.132783, 0.862449
0.133033, 0.862231
0.133283, 0.862013
0.133533, 0.861795
0.133783, 0.861578
0.134034, 0.86136
0.134284, 0.861143
0.134534, 0.860926
0.134784, 0.860709
0.135034, 0.860493
0.135284, 0.860276
0.135534, 0.86006
0.135784, 0.859843
0.136034, 0.859627
0.136284, 0.859411
0.136534, 0.859195
0.136784, 0.85898
0.137034, 0.858764
0.137284, 0.858549
0.137534, 0.858333
0.137784, 0.858118
0.138035, 0.857903
0.138285, 0.857688
0.138535, 0.857474
0.138785, 0.857259
0.139035, 0.857045
0.139285, 0.856831
0.139535, 0.856617
0.139785, 0.856403
0.140035, 0.856189
0.140285, 0.855975
0.140535, 0.855762
0.140785, 0.855548
0.141035, 0.855335
0.141285, 0.855122
0.141535, 0.854909
0.141785, 0.854696
0.142036, 0.854484
0.142286, 0.854271
0.142536, 0.854059
0.142786, 0.853847
0.143036, 0.853635
0.143286, 0.853423
0.143536, 0.853211
0.143786, 0.853
0.144036, 0.852788
0.144286, 0.852577
0.144536, 0.852366
0.144786, 0.852155
0.145036, 0.851944
0.145286, 0.851733
0.145536, 0.851523
0.145786, 0.851312
0.146037, 0.851102
0.146287, 0.850892
0.146537, 0.850682
0.146787, 0.850472
0.147037, 0.850262
0.147287, 0.850053
0.147537, 0.849843
0.147787, 0.849634
0.148037, 0.849425
0.148287, 0.849216
0.148537, 0.849007
0.148787, 0.848799
0.149037, 0.84859
0.149287, 0.848382
0.149537, 0.848174
0.149787, 0.847965
0.150038, 0.847758
0.150288, 0.84755
0.150538, 0.847342
0.150788, 0.847135
0.151038, 0.846927
0.151288, 0.84672
0.151538, 0.846513
0.151788, 0.846306
0.152038, 0.846099
0.152288, 0.845893
0.152538, 0.845686
0.152788, 0.84548
0.153038, 0.845274
0.153288, 0.845068
0.153538, 0.844862
0.153788, 0.844656
0.154039, 0.844451
0.154289, 0.844245
0.154539, 0.84404
0.154789, 0.843835
0.155039, 0.84363
0.155289, 0.843425
0.155539, 0.84322
0.155789, 0.843015
0.156039, 0.842811
0.156289, 0.842607
0.156539, 0.842403
0.156789, 0.842199
0.157039, 0.841995
0.157289, 0.841791
0.157539, 0.841588
0.157789, 0.841384
0.15804, 0.841181
0.15829, 0.840978
0.15854, 0.840775
0.15879, 0.840572
0.15904, 0.840369
0.15929, 0.840167
0.15954, 0.839964
0.15979, 0.839762
0.16004, 0.83956
0.16029, 0.839358
0.16054, 0.839156
0.16079, 0.838954
0.16104, 0.838753
0.16129, 0.838551
0.16154, 0.83835
0.16179, 0.838149
0.162041, 0.837948
0.162291, 0.837747
0.162541, 0.837547
0.162791, 0.837346
0.163041, 0.837146
0.163291, 0.836946
0.163541, 0.836746
0.163791, 0.836546
0.164041, 0.836346
0.164291, 0.836146
0.164541, 0.835947
0.164791, 0.835747
0.165041, 0.835548
0.165291, 0.835349
0.165541, 0.83515
0.165791, 0.834951
0.166042, 0.834753
0.166292, 0.834554
0.166542, 0.834356
0.166792, 0.834158
0.167042, 0.833959
0.167292, 0.833762
0.167542, 0.833564
0.167792, 0.833366
0.168042, 0.833169
0.168292, 0.832971
0.168542, 0.832774
0.168792, 0.832577
0.169042, 0.83238
0.169292, 0.832183
0.169542, 0.831987
0.169792, 0.83179
0.170043, 0.831594
0.170293, 0.831398
0.170543, 0.831202
0.170793, 0.831006
0.171043, 0.83081
0.171293, 0.830614
0.171543, 0.830419
0.171793, 0.830223
0.172043, 0.830028
0.172293, 0.829833
0.172543, 0.829638
0.172793, 0.829444
0.173043, 0.829249
0.173293, 0.829054
0.173543, 0.82886
0.173793, 0.828666
0.174044, 0.828472
0.174294, 0.828278
0.174544, 0.828084
0.174794, 0.827891
0.175044, 0.827697
0.175294, 0.827504
0.175544, 0.827311
0.175794, 0.827118
0.176044, 0.826925
0.176294, 0.826732
0.176544, 0.826539
0.176794, 0.826347
0.177044, 0.826155
0.177294, 0.825962
0.177544, 0.82577
0.177794, 0.825578
0.178045, 0.825387
0.178295, 0.825195
0.178545, 0.825004
0.178795, 0.824812
0.179045, 0.824621
0.179295, 0.82443
0.179545, 0.824239
0.179795, 0.824048
0.180045, 0.823858
0.180295, 0.823667
0.180545, 0.823477
0.180795, 0.823287
0.181045, 0.823097
0.181295, 0.822907
0.181545, 0.822717
0.181795, 0.822527
0.182046, 0.822338
0.182296, 0.822149
0.182546, 0.821959
0.182796, 0.82177
0.183046, 0.821581
0.183296, 0.821393
0.183546, 0.821204
0.183796, 0.821015
0.184046, 0.820827
0.184296, 0.820639
0.184546, 0.820451
0.184796, 0.820263
0.185046, 0.820075
0.185296, 0.819888
0.185546, 0.8197
0.185796, 0.819513
0.186047, 0.819326
0.186297, 0.819138
0.186547, 0.818952
0.186797, 0.818765
0.187047, 0.818578
0.187297, 0.818392
0.187547, 0.818205
0.187797, 0.818019
0.188047, 0.817833
0.188297, 0.817647
0.188547, 0.817461
0.188797, 0.817276
0.189047, 0.81709
0.189297, 0.816905
0.189547, 0.81672
0.189797, 0.816534
0.190048, 0.81635
0.190298, 0.816165
0.190548, 0.81598
0.190798, 0.815796
0.191048, 0.815611
0.191298, 0.815427
0.191548, 0.815243
0.191798, 0.815059
0.192048, 0.814875
0.192298, 0.814691
0.192548, 0.814508
0.192798, 0.814325
0.193048, 0.814141
0.193298, 0.813958
0.193548, 0.813775
0.193798, 0.813592
0.194049, 0.81341
0.194299, 0.813227
0.194549, 0.813045
0.194799, 0.812863
0.195049, 0.81268
0.195299, 0.812498
0.195549, 0.812317
0.195799, 0.812135
0.196049, 0.811953
0.196299, 0.811772
0.196549, 0.811591
0.196799, 0.81141
0.197049, 0.811229
0.197299, 0.811048
0.197549, 0.810867
0.197799, 0.810686
0.19805, 0.810506
0.1983, 0.810326
0.19855, 0.810146
0.1988, 0.809966
0.19905, 0.809786
0.1993, 0.809606
0.19955, 0.809426
0.1998, 0.809247
0.20005, 0.809068
0.2003, 0.808889
0.20055, 0.80871
0.2008, 0.808531
0.20105, 0.808352
0.2013, 0.808173
0.20155, 0.807995
0.2018, 0.807817
0.202051, 0.807638
0.202301, 0.80746
0.202551, 0.807282
0.202801, 0.807105
0.203051, 0.806927
0.203301, 0.80675
0.203551, 0.806572
0.203801, 0.806395
0.204051, 0.806218
0.204301, 0.806041
0.204551, 0.805864
0.204801, 0.805688
0.205051, 0.805511
0.205301, 0.805335
0.205551, 0.805159
0.205801, 0.804983
0.206052, 0.804807
0.206302, 0.804631
0.206552, 0.804455
0.206802, 0.80428
0.207052, 0.804104
0.207302, 0.803929
0.207552, 0.803754
0.207802, 0.803579
0.208052, 0.803404
0.208302, 0.803229
0.208552, 0.803055
0.208802, 0.802881
0.209052, 0.802706
0.209302, 0.802532
0.209552, 0.802358
0.209802, 0.802184
0.210053, 0.802011
0.210303, 0.801837
0.210553, 0.801664
0.210803, 0.80149
0.211053, 0.801317
0.211303, 0.801144
0.211553, 0.800971
0.211803, 0.800799
0.212053, 0.800626
0.212303, 0.800454
0.212553, 0.800281
0.212803, 0.800109
0.213053, 0.799937
0.213303, 0.799765
0.213553, 0.799593
0.213803, 0.799422
0.214054, 0.79925
0.214304, 0.799079
0.214554, 0.798908
0.214804, 0.798737
0.215054, 0.798566
0.215304, 0.798395
0.215554, 0.798224
0.215804, 0.798054
0.216054, 0.797884
0.216304, 0.797713
0.216554, 0.797543
0.216804, 0.797373
0.217054, 0.797203
0.217304, 0.797034
0.217554, 0.796864
0.217804, 0.796695
0.218055, 0.796526
0.218305, 0.796357
0.218555, 0.796188
0.218805, 0.796019
0.219055, 0.79585
0.219305, 0.795681
0.219555, 0.795513
0.219805, 0.795345
0.220055, 0.795177
0.220305, 0.795009
0.220555, 0.794841
0.220805, 0.794673
0.221055, 0.794505
0.221305, 0.794338
0.221555, 0.794171
0.221805, 0.794004
0.222056, 0.793836
0.222306, 0.79367
0.222556, 0.793503
0.222806, 0.793336
0.223056, 0.79317
0.223306, 0.793003
0.223556, 0.792837
0.223806, 0.792671
0.224056, 0.792505
0.224306, 0.792339
0.224556, 0.792174
0.224806, 0.792008
0.225056, 0.791843
0.225306, 0.791678
0.225556, 0.791512
0.225806, 0.791348
0.226057, 0.791183
0.226307, 0.791018
0.226557, 0.790853
0.226807, 0.790689
0.227057, 0.790525
0.227307, 0.790361
0.227557, 0.790197
0.227807, 0.790033
0.228057, 0.789869
0.228307, 0.789705
0.228557, 0.789542
0.228807, 0.789379
0.229057, 0.789216
0.229307, 0.789053
0.229557, 0.78889
0.229807, 0.788727
0.230058, 0.788564
0.230308, 0.788402
0.230558, 0.788239
0.230808, 0.788077
0.231058, 0.787915
0.231308, 0.787753
0.231558, 0.787591
0.231808, 0.78743
0.232058, 0.787268
0.232308, 0.787107
0.232558, 0.786946
0.232808, 0.786784
0.233058, 0.786624
0.233308, 0.786463
0.233558, 0.786302
0.233808, 0.786141
0.234059, 0.785981
0.234309, 0.785821
0.234559, 0.785661
0.234809, 0.785501
0.235059, 0.785341
0.235309, 0.785181
0.235559, 0.785021
0.235809, 0.784862
0.236059, 0.784703
0.236309, 0.784543
0.236559, 0.784384
0.236809, 0.784225
0.237059, 0.784067
0.237309, 0.783908
0.237559, 0.783749
0.237809, 0.783591
0.23806, 0.783433
0.23831, 0.783275
0.23856, 0.783117
0.23881, 0.782959
0.23906, 0.782801
0.23931, 0.782644
0.23956, 0.782486
0.23981, 0.782329
0.24006, 0.782172
0.24031, 0.782015
0.24056, 0.781858
0.24081, 0.781701
0.24106, 0.781545
0.24131, 0.781388
0.24156, 0.781232
0.24181, 0.781076
0.242061, 0.78092
0.242311, 0.780764
0.242561, 0.780608
0.242811, 0.780453
0.243061, 0.780297
0.243311, 0.780142
0.243561, 0.779986
0.243811, 0.779831
0.244061, 0.779676
0.244311, 0.779522
0.244561, 0.779367
0.244811, 0.779212
0.245061, 0.779058
0.245311, 0.778904
0.245561, 0.77875
0.245811, 0.778596
0.246062, 0.778442
0.246312, 0.778288
0.246562, 0.778134
0.246812, 0.777981
0.247062, 0.777828
0.247312, 0.777674
0.247562, 0.777521
0.247812, 0.777369
0.248062, 0.777216
0.248312, 0.777063
0.248562, 0.776911
0.248812, 0.776758
0.249062, 0.776606
0.249312, 0.776454
0.249562, 0.776302
0.249812, 0.77615
0.250063, 0.775998
0.250313, 0.775847
0.250563, 0.775696
0.250813, 0.775544
0.251063, 0.775393
0.251313, 0.775242
0.251563, 0.775091
0.251813, 0.774941
0.252063, 0.77479
0.252313, 0.774639
0.252563, 0.774489
0.252813, 0.774339
0.253063, 0.774189
0.253313, 0.774039
0.253563, 0.773889
0.253813, 0.77374
0.254064, 0.77359
0.254314, 0.773441
0.254564, 0.773291
0.254814, 0.773142
0.255064, 0.772993
0.255314, 0.772844
0.255564, 0.772696
0.255814, 0.772547
0.256064, 0.772399
0.256314, 0.772251
0.256564, 0.772102
0.256814, 0.771954
0.257064, 0.771806
0.257314, 0.771659
0.257564, 0.771511
0.257814, 0.771364
0.258065, 0.771216
0.258315, 0.771069
0.258565, 0.770922
0.258815, 0.770775
0.259065, 0.770628
0.259315, 0.770482
0.259565, 0.770335
0.259815, 0.770189
0.260065, 0.770042
0.260315, 0.769896
0.260565, 0.76975
0.260815, 0.769604
0.261065, 0.769459
0.261315, 0.769313
0.261565, 0.769168
0.261815, 0.769022
0.262066, 0.768877
0.262316, 0.768732
0.262566, 0.768587
0.262816, 0.768442
0.263066, 0.768298
0.263316, 0.768153
0.263566, 0.768009
0.263816, 0.767865
0.264066, 0.76772
0.264316, 0.767577
0.264566, 0.767433
0.264816, 0.767289
0.265066, 0.767145
0.265316, 0.767002
0.265566, 0.766859
0.265816, 0.766716
0.266067, 0.766572
0.266317, 0.76643
0.266567, 0.766287
0.266817, 0.766144
0.267067, 0.766002
0.267317, 0.765859
0.267567, 0.765717
0.267817, 0.765575
0.268067, 0.765433
0.268317, 0.765291
0.268567, 0.76515
0.268817, 0.765008
0.269067, 0.764867
0.269317, 0.764725
0.269567, 0.764584
0.269817, 0.764443
0.270068, 0.764302
0.270318, 0.764162
0.270568, 0.764021
0.270818, 0.763881
0.271068, 0.76374
0.271318, 0.7636
0.271568, 0.76346
0.271818, 0.76332
0.272068, 0.76318
0.272318, 0.76304
0.272568, 0.762901
0.272818, 0.762762
0.273068, 0.762622
0.273318, 0.762483
0.273568, 0.762344
0.273818, 0.762205
0.274069, 0.762067
0.274319, 0.761928
0.274569, 0.761789
0.274819, 0.761651
0.275069, 0.761513
0.275319, 0.761375
0.275569, 0.761237
0.275819, 0.761099
0.276069, 0.760962
0.276319, 0.760824
0.276569, 0.760687
0.276819, 0.760549
0.277069, 0.760412
0.277319, 0.760275
0.277569, 0.760138
0.277819, 0.760002
0.27807, 0.759865
0.27832, 0.759729
0.27857, 0.759592
0.27882, 0.759456
0.27907, 0.75932
0.27932, 0.759184
0.27957, 0.759048
0.27982, 0.758913
0.28007, 0.758777
0.28032, 0.758642
0.28057, 0.758507
0.28082, 0.758371
0.28107, 0.758236
0.28132, 0.758102
0.28157, 0.757967
0.28182, 0.757832
0.282071, 0.757698
0.282321, 0.757563
0.282571, 0.757429
0.282821, 0.757295
0.283071, 0.757161
0.283321, 0.757028
0.283571, 0.756894
0.283821, 0.75676
0.284071, 0.756627
0.284321, 0.756494
0.284571, 0.756361
0.284821, 0.756228
0.285071, 0.756095
0.285321, 0.755962
0.285571, 0.755829
0.285821, 0.755697
0.286072, 0.755565
0.286322, 0.755433
0.286572, 0.7553
0.286822, 0.755169
0.287072, 0.755037
0.287322, 0.754905
0.287572, 0.754774
0.287822, 0.754642
0.288072, 0.754511
0.288322, 0.75438
0.288572, 0.754249
0.288822, 0.754118
0.289072, 0.753987
0.289322, 0.753857
0.289572, 0.753726
0.289822, 0.753596
0.290073, 0.753466
0.290323, 0.753336
0.290573, 0.753206
0.290823, 0.753076
0.291073, 0.752946
0.291323, 0.752817
0.291573, 0.752687
0.291823, 0.752558
0.292073, 0.752429
0.292323, 0.7523
0.292573, 0.752171
0.292823, 0.752042
0.293073, 0.751914
0.293323, 0.751785
0.293573, 0.751657
0.293823, 0.751529
0.294074, 0.751401
0.294324, 0.751273
0.294574, 0.751145
0.294824, 0.751017
0.295074, 0.75089
0.295324, 0.750762
0.295574, 0.750635
0.295824, 0.750508
0.296074, 0.750381
0.296324, 0.750254
0.296574, 0.750127
0.296824, 0.750001
0.297074, 0.749874
0.297324, 0.749748
0.297574, 0.749622
0.297824, 0.749496
0.298075, 0.74937
0.298325, 0.749244
0.298575, 0.749118
0.298825, 0.748993
0.299075, 0.748867
0.299325, 0.748742
0.299575, 0.748617
0.299825, 0.748492
0.300075, 0.748367
0.300325, 0.748242
0.300575, 0.748117
0.300825, 0.747993
0.301075, 0.747868
0.301325, 0.747744
0.301575, 0.74762
0.301825, 0.747496
0.302076, 0.747372
0.302326, 0.747249
0.302576, 0.747125
0.302826, 0.747002
0.303076, 0.746878
0.303326, 0.746755
0.303576, 0.746632
0.303826, 0.746509
0.304076, 0.746386
0.304326, 0.746264
0.304576, 0.746141
0.304826, 0.746019
0.305076, 0.745897
0.305326, 0.745775
0.305576, 0.745653
0.305826, 0.745531
0.306077, 0.745409
0.306327, 0.745287
0.306577, 0.745166
0.306827, 0.745045
0.307077, 0.744923
0.307327, 0.744802
0.307577, 0.744681
0.307827, 0.744561
0.308077, 0.74444
0.308327, 0.744319
0.308577, 0.744199
0.308827, 0.744079
0.309077, 0.743959
0.309327, 0.743839
0.309577, 0.743719
0.309827, 0.743599
0.310078, 0.743479
0.310328, 0.74336
0.310578, 0.74324
0.310828, 0.743121
0.311078, 0.743002
0.311328, 0.742883
0.311578, 0.742764
0.311828, 0.742646
0.312078, 0.742527
0.312328, 0.742409
0.312578, 0.74229
0.312828, 0.742172
0.313078, 0.742054
0.313328, 0.741936
0.313578, 0.741818
0.313828, 0.741701
0.314079, 0.741583
0.314329, 0.741466
0.314579, 0.741349
0.314829, 0.741231
0.315079, 0.741114
0.315329, 0.740998
0.315579, 0.740881
0.315829, 0.740764
0.316079, 0.740648
0.316329, 0.740532
0.316579, 0.740415
0.316829, 0.740299
0.317079, 0.740183
0.317329, 0.740067
0.317579, 0.739952
0.317829, 0.739836
0.31808, 0.739721
0.31833, 0.739606
0.31858, 0.73949
0.31883, 0.739375
0.31908, 0.73926
0.31933, 0.739146
0.31958, 0.739031
0.31983, 0.738917
0.32008, 0.738802
0.32033, 0.738688
0.32058, 0.738574
0.32083, 0.73846
0.32108, 0.738346
0.32133, 0.738232
0.32158, 0.738119
0.32183, 0.738005
0.322081, 0.737892
0.322331, 0.737779
0.322581, 0.737666
0.322831, 0.737553
0.323081, 0.73744
0.323331, 0.737327
0.323581, 0.737215
0.323831, 0.737102
0.324081, 0.73699
0.324331, 0.736878
0.324581, 0.736766
0.324831, 0.736654
0.325081, 0.736542
0.325331, 0.736431
0.325581, 0.736319
0.325831, 0.736208
0.326082, 0.736097
0.326332, 0.735985
0.326582, 0.735875
0.326832, 0.735764
0.327082, 0.735653
0.327332, 0.735542
0.327582, 0.735432
0.327832, 0.735322
0.328082, 0.735211
0.328332, 0.735101
0.328582, 0.734991
0.328832, 0.734882
0.329082, 0.734772
0.329332, 0.734662
0.329582, 0.734553
0.329832, 0.734444
0.330083, 0.734335
0.330333, 0.734226
0.330583, 0.734117
0.330833, 0.734008
0.331083, 0.733899
0.331333, 0.733791
0.331583, 0.733682
0.331833, 0.733574
0.332083, 0.733466
0.332333, 0.733358
0.332583, 0.73325
0.332833, 0.733143
0.333083, 0.733035
0.333333, 0.732928
0.333583, 0.73282
0.333833, 0.732713
0.334084, 0.732606
0.334334, 0.732499
0.334584, 0.732392
0.334834, 0.732286
0.335084, 0.732179
0.335334, 0.732073
0.335584, 0.731966
0.335834, 0.73186
0.336084, 0.731754
0.336334, 0.731648
0.336584, 0.731543
0.336834, 0.731437
0.337084, 0.731331
0.337334, 0.731226
0.337584, 0.731121
0.337834, 0.731016
0.338085, 0.730911
0.338335, 0.730806
0.338585, 0.730701
0.338835, 0.730597
0.339085, 0.730492
0.339335, 0.730388
0.339585, 0.730284
0.339835, 0.730179
0.340085, 0.730076
0.340335, 0.729972
0.340585, 0.729868
0.340835, 0.729764
0.341085, 0.729661
0.341335, 0.729558
0.341585, 0.729455
0.341835, 0.729352
0.342086, 0.729249
0.342336, 0.729146
0.342586, 0.729043
0.342836, 0.728941
0.343086, 0.728838
0.343336, 0.728736
0.343586, 0.728634
0.343836, 0.728532
0.344086, 0.72843
0.344336, 0.728328
0.344586, 0.728227
0.344836, 0.728125
0.345086, 0.728024
0.345336, 0.727923
0.345586, 0.727822
0.345836, 0.727721
0.346087, 0.72762
0.346337, 0.727519
0.346587, 0.727419
0.346837, 0.727318
0.347087, 0.727218
0.347337, 0.727118
0.347587, 0.727018
0.347837, 0.726918
0.348087, 0.726818
0.348337, 0.726718
0.348587, 0.726619
0.348837, 0.726519
0.349087, 0.72642
0.349337, 0.726321
0.349587, 0.726222
0.349837, 0.726123
0.350088, 0.726024
0.350338, 0.725925
0.350588, 0.725827
0.350838, 0.725729
0.351088, 0.72563
0.351338, 0.725532
0.351588, 0.725434
0.351838, 0.725336
0.352088, 0.725239
0.352338, 0.725141
0.352588, 0.725044
0.352838, 0.724946
0.353088, 0.724849
0.353338, 0.724752
0.353588, 0.724655
0.353838, 0.724558
0.354089, 0.724461
0.354339, 0.724365
0.354589, 0.724268
0.354839, 0.724172
0.355089, 0.724076
0.355339, 0.72398
0.355589, 0.723884
0.355839, 0.723788
0.356089, 0.723693
0.356339, 0.723597
0.356589, 0.723502
0.356839, 0.723406
0.357089, 0.723311
0.357339, 0.723216
0.357589, 0.723121
0.357839, 0.723027
0.35809, 0.722932
0.35834, 0.722837
0.35859, 0.722743
0.35884, 0.722649
0.35909, 0.722555
0.35934, 0.722461
0.35959, 0.722367
0.35984, 0.722273
0.36009, 0.722179
0.36034, 0.722086
0.36059, 0.721993
0.36084, 0.721899
0.36109, 0.721806
0.36134, 0.721713
0.36159, 0.721621
0.36184, 0.721528
0.362091, 0.721435
0.362341, 0.721343
0.362591, 0.721251
0.362841, 0.721158
0.363091, 0.721066
0.363341, 0.720974
0.363591, 0.720883
0.363841, 0.720791
0.364091, 0.720699
0.364341, 0.720608
0.364591, 0.720517
0.364841, 0.720425
0.365091, 0.720334
0.365341, 0.720244
0.365591, 0.720153
0.365841, 0.720062
0.366092, 0.719972
0.366342, 0.719881
0.366592, 0.719791
0.366842, 0.719701
0.367092, 0.719611
0.367342, 0.719521
0.367592, 0.719431
0.367842, 0.719342
0.368092, 0.719252
0.368342, 0.719163
0.368592, 0.719073
0.368842, 0.718984
0.369092, 0.718895
0.369342, 0.718807
0.369592, 0.718718
0.369842, 0.718629
0.370093, 0.718541
0.370343, 0.718452
0.370593, 0.718364
0.370843, 0.718276
0.371093, 0.718188
0.371343, 0.7181
0.371593, 0.718013
0.371843, 0.717925
0.372093, 0.717838
0.372343, 0.71775
0.372593, 0.717663
0.372843, 0.717576
0.373093, 0.717489
0.373343, 0.717402
0.373593, 0.717316
0.373843, 0.717229
0.374094, 0.717143
0.374344, 0.717057
0.374594, 0.71697
0.374844, 0.716884
0.375094, 0.716798
0.375344, 0.716713
0.375594, 0.716627
0.375844, 0.716542
0.376094, 0.716456
0.376344, 0.716371
0.376594, 0.716286
0.376844, 0.716201
0.377094, 0.716116
0.377344, 0.716031
0.377594, 0.715947
0.377844, 0.715862
0.378095, 0.715778
0.378345, 0.715693
0.378595, 0.715609
0.378845, 0.715525
0.379095, 0.715442
0.379345, 0.715358
0.379595, 0.715274
0.379845, 0.715191
0.380095, 0.715107
0.380345, 0.715024
0.380595, 0.714941
0.380845, 0.714858
0.381095, 0.714775
0.381345, 0.714693
0.381595, 0.71461
0.381845, 0.714528
0.382096, 0.714445
0.382346, 0.714363
0.382596, 0.714281
0.382846, 0.714199
0.383096, 0.714117
0.383346, 0.714036
0.383596, 0.713954
0.383846, 0.713873
0.384096, 0.713791
0.384346, 0.71371
0.384596, 0.713629
0.384846, 0.713548
0.385096, 0.713467
0.385346, 0.713387
0.385596, 0.713306
0.385846, 0.713226
0.386097, 0.713146
0.386347, 0.713065
0.386597, 0.712985
0.386847, 0.712906
0.387097, 0.712826
0.387347, 0.712746
0.387597, 0.712667
0.387847, 0.712587
0.388097, 0.712508
0.388347, 0.712429
0.388597, 0.71235
0.388847, 0.712271
0.389097, 0.712192
0.389347, 0.712114
0.389597, 0.712035
0.389847, 0.711957
0.390098, 0.711879
0.390348, 0.7118
0.390598, 0.711722
0.390848, 0.711645
0.391098, 0.711567
0.391348, 0.711489
0.391598, 0.711412
0.391848, 0.711334
0.392098, 0.711257
0.392348, 0.71118
0.392598, 0.711103
0.392848, 0.711026
0.393098, 0.71095
0.393348, 0.710873
0.393598, 0.710797
0.393848, 0.71072
0.394099, 0.710644
0.394349, 0.710568
0.394599, 0.710492
0.394849, 0.710416
0.395099, 0.710341
0.395349, 0.710265
0.395599, 0.71019
0.395849, 0.710114
0.396099, 0.710039
0.396349, 0.709964
0.396599, 0.709889
0.396849, 0.709814
0.397099, 0.70974
0.397349, 0.709665
0.397599, 0.709591
0.397849, 0.709516
0.3981, 0.709442
0.39835, 0.709368
0.3986, 0.709294
0.39885, 0.709221
0.3991, 0.709147
0.39935, 0.709073
0.3996, 0.709
0.39985, 0.708927
0.4001, 0.708854
0.40035, 0.708781
0.4006, 0.708708
0.40085, 0.708635
0.4011, 0.708562
0.40135, 0.70849
0.4016, 0.708417
0.40185, 0.708345
0.402101, 0.708273
0.402351, 0.708201
0.402601, 0.708129
0.402851, 0.708057
0.403101, 0.707986
0.403351, 0.707914
0.403601, 0.707843
0.403851, 0.707772
0.404101, 0.707701
0.404351, 0.70763
0.404601, 0.707559
0.404851, 0.707488
0.405101, 0.707417
0.405351, 0.707347
0.405601, 0.707277
0.405851, 0.707206
0.406102, 0.707136
0.406352, 0.707066
0.406602, 0.706996
0.406852, 0.706927
0.407102, 0.706857
0.407352, 0.706788
0.407602, 0.706718
0.407852, 0.706649
0.408102, 0.70658
0.408352, 0.706511
0.408602, 0.706442
0.408852, 0.706373
0.409102, 0.706305
0.409352, 0.706236
0.409602, 0.706168
0.409852, 0.7061
0.410103, 0.706032
0.410353, 0.705964
0.410603, 0.705896
0.410853, 0.705828
0.411103, 0.705761
0.411353, 0.705693
0.411603, 0.705626
0.411853, 0.705559
0.412103, 0.705492
0.412353, 0.705425
0.412603, 0.705358
0.412853, 0.705291
0.413103, 0.705225
0.413353, 0.705158
0.413603, 0.705092
0.413853, 0.705026
0.414104, 0.70496
0.414354, 0.704894
0.414604, 0.704828
0.414854, 0.704763
0.415104, 0.704697
0.415354, 0.704632
0.415604, 0.704566
0.415854, 0.704501
0.416104, 0.704436
0.416354, 0.704371
0.416604, 0.704306
0.416854, 0.704242
0.417104, 0.704177
0.417354, 0.704113
0.417604, 0.704049
0.417854, 0.703985
0.418105, 0.70392
0.418355, 0.703857
0.418605, 0.703793
0.418855, 0.703729
0.419105, 0.703666
0.419355, 0.703602
0.419605, 0.703539
0.419855, 0.703476
0.420105, 0.703413
0.420355, 0.70335
0.420605, 0.703287
0.420855, 0.703225
0.421105, 0.703162
0.421355, 0.7031
0.421605, 0.703037
0.421855, 0.702975
0.422106, 0.702913
0.422356, 0.702851
0.422606, 0.70279
0.422856, 0.702728
0.423106, 0.702667
0.423356, 0.702605
0.423606, 0.702544
0.423856, 0.702483
0.424106, 0.702422
0.424356, 0.702361
0.424606, 0.7023
0.424856, 0.70224
0.425106, 0.702179
0.425356, 0.702119
0.425606, 0.702059
0.425856, 0.701999
0.426107, 0.701939
0.426357, 0.701879
0.426607, 0.701819
0.426857, 0.701759
0.427107, 0.7017
0.427357, 0.701641
0.427607, 0.701581
0.427857, 0.701522
0.428107, 0.701463
0.428357, 0.701404
0.428607, 0.701346
0.428857, 0.701287
0.429107, 0.701229
0.429357, 0.70117
0.429607, 0.701112
0.429857, 0.701054
0.430108, 0.700996
0.430358, 0.700938
0.430608, 0.70088
0.430858, 0.700823
0.431108, 0.700765
0.431358, 0.700708
0.431608, 0.700651
0.431858, 0.700594
0.432108, 0.700537
0.432358, 0.70048
0.432608, 0.700423
0.432858, 0.700367
0.433108, 0.70031
0.433358, 0.700254
0.433608, 0.700198
0.433858, 0.700142
0.434109, 0.700086
0.434359, 0.70003
0.434609, 0.699974
0.434859, 0.699919
0.435109, 0.699863
0.435359, 0.699808
0.435609, 0.699753
0.435859, 0.699698
0.436109, 0.699643
0.436359, 0.699588
0.436609, 0.699533
0.436859, 0.699479
0.437109, 0.699424
0.437359, 0.69937
0.437609, 0.699316
0.437859, 0.699262
0.43811, 0.699208
0.43836, 0.699154
0.43861, 0.6991
0.43886, 0.699047
0.43911, 0.698993
0.43936, 0.69894
0.43961, 0.698887
0.43986, 0.698834
0.44011, 0.698781
0.44036, 0.698728
0.44061, 0.698675
0.44086, 0.698623
0.44111, 0.69857
0.44136, 0.698518
0.44161, 0.698466
0.44186, 0.698414
0.442111, 0.698362
0.442361, 0.69831
0.442611, 0.698259
0.442861, 0.698207
0.443111, 0.698156
0.443361, 0.698104
0.443611, 0.698053
0.443861, 0.698002
0.444111, 0.697951
0.444361, 0.6979
0.444611, 0.69785
0.444861, 0.697799
0.445111, 0.697749
0.445361, 0.697699
0.445611, 0.697648
0.445861, 0.697598
0.446112, 0.697548
0.446362, 0.697499
0.446612, 0.697449
0.446862, 0.697399
0.447112, 0.69735
0.447362, 0.697301
0.447612, 0.697252
0.447862, 0.697203
0.448112, 0.697154
0.448362, 0.697105
0.448612, 0.697056
0.448862, 0.697008
0.449112, 0.696959
0.449362, 0.696911
0.449612, 0.696863
0.449862, 0.696815
0.450113, 0.696767
0.450363, 0.696719
0.450613, 0.696672
0.450863, 0.696624
0.451113, 0.696577
0.451363, 0.696529
0.451613, 0.696482
0.451863, 0.696435
0.452113, 0.696388
0.452363, 0.696342
0.452613, 0.696295
0.452863, 0.696248
0.453113, 0.696202
0.453363, 0.696156
0.453613, 0.69611
0.453863, 0.696064
0.454114, 0.696018
0.454364, 0.695972
0.454614, 0.695926
0.454864, 0.695881
0.455114, 0.695835
0.455364, 0.69579
0.455614, 0.695745
0.455864, 0.6957
0.456114, 0.695655
0.456364, 0.69561
0.456614, 0.695566
0.456864, 0.695521
0.457114, 0.695477
0.457364, 0.695432
0.457614, 0.695388
0.457864, 0.695344
0.458115, 0.6953
0.458365, 0.695257
0.458615, 0.695213
0.458865, 0.69517
0.459115, 0.695126
0.459365, 0.695083
0.459615, 0.69504
0.459865, 0.694997
0.460115, 0.694954
0.460365, 0.694911
0.460615, 0.694868
0.460865, 0.694826
0.461115, 0.694784
0.461365, 0.694741
0.461615, 0.694699
0.461865, 0.694657
0.462116, 0.694615
0.462366, 0.694574
0.462616, 0.694532
0.462866, 0.69449
0.463116, 0.694449
0.463366, 0.694408
0.463616, 0.694367
0.463866, 0.694326
0.464116, 0.694285
0.464366, 0.694244
0.464616, 0.694203
0.464866, 0.694163
0.465116, 0.694123
0.465366, 0.694082
0.465616, 0.694042
0.465866, 0.694002
0.466117, 0.693962
0.466367, 0.693923
0.466617, 0.693883
0.466867, 0.693843
0.467117, 0.693804
0.467367, 0.693765
0.467617, 0.693726
0.467867, 0.693687
0.468117, 0.693648
0.468367, 0.693609
0.468617, 0.69357
0.468867, 0.693532
0.469117, 0.693494
0.469367, 0.693455
0.469617, 0.693417
0.469867, 0.693379
0.470118, 0.693341
0.470368, 0.693304
0.470618, 0.693266
0.470868, 0.693228
0.471118, 0.693191
0.471368, 0.693154
0.471618, 0.693117
0.471868, 0.69308
0.472118, 0.693043
0.472368, 0.693006
0.472618, 0.692969
0.472868, 0.692933
0.473118, 0.692897
0.473368, 0.69286
0.473618, 0.692824
0.473868, 0.692788
0.474119, 0.692752
0.474369, 0.692717
0.474619, 0.692681
0.474869, 0.692645
0.475119, 0.69261
0.475369, 0.692575
0.475619, 0.69254
0.475869, 0.692505
0.476119, 0.69247
0.476369, 0.692435
0.476619, 0.6924
0.476869, 0.692366
0.477119, 0.692332
0.477369, 0.692297
0.477619, 0.692263
0.477869, 0.692229
0.47812, 0.692195
0.47837, 0.692162
0.47862, 0.692128
0.47887, 0.692094
0.47912, 0.692061
0.47937, 0.692028
0.47962, 0.691995
0.47987, 0.691962
0.48012, 0.691929
0.48037, 0.691896
0.48062, 0.691863
0.48087, 0.691831
0.48112, 0.691799
0.48137, 0.691766
0.48162, 0.691734
0.48187, 0.691702
0.482121, 0.69167
0.482371, 0.691639
0.482621, 0.691607
0.482871, 0.691575
0.483121, 0.691544
0.483371, 0.691513
0.483621, 0.691482
0.483871, 0.691451
0.484121, 0.69142
0.484371, 0.691389
0.484621, 0.691358
0.484871, 0.691328
0.485121, 0.691298
0.485371, 0.691267
0.485621, 0.691237
0.485871, 0.691207
0.486122, 0.691177
0.486372, 0.691147
0.486622, 0.691118
0.486872, 0.691088
0.487122, 0.691059
0.487372, 0.69103
0.487622, 0.691001
0.487872, 0.690972
0.488122, 0.690943
0.488372, 0.690914
0.488622, 0.690885
0.488872, 0.690857
0.489122, 0.690828
0.489372, 0.6908
0.489622, 0.690772
0.489872, 0.690744
0.490123, 0.690716
0.490373, 0.690688
0.490623, 0.690661
0.490873, 0.690633
0.491123, 0.690606
0.491373, 0.690579
0.491623, 0.690551
0.491873, 0.690524
0.492123, 0.690498
0.492373, 0.690471
0.492623, 0.690444
0.492873, 0.690418
0.493123, 0.690391
0.493373, 0.690365
0.493623, 0.690339
0.493873, 0.690313
0.494124, 0.690287
0.494374, 0.690261
0.494624, 0.690236
0.494874, 0.69021
0.495124, 0.690185
0.495374, 0.690159
0.495624, 0.690134
0.495874, 0.690109
0.496124, 0.690084
0.496374, 0.69006
0.496624, 0.690035
0.496874, 0.69001
0.497124, 0.689986
0.497374, 0.689962
0.497624, 0.689938
0.497874, 0.689914
0.498125, 0.68989
0.498375, 0.689866
0.498625, 0.689842
0.498875, 0.689819
0.499125, 0.689795
0.499375, 0.689772
0.499625, 0.689749
0.499875, 0.689726
0.500125, 0.689703
0.500375, 0.68968
0.500625, 0.689658
0.500875, 0.689635
0.501125, 0.689613
0.501375, 0.689591
0.501625, 0.689568
0.501875, 0.689546
0.502126, 0.689524
0.502376, 0.689503
0.502626, 0.689481
0.502876, 0.68946
0.503126, 0.689438
0.503376, 0.689417
0.503626, 0.689396
0.503876, 0.689375
0.504126, 0.689354
0.504376, 0.689333
0.504626, 0.689312
0.504876, 0.689292
0.505126, 0.689271
0.505376, 0.689251
0.505626, 0.689231
0.505876, 0.689211
0.506127, 0.689191
0.506377, 0.689171
0.506627, 0.689152
0.506877, 0.689132
0.507127, 0.689113
0.507377, 0.689093
0.507627, 0.689074
0.507877, 0.689055
0.508127, 0.689036
0.508377, 0.689018
0.508627, 0.688999
0.508877, 0.68898
0.509127, 0.688962
0.509377, 0.688944
0.509627, 0.688926
0.509877, 0.688907
0.510128, 0.68889
0.510378, 0.688872
0.510628, 0.688854
0.510878, 0.688837
0.511128, 0.688819
0.511378, 0.688802
0.511628, 0.688785
0.511878, 0.688768
0.512128, 0.688751
0.512378, 0.688734
0.512628, 0.688717
0.512878, 0.688701
0.513128, 0.688684
0.513378, 0.688668
0.513628, 0.688652
0.513878, 0.688636
0.514129, 0.68862
0.514379, 0.688604
0.514629, 0.688588
0.514879, 0.688573
0.515129, 0.688558
0.515379, 0.688542
0.515629, 0.688527
0.515879, 0.688512
0.516129, 0.688497
0.516379, 0.688482
0.516629, 0.688468
0.516879, 0.688453
0.517129, 0.688439
0.517379, 0.688424
0.517629, 0.68841
0.517879, 0.688396
0.51813, 0.688382
0.51838, 0.688368
0.51863, 0.688355
0.51888, 0.688341
0.51913, 0.688328
0.51938, 0.688314
0.51963, 0.688301
0.51988, 0.688288
0.52013, 0.688275
0.52038, 0.688262
0.52063, 0.68825
0.52088, 0.688237
0.52113, 0.688225
0.52138, 0.688212
0.52163, 0.6882
0.52188, 0.688188
0.522131, 0.688176
0.522381, 0.688164
0.522631, 0.688153
0.522881, 0.688141
0.523131, 0.68813
0.523381, 0.688118
0.523631, 0.688107
0.523881, 0.688096
0.524131, 0.688085
0.524381, 0.688074
0.524631, 0.688064
0.524881, 0.688053
0.525131, 0.688043
0.525381, 0.688032
0.525631, 0.688022
0.525881, 0.688012
0.526132, 0.688002
0.526382, 0.687992
0.526632, 0.687983
0.526882, 0.687973
0.527132, 0.687964
0.527382, 0.687954
0.527632, 0.687945
0.527882, 0.687936
0.528132, 0.687927
0.528382, 0.687918
0.528632, 0.68791
0.528882, 0.687901
0.529132, 0.687893
0.529382, 0.687884
0.529632, 0.687876
0.529882, 0.687868
0.530133, 0.68786
0.530383, 0.687852
0.530633, 0.687844
0.530883, 0.687837
0.531133, 0.687829
0.531383, 0.687822
0.531633, 0.687815
0.531883, 0.687808
0.532133, 0.687801
0.532383, 0.687794
0.532633, 0.687787
0.532883, 0.687781
0.533133, 0.687774
0.533383, 0.687768
0.533633, 0.687762
0.533883, 0.687756
0.534134, 0.68775
0.534384, 0.687744
0.534634, 0.687738
0.534884, 0.687733
0.535134, 0.687727
0.535384, 0.687722
0.535634, 0.687717
0.535884, 0.687711
0.536134, 0.687706
0.536384, 0.687702
0.536634, 0.687697
0.536884, 0.687692
0.537134, 0.687688
0.537384, 0.687683
0.537634, 0.687679
0.537884, 0.687675
0.538135, 0.687671
0.538385, 0.687667
0.538635, 0.687664
0.538885, 0.68766
0.539135, 0.687657
0.539385, 0.687653
0.539635, 0.68765
0.539885, 0.687647
0.540135, 0.687644
0.540385, 0.687641
0.540635, 0.687638
0.540885, 0.687636
0.541135, 0.687633
0.541385, 0.687631
0.541635, 0.687629
0.541885, 0.687627
0.542136, 0.687625
0.542386, 0.687623
0.542636, 0.687621
0.542886, 0.687619
0.543136, 0.687618
0.543386, 0.687616
0.543636, 0.687615
0.543886, 0.687614
0.544136, 0.687613
0.544386, 0.687612
0.544636, 0.687612
0.544886, 0.687611
0.545136, 0.68761
0.545386, 0.68761
0.545636, 0.68761
0.545886, 0.68761
0.546137, 0.68761
0.546387, 0.68761
0.546637, 0.68761
0.546887, 0.68761
0.547137, 0.687611
0.547387, 0.687612
0.547637, 0.687612
0.547887, 0.687613
0.548137, 0.687614
0.548387, 0.687615
0.548637, 0.687617
0.548887, 0.687618
0.549137, 0.687619
0.549387, 0.687621
0.549637, 0.687623
0.549887, 0.687625
0.550138, 0.687627
0.550388, 0.687629
0.550638, 0.687631
0.550888, 0.687633
0.551138, 0.687636
0.551388, 0.687639
0.551638, 0.687641
0.551888, 0.687644
0.552138, 0.687647
0.552388, 0.68765
0.552638, 0.687654
0.552888, 0.687657
0.553138, 0.68766
0.553388, 0.687664
0.553638, 0.687668
0.553888, 0.687672
0.554139, 0.687676
0.554389, 0.68768
0.554639, 0.687684
0.554889, 0.687688
0.555139, 0.687693
0.555389, 0.687697
0.555639, 0.687702
0.555889, 0.687707
0.556139, 0.687712
0.556389, 0.687717
0.556639, 0.687722
0.556889, 0.687728
0.557139, 0.687733
0.557389, 0.687739
0.557639, 0.687744
0.557889, 0.68775
0.55814, 0.687756
0.55839, 0.687762
0.55864, 0.687769
0.55889, 0.687775
0.55914, 0.687781
0.55939, 0.687788
0.55964, 0.687795
0.55989, 0.687802
0.56014, 0.687809
0.56039, 0.687816
0.56064, 0.687823
0.56089, 0.68783
0.56114, 0.687838
0.56139, 0.687845
0.56164, 0.687853
0.56189, 0.687861
0.562141, 0.687869
0.562391, 0.687877
0.562641, 0.687885
0.562891, 0.687893
0.563141, 0.687902
0.563391, 0.687911
0.563641, 0.687919
0.563891, 0.687928
0.564141, 0.687937
0.564391, 0.687946
0.564641, 0.687955
0.564891, 0.687965
0.565141, 0.687974
0.565391, 0.687984
0.565641, 0.687993
0.565891, 0.688003
0.566142, 0.688013
0.566392, 0.688023
0.566642, 0.688034
0.566892, 0.688044
0.567142, 0.688054
0.567392, 0.688065
0.567642, 0.688076
0.567892, 0.688086
0.568142, 0.688097
0.568392, 0.688108
0.568642, 0.68812
0.568892, 0.688131
0.569142, 0.688142
0.569392, 0.688154
0.569642, 0.688166
0.569892, 0.688178
0.570143, 0.688189
0.570393, 0.688202
0.570643, 0.688214
0.570893, 0.688226
0.571143, 0.688238
0.571393, 0.688251
0.571643, 0.688264
0.571893, 0.688277
0.572143, 0.68829
0.572393, 0.688303
0.572643, 0.688316
0.572893, 0.688329
0.573143, 0.688343
0.573393, 0.688356
0.573643, 0.68837
0.573893, 0.688384
0.574144, 0.688398
0.574394, 0.688412
0.574644, 0.688426
0.574894, 0.68844
0.575144, 0.688455
0.575394, 0.688469
0.575644, 0.688484
0.575894, 0.688499
0.576144, 0.688514
0.576394, 0.688529
0.576644, 0.688544
0.576894, 0.688559
0.577144, 0.688575
0.577394, 0.68859
0.577644, 0.688606
0.577894, 0.688622
0.578145, 0.688638
0.578395, 0.688654
0.578645, 0.68867
0.578895, 0.688686
0.579145, 0.688703
0.579395, 0.688719
0.579645, 0.688736
0.579895, 0.688753
0.580145, 0.688769
0.580395, 0.688787
0.580645, 0.688804
0.580895, 0.688821
0.581145, 0.688838
0.581395, 0.688856
0.581645, 0.688874
0.581895, 0.688891
0.582146, 0.688909
0.582396, 0.688927
0.582646, 0.688946
0.582896, 0.688964
0.583146, 0.688982
0.583396, 0.689001
0.583646, 0.68902
0.583896, 0.689038
0.584146, 0.689057
0.584396, 0.689076
0.584646, 0.689095
0.584896, 0.689115
0.585146, 0.689134
0.585396, 0.689154
0.585646, 0.689173
0.585896, 0.689193
0.586147, 0.689213
0.586397, 0.689233
0.586647, 0.689253
0.586897, 0.689274
0.587147, 0.689294
0.587397, 0.689315
0.587647, 0.689335
0.587897, 0.689356
0.588147, 0.689377
0.588397, 0.689398
0.588647, 0.689419
0.588897, 0.68944
0.589147, 0.689462
0.589397, 0.689483
0.589647, 0.689505
0.589897, 0.689527
0.590148, 0.689549
0.590398, 0.689571
0.590648, 0.689593
0.590898, 0.689615
0.591148, 0.689638
0.591398, 0.68966
0.591648, 0.689683
0.591898, 0.689706
0.592148, 0.689728
0.592398, 0.689751
0.592648, 0.689775
0.592898, 0.689798
0.593148, 0.689821
0.593398, 0.689845
0.593648, 0.689869
0.593898, 0.689892
0.594149, 0.689916
0.594399, 0.68994
0.594649, 0.689964
0.594899, 0.689989
0.595149, 0.690013
0.595399, 0.690038
0.595649, 0.690062
0.595899, 0.690087
0.596149, 0.690112
0.596399, 0.690137
0.596649, 0.690162
0.596899, 0.690187
0.597149, 0.690213
0.597399, 0.690238
0.597649, 0.690264
0.597899, 0.69029
0.59815, 0.690316
0.5984, 0.690342
0.59865, 0.690368
0.5989, 0.690394
0.59915, 0.69042
0.5994, 0.690447
0.59965, 0.690474
0.5999, 0.6905
0.60015, 0.690527
0.6004, 0.690554
0.60065, 0.690581
0.6009, 0.690609
0.60115, 0.690636
0.6014, 0.690664
0.60165, 0.690691
0.6019, 0.690719
0.602151, 0.690747
0.602401, 0.690775
0.602651, 0.690803
0.602901, 0.690831
0.603151, 0.69086
0.603401, 0.690888
0.603651, 0.690917
0.603901, 0.690946
0.604151, 0.690975
0.604401, 0.691004
0.604651, 0.691033
0.604901, 0.691062
0.605151, 0.691091
0.605401, 0.691121
0.605651, 0.691151
0.605901, 0.69118
0.606152, 0.69121
0.606402, 0.69124
0.606652, 0.69127
0.606902, 0.691301
0.607152, 0.691331
0.607402, 0.691362
0.607652, 0.691392
0.607902, 0.691423
0.608152, 0.691454
0.608402, 0.691485
0.608652, 0.691516
0.608902, 0.691547
0.609152, 0.691579
0.609402, 0.69161
0.609652, 0.691642
0.609902, 0.691674
0.610153, 0.691706
0.610403, 0.691738
0.610653, 0.69177
0.610903, 0.691802
0.611153, 0.691834
0.611403, 0.691867
0.611653, 0.691899
0.611903, 0.691932
0.612153, 0.691965
0.612403, 0.691998
0.612653, 0.692031
0.612903, 0.692065
0.613153, 0.692098
0.613403, 0.692131
0.613653, 0.692165
0.613903, 0.692199
0.614154, 0.692233
0.614404, 0.692267
0.614654, 0.692301
0.614904, 0.692335
0.615154, 0.69237
0.615404, 0.692404
0.615654, 0.692439
0.615904, 0.692473
0.616154, 0.692508
0.616404, 0.692543
0.616654, 0.692578
0.616904, 0.692614
0.617154, 0.692649
0.617404, 0.692685
0.617654, 0.69272
0.617904, 0.692756
0.618155, 0.692792
0.618405, 0.692828
0.618655, 0.692864
0.618905, 0.6929
0.619155, 0.692937
0.619405, 0.692973
0.619655, 0.69301
0.619905, 0.693047
0.620155, 0.693084
0.620405, 0.693121
0.620655, 0.693158
0.620905, 0.693195
0.621155, 0.693232
0.621405, 0.69327
0.621655, 0.693307
0.621905, 0.693345
0.622156, 0.693383
0.622406, 0.693421
0.622656, 0.693459
0.622906, 0.693498
0.623156, 0.693536
0.623406, 0.693574
0.623656, 0.693613
0.623906, 0.693652
0.624156, 0.693691
0.624406, 0.69373
0.624656, 0.693769
0.624906, 0.693808
0.625156, 0.693848
0.625406, 0.693887
0.625656, 0.693927
0.625906, 0.693966
0.626157, 0.694006
0.626407, 0.694046
0.626657, 0.694087
0.626907, 0.694127
0.627157, 0.694167
0.627407, 0.694208
0.627657, 0.694248
0.627907, 0.694289
0.628157, 0.69433
0.628407, 0.694371
0.628657, 0.694412
0.628907, 0.694453
0.629157, 0.694495
0.629407, 0.694536
0.629657, 0.694578
0.629907, 0.69462
0.630158, 0.694662
0.630408, 0.694704
0.630658, 0.694746
0.630908, 0.694788
0.631158, 0.69483
0.631408, 0.694873
0.631658, 0.694916
0.631908, 0.694958
0.632158, 0.695001
0.632408, 0.695044
0.632658, 0.695087
0.632908, 0.695131
0.633158, 0.695174
0.633408, 0.695218
0.633658, 0.695261
0.633908, 0.695305
0.634159, 0.695349
0.634409, 0.695393
0.634659, 0.695437
0.634909, 0.695481
0.635159, 0.695526
0.635409, 0.69557
0.635659, 0.695615
0.635909, 0.69566
0.636159, 0.695705
0.636409, 0.69575
0.636659, 0.695795
0.636909, 0.69584
0.637159, 0.695886
0.637409, 0.695931
0.637659, 0.695977
0.637909, 0.696022
0.63816, 0.696068
0.63841, 0.696114
0.63866, 0.696161
0.63891, 0.696207
0.63916, 0.696253
0.63941, 0.6963
0.63966, 0.696346
0.63991, 0.696393
0.64016, 0.69644
0.64041, 0.696487
0.64066, 0.696534
0.64091, 0.696582
0.64116, 0.696629
0.64141, 0.696677
0.64166, 0.696724
0.64191, 0.696772
0.642161, 0.69682
0.642411, 0.696868
0.642661, 0.696916
0.642911, 0.696964
0.643161, 0.697013
0.643411, 0.697061
0.643661, 0.69711
0.643911, 0.697159
0.644161, 0.697208
0.644411, 0.697257
0.644661, 0.697306
0.644911, 0.697355
0.645161, 0.697405
0.645411, 0.697454
0.645661, 0.697504
0.645911, 0.697554
0.646162, 0.697604
0.646412, 0.697654
0.646662, 0.697704
0.646912, 0.697754
0.647162, 0.697805
0.647412, 0.697855
0.647662, 0.697906
0.647912, 0.697957
0.648162, 0.698007
0.648412, 0.698059
0.648662, 0.69811
0.648912, 0.698161
0.649162, 0.698212
0.649412, 0.698264
0.649662, 0.698316
0.649912, 0.698367
0.650163, 0.698419
0.650413, 0.698471
0.650663, 0.698524
0.650913, 0.698576
0.651163, 0.698628
0.651413, 0.698681
0.651663, 0.698734
0.651913, 0.698786
0.652163, 0.698839
0.652413, 0.698892
0.652663, 0.698946
0.652913, 0.698999
0.653163, 0.699052
0.653413, 0.699106
0.653663, 0.69916
0.653913, 0.699213
0.654164, 0.699267
0.654414, 0.699321
0.654664, 0.699376
0.654914, 0.69943
0.655164, 0.699484
0.655414, 0.699539
0.655664, 0.699594
0.655914, 0.699649
0.656164, 0.699703
0.656414, 0.699759
0.656664, 0.699814
0.656914, 0.699869
0.657164, 0.699925
0.657414, 0.69998
0.657664, 0.700036
0.657914, 0.700092
0.658165, 0.700148
0.658415, 0.700204
0.658665, 0.70026
0.658915, 0.700316
0.659165, 0.700373
0.659415, 0.700429
0.659665, 0.700486
0.659915, 0.700543
0.660165, 0.7006
0.660415, 0.700657
0.660665, 0.700714
0.660915, 0.700771
0.661165, 0.700829
0.661415, 0.700887
0.661665, 0.700944
0.661915, 0.701002
0.662166, 0.70106
0.662416, 0.701118
0.662666, 0.701176
0.662916, 0.701235
0.663166, 0.701293
0.663416, 0.701352
0.663666, 0.701411
0.663916, 0.701469
0.664166, 0.701528
0.664416, 0.701588
0.664666, 0.701647
0.664916, 0.701706
0.665166, 0.701766
0.665416, 0.701825
0.665666, 0.701885
0.665916, 0.701945
0.666167, 0.702005
0.666417, 0.702065
0.666667, 0.702125
0.666917, 0.702186
0.667167, 0.702246
0.667417, 0.702307
0.667667, 0.702367
0.667917, 0.702428
0.668167, 0.702489
0.668417, 0.70255
0.668667, 0.702612
0.668917, 0.702673
0.669167, 0.702735
0.669417, 0.702796
0.669667, 0.702858
0.669917, 0.70292
0.670168, 0.702982
0.670418, 0.703044
0.670668, 0.703106
0.670918, 0.703169
0.671168, 0.703231
0.671418, 0.703294
0.671668, 0.703357
0.671918, 0.703419
0.672168, 0.703483
0.672418, 0.703546
0.672668, 0.703609
0.672918, 0.703672
0.673168, 0.703736
0.673418, 0.7038
0.673668, 0.703863
0.673918, 0.703927
0.674169, 0.703991
0.674419, 0.704055
0.674669, 0.70412
0.674919, 0.704184
0.675169, 0.704249
0.675419, 0.704313
0.675669, 0.704378
0.675919, 0.704443
0.676169, 0.704508
0.676419, 0.704573
0.676669, 0.704639
0.676919, 0.704704
0.677169, 0.70477
0.677419, 0.704835
0.677669, 0.704901
0.677919, 0.704967
0.67817, 0.705033
0.67842, 0.705099
0.67867, 0.705165
0.67892, 0.705232
0.67917, 0.705298
0.67942, 0.705365
0.67967, 0.705432
0.67992, 0.705499
0.68017, 0.705566
0.68042, 0.705633
0.68067, 0.705701
0.68092, 0.705768
0.68117, 0.705836
0.68142, 0.705903
0.68167, 0.705971
0.68192, 0.706039
0.682171, 0.706107
0.682421, 0.706175
0.682671, 0.706244
0.682921, 0.706312
0.683171, 0.706381
0.683421, 0.706449
0.683671, 0.706518
0.683921, 0.706587
0.684171, 0.706656
0.684421, 0.706726
0.684671, 0.706795
0.684921, 0.706864
0.685171, 0.706934
0.685421, 0.707004
0.685671, 0.707074
0.685921, 0.707144
0.686172, 0.707214
0.686422, 0.707284
0.686672, 0.707354
0.686922, 0.707425
0.687172, 0.707495
0.687422, 0.707566
0.687672, 0.707637
0.687922, 0.707708
0.688172, 0.707779
0.688422, 0.70785
0.688672, 0.707922
0.688922, 0.707993
0.689172, 0.708065
0.689422, 0.708137
0.689672, 0.708209
0.689922, 0.708281
0.690173, 0.708353
0.690423, 0.708425
0.690673, 0.708497
0.690923, 0.70857
0.691173, 0.708643
0.691423, 0.708715
0.691673, 0.708788
0.691923, 0.708861
0.692173, 0.708934
0.692423, 0.709008
0.692673, 0.709081
0.692923, 0.709155
0.693173, 0.709228
0.693423, 0.709302
0.693673, 0.709376
0.693923, 0.70945
0.694174, 0.709524
0.694424, 0.709599
0.694674, 0.709673
0.694924, 0.709748
0.695174, 0.709822
0.695424, 0.709897
0.695674, 0.709972
0.695924, 0.710047
0.696174, 0.710122
0.696424, 0.710198
0.696674, 0.710273
0.696924, 0.710349
0.697174, 0.710424
0.697424, 0.7105
0.697674, 0.710576
0.697924, 0.710652
0.698175, 0.710728
0.698425, 0.710805
0.698675, 0.710881
0.698925, 0.710958
0.699175, 0.711034
0.699425, 0.711111
0.699675, 0.711188
0.699925, 0.711265
0.700175, 0.711343
0.700425, 0.71142
0.700675, 0.711497
0.700925, 0.711575
0.701175, 0.711653
0.701425, 0.711731
0.701675, 0.711809
0.701925, 0.711887
0.702176, 0.711965
0.702426, 0.712043
0.702676, 0.712122
0.702926, 0.712201
0.703176, 0.712279
0.703426, 0.712358
0.703676, 0.712437
0.703926, 0.712516
0.704176, 0.712596
0.704426, 0.712675
0.704676, 0.712754
0.704926, 0.712834
0.705176, 0.712914
0.705426, 0.712994
0.705676, 0.713074
0.705926, 0.713154
0.706177, 0.713234
0.706427, 0.713315
0.706677, 0.713395
0.706927, 0.713476
0.707177, 0.713557
0.707427, 0.713638
0.707677, 0.713719
0.707927, 0.7138
0.708177, 0.713881
0.708427, 0.713963
0.708677, 0.714044
0.708927, 0.714126
0.709177, 0.714208
0.709427, 0.71429
0.709677, 0.714372
0.709927, 0.714454
0.710178, 0.714536
0.710428, 0.714619
0.710678, 0.714701
0.710928, 0.714784
0.711178, 0.714867
0.711428, 0.71495
0.711678, 0.715033
0.711928, 0.715116
0.712178, 0.7152
0.712428, 0.715283
0.712678, 0.715367
0.712928, 0.71545
0.713178, 0.715534
0.713428, 0.715618
0.713678, 0.715702
0.713928, 0.715787
0.714179, 0.715871
0.714429, 0.715955
0.714679, 0.71604
0.714929, 0.716125
0.715179, 0.71621
0.715429, 0.716295
0.715679, 0.71638
0.715929, 0.716465
0.716179, 0.716551
0.716429, 0.716636
0.716679, 0.716722
0.716929, 0.716808
0.717179, 0.716893
0.717429, 0.716979
0.717679, 0.717066
0.717929, 0.717152
0.71818, 0.717238
0.71843, 0.717325
0.71868, 0.717412
0.71893, 0.717498
0.71918, 0.717585
0.71943, 0.717672
0.71968, 0.71776
0.71993, 0.717847
0.72018, 0.717934
0.72043, 0.718022
0.72068, 0.71811
0.72093, 0.718197
0.72118, 0.718285
0.72143, 0.718374
0.72168, 0.718462
0.72193, 0.71855
0.722181, 0.718639
0.722431, 0.718727
0.722681, 0.718816
0.722931, 0.718905
0.723181, 0.718994
0.723431, 0.719083
0.723681, 0.719172
0.723931, 0.719261
0.724181, 0.719351
0.724431, 0.719441
0.724681, 0.71953
0.724931, 0.71962
0.725181, 0.71971
0.725431, 0.7198
0.725681, 0.719891
0.725931, 0.719981
0.726182, 0.720072
0.726432, 0.720162
0.726682, 0.720253
0.726932, 0.720344
0.727182, 0.720435
0.727432, 0.720526
0.727682, 0.720618
0.727932, 0.720709
0.728182, 0.7208
0.728432, 0.720892
0.728682, 0.720984
0.728932, 0.721076
0.729182, 0.721168
0.729432, 0.72126
0.729682, 0.721353
0.729932, 0.721445
0.730183, 0.721538
0.730433, 0.72163
0.730683, 0.721723
0.730933, 0.721816
0.731183, 0.721909
0.731433, 0.722002
0.731683, 0.722096
0.731933, 0.722189
0.732183, 0.722283
0.732433, 0.722377
0.732683, 0.722471
0.732933, 0.722565
0.733183, 0.722659
0.733433, 0.722753
0.733683, 0.722847
0.733933, 0.722942
0.734184, 0.723036
0.734434, 0.723131
0.734684, 0.723226
0.734934, 0.723321
0.735184, 0.723416
0.735434, 0.723512
0.735684, 0.723607
0.735934, 0.723703
0.736184, 0.723798
0.736434, 0.723894
0.736684, 0.72399
0.736934, 0.724086
0.737184, 0.724182
0.737434, 0.724279
0.737684, 0.724375
0.737934, 0.724472
0.738185, 0.724568
0.738435, 0.724665
0.738685, 0.724762
0.738935, 0.724859
0.739185, 0.724956
0.739435, 0.725054
0.739685, 0.725151
0.739935, 0.725249
0.740185, 0.725347
0.740435, 0.725445
0.740685, 0.725543
0.740935, 0.725641
0.741185, 0.725739
0.741435, 0.725837
0.741685, 0.725936
0.741935, 0.726034
0.742186, 0.726133
0.742436, 0.726232
0.742686, 0.726331
0.742936, 0.72643
0.743186, 0.72653
0.743436, 0.726629
0.743686, 0.726729
0.743936, 0.726828
0.744186, 0.726928
0.744436, 0.727028
0.744686, 0.727128
0.744936, 0.727228
0.745186, 0.727329
0.745436, 0.727429
0.745686, 0.72753
0.745936, 0.72763
0.746187, 0.727731
0.746437, 0.727832
0.746687, 0.727933
0.746937, 0.728035
0.747187, 0.728136
0.747437, 0.728237
0.747687, 0.728339
0.747937, 0.728441
0.748187, 0.728543
0.748437, 0.728645
0.748687, 0.728747
0.748937, 0.728849
0.749187, 0.728952
0.749437, 0.729054
0.749687, 0.729157
0.749937, 0.729259
0.750188, 0.729362
0.750438, 0.729465
0.750688, 0.729569
0.750938, 0.729672
0.751188, 0.729775
0.751438, 0.729879
0.751688, 0.729983
0.751938, 0.730086
0.752188, 0.73019
0.752438, 0.730295
0.752688, 0.730399
0.752938, 0.730503
0.753188, 0.730608
0.753438, 0.730712
0.753688, 0.730817
0.753938, 0.730922
0.754189, 0.731027
0.754439, 0.731132
0.754689, 0.731237
0.754939, 0.731343
0.755189, 0.731448
0.755439, 0.731554
0.755689, 0.731659
0.755939, 0.731765
0.756189, 0.731871
0.756439, 0.731978
0.756689, 0.732084
0.756939, 0.73219
0.757189, 0.732297
0.757439, 0.732404
0.757689, 0.73251
0.757939, 0.732617
0.75819, 0.732724
0.75844, 0.732832
0.75869, 0.732939
0.75894, 0.733046
0.75919, 0.733154
0.75944, 0.733262
0.75969, 0.73337
0.75994, 0.733478
0.76019, 0.733586
0.76044, 0.733694
0.76069, 0.733802
0.76094, 0.733911
0.76119, 0.734019
0.76144, 0.734128
0.76169, 0.734237
0.76194, 0.734346
0.762191, 0.734455
0.762441, 0.734565
0.762691, 0.734674
0.762941, 0.734784
0.763191, 0.734893
0.763441, 0.735003
0.763691, 0.735113
0.763941, 0.735223
0.764191, 0.735333
0.764441, 0.735444
0.764691, 0.735554
0.764941, 0.735665
0.765191, 0.735775
0.765441, 0.735886
0.765691, 0.735997
0.765941, 0.736108
0.766192, 0.73622
0.766442, 0.736331
0.766692, 0.736442
0.766942, 0.736554
0.767192, 0.736666
0.767442, 0.736778
0.767692, 0.73689
0.767942, 0.737002
0.768192, 0.737114
0.768442, 0.737227
0.768692, 0.737339
0.768942, 0.737452
0.769192, 0.737565
0.769442, 0.737678
0.769692, 0.737791
0.769942, 0.737904
0.770193, 0.738017
0.770443, 0.738131
0.770693, 0.738244
0.770943, 0.738358
0.771193, 0.738472
0.771443, 0.738586
0.771693, 0.7387
0.771943, 0.738814
0.772193, 0.738929
0.772443, 0.739043
0.772693, 0.739158
0.772943, 0.739273
0.773193, 0.739387
0.773443, 0.739502
0.773693, 0.739618
0.773943, 0.739733
0.774194, 0.739848
0.774444, 0.739964
0.774694, 0.74008
0.774944, 0.740195
0.775194, 0.740311
0.775444, 0.740428
0.775694, 0.740544
0.775944, 0.74066
0.776194, 0.740777
0.776444, 0.740893
0.776694, 0.74101
0.776944, 0.741127
0.777194, 0.741244
0.777444, 0.741361
0.777694, 0.741478
0.777944, 0.741596
0.778195, 0.741713
0.778445, 0.741831
0.778695, 0.741949
0.778945, 0.742067
0.779195, 0.742185
0.779445, 0.742303
0.779695, 0.742421
0.779945, 0.74254
0.780195, 0.742658
0.780445, 0.742777
0.780695, 0.742896
0.780945, 0.743015
0.781195, 0.743134
0.781445, 0.743253
0.781695, 0.743372
0.781945, 0.743492
0.782196, 0.743611
0.782446, 0.743731
0.782696, 0.743851
0.782946, 0.743971
0.783196, 0.744091
0.783446, 0.744212
0.783696, 0.744332
0.783946, 0.744453
0.784196, 0.744573
0.784446, 0.744694
0.784696, 0.744815
0.784946, 0.744936
0.785196, 0.745057
0.785446, 0.745179
0.785696, 0.7453
0.785946, 0.745422
0.786197, 0.745543
0.786447, 0.745665
0.786697, 0.745787
0.786947, 0.745909
0.787197, 0.746032
0.787447, 0.746154
0.787697, 0.746277
0.787947, 0.746399
0.788197, 0.746522
0.788447, 0.746645
0.788697, 0.746768
0.788947, 0.746891
0.789197, 0.747015
0.789447, 0.747138
0.789697, 0.747262
0.789947, 0.747385
0.790198, 0.747509
0.790448, 0.747633
0.790698, 0.747757
0.790948, 0.747882
0.791198, 0.748006
0.791448, 0.74813
0.791698, 0.748255
0.791948, 0.74838
0.792198, 0.748505
0.792448, 0.74863
0.792698, 0.748755
0.792948, 0.74888
0.793198, 0.749006
0.793448, 0.749131
0.793698, 0.749257
0.793948, 0.749383
0.794199, 0.749509
0.794449, 0.749635
0.794699, 0.749761
0.794949, 0.749887
0.795199, 0.750014
0.795449, 0.750141
0.795699, 0.750267
0.795949, 0.750394
0.796199, 0.750521
0.796449, 0.750648
0.796699, 0.750776
0.796949, 0.750903
0.797199, 0.751031
0.797449, 0.751158
0.797699, 0.751286
0.797949, 0.751414
0.7982, 0.751542
0.79845, 0.75167
0.7987, 0.751799
0.79895, 0.751927
0.7992, 0.752056
0.79945, 0.752185
0.7997, 0.752313
0.79995, 0.752442
0.8002, 0.752572
0.80045, 0.752701
0.8007, 0.75283
0.80095, 0.75296
0.8012, 0.75309
0.80145, 0.753219
0.8017, 0.753349
0.80195, 0.753479
0.802201, 0.75361
0.802451, 0.75374
0.802701, 0.75387
0.802951, 0.754001
0.803201, 0.754132
0.803451, 0.754263
0.803701, 0.754394
0.803951, 0.754525
0.804201, 0.754656
0.804451, 0.754787
0.804701, 0.754919
0.804951, 0.755051
0.805201, 0.755182
0.805451, 0.755314
0.805701, 0.755446
0.805951, 0.755579
0.806202, 0.755711
0.806452, 0.755843
0.806702, 0.755976
0.806952, 0.756109
0.807202, 0.756242
0.807452, 0.756375
0.807702, 0.756508
0.807952, 0.756641
0.808202, 0.756774
0.808452, 0.756908
0.808702, 0.757042
0.808952, 0.757175
0.809202, 0.757309
0.809452, 0.757443
0.809702, 0.757578
0.809952, 0.757712
0.810203, 0.757846
0.810453, 0.757981
0.810703, 0.758116
0.810953, 0.758251
0.811203, 0.758386
0.811453, 0.758521
0.811703, 0.758656
0.811953, 0.758791
0.812203, 0.758927
0.812453, 0.759063
0.812703, 0.759198
0.812953, 0.759334
0.813203, 0.75947
0.813453, 0.759607
0.813703, 0.759743
0.813953, 0.759879
0.814204, 0.760016
0.814454, 0.760153
0.814704, 0.76029
0.814954, 0.760427
0.815204, 0.760564
0.815454, 0.760701
0.815704, 0.760838
0.815954, 0.760976
0.816204, 0.761114
0.816454, 0.761251
0.816704, 0.761389
0.816954, 0.761527
0.817204, 0.761666
0.817454, 0.761804
0.817704, 0.761943
0.817954, 0.762081
0.818205, 0.76222
0.818455, 0.762359
0.818705, 0.762498
0.818955, 0.762637
0.819205, 0.762776
0.819455, 0.762916
0.819705, 0.763055
0.819955, 0.763195
0.820205, 0.763335
0.820455, 0.763475
0.820705, 0.763615
0.820955, 0.763755
0.821205, 0.763895
0.821455, 0.764036
0.821705, 0.764176
0.821955, 0.764317
0.822206, 0.764458
0.822456, 0.764599
0.822706, 0.76474
0.822956, 0.764882
0.823206, 0.765023
0.823456, 0.765164
0.823706, 0.765306
0.823956, 0.765448
0.824206, 0.76559
0.824456, 0.765732
0.824706, 0.765874
0.824956, 0.766017
0.825206, 0.766159
0.825456, 0.766302
0.825706, 0.766445
0.825956, 0.766588
0.826207, 0.766731
0.826457, 0.766874
0.826707, 0.767017
0.826957, 0.76716
0.827207, 0.767304
0.827457, 0.767448
0.827707, 0.767592
0.827957, 0.767736
0.828207, 0.76788
0.828457, 0.768024
0.828707, 0.768168
0.828957, 0.768313
0.829207, 0.768458
0.829457, 0.768602
0.829707, 0.768747
0.829957, 0.768892
0.830208, 0.769038
0.830458, 0.769183
0.830708, 0.769328
0.830958, 0.769474
0.831208, 0.76962
0.831458, 0.769766
0.831708, 0.769912
0.831958, 0.770058
0.832208, 0.770204
0.832458, 0.77035
0.832708, 0.770497
0.832958, 0.770644
0.833208, 0.77079
0.833458, 0.770937
0.833708, 0.771085
0.833958, 0.771232
0.834209, 0.771379
0.834459, 0.771527
0.834709, 0.771674
0.834959, 0.771822
0.835209, 0.77197
0.835459, 0.772118
0.835709, 0.772266
0.835959, 0.772414
0.836209, 0.772563
0.836459, 0.772711
0.836709, 0.77286
0.836959, 0.773009
0.837209, 0.773158
0.837459, 0.773307
0.837709, 0.773456
0.837959, 0.773606
0.83821, 0.773755
0.83846, 0.773905
0.83871, 0.774055
0.83896, 0.774205
0.83921, 0.774355
0.83946, 0.774505
0.83971, 0.774655
0.83996, 0.774806
0.84021, 0.774956
0.84046, 0.775107
0.84071, 0.775258
0.84096, 0.775409
0.84121, 0.77556
0.84146, 0.775711
0.84171, 0.775863
0.84196, 0.776014
0.842211, 0.776166
0.842461, 0.776318
0.842711, 0.77647
0.842961, 0.776622
0.843211, 0.776774
0.843461, 0.776927
0.843711, 0.777079
0.843961, 0.777232
0.844211, 0.777385
0.844461, 0.777538
0.844711, 0.777691
0.844961, 0.777844
0.845211, 0.777997
0.845461, 0.778151
0.845711, 0.778304
0.845961, 0.778458
0.846212, 0.778612
0.846462, 0.778766
0.846712, 0.77892
0.846962, 0.779074
0.847212, 0.779229
0.847462, 0.779383
0.847712, 0.779538
0.847962, 0.779693
0.848212, 0.779848
0.848462, 0.780003
0.848712, 0.780158
0.848962, 0.780313
0.849212, 0.780469
0.849462, 0.780625
0.849712, 0.78078
0.849962, 0.780936
0.850213, 0.781092
0.850463, 0.781248
0.850713, 0.781405
0.850963, 0.781561
0.851213, 0.781718
0.851463, 0.781875
0.851713, 0.782031
0.851963, 0.782189
0.852213, 0.782346
0.852463, 0.782503
0.852713, 0.78266
0.852963, 0.782818
0.853213, 0.782976
0.853463, 0.783133
0.853713, 0.783291
0.853963, 0.78345
0.854214, 0.783608
0.854464, 0.783766
0.854714, 0.783925
0.854964, 0.784083
0.855214, 0.784242
0.855464, 0.784401
0.855714, 0.78456
0.855964, 0.784719
0.856214, 0.784879
0.856464, 0.785038
0.856714, 0.785198
0.856964, 0.785357
0.857214, 0.785517
0.857464, 0.785677
0.857714, 0.785838
0.857964, 0.785998
0.858215, 0.786158
0.858465, 0.786319
0.858715, 0.78648
0.858965, 0.78664
0.859215, 0.786801
0.859465, 0.786963
0.859715, 0.787124
0.859965, 0.787285
0.860215, 0.787447
0.860465, 0.787608
0.860715, 0.78777
0.860965, 0.787932
0.861215, 0.788094
0.861465, 0.788256
0.861715, 0.788419
0.861965, 0.788581
0.862216, 0.788744
0.862466, 0.788907
0.862716, 0.78907
0.862966, 0.789233
0.863216, 0.789396
0.863466, 0.789559
0.863716, 0.789723
0.863966, 0.789886
0.864216, 0.79005
0.864466, 0.790214
0.864716, 0.790378
0.864966, 0.790542
0.865216, 0.790706
0.865466, 0.790871
0.865716, 0.791035
0.865966, 0.7912
0.866217, 0.791365
0.866467, 0.79153
0.866717, 0.791695
0.866967, 0.79186
0.867217, 0.792026
0.867467, 0.792191
0.867717, 0.792357
0.867967, 0.792523
0.868217, 0.792689
0.868467, 0.792855
0.868717, 0.793021
0.868967, 0.793187
0.869217, 0.793354
0.869467, 0.79352
0.869717, 0.793687
0.869967, 0.793854
0.870218, 0.794021
0.870468, 0.794188
0.870718, 0.794356
0.870968, 0.794523
0.871218, 0.794691
0.871468, 0.794858
0.871718, 0.795026
0.871968, 0.795194
0.872218, 0.795362
0.872468, 0.795531
0.872718, 0.795699
0.872968, 0.795868
0.873218, 0.796036
0.873468, 0.796205
0.873718, 0.796374
0.873968, 0.796543
0.874219, 0.796713
0.874469, 0.796882
0.874719, 0.797052
0.874969, 0.797221
0.875219, 0.797391
0.875469, 0.797561
0.875719, 0.797731
0.875969, 0.797901
0.876219, 0.798072
0.876469, 0.798242
0.876719, 0.798413
0.876969, 0.798584
0.877219, 0.798755
0.877469, 0.798926
0.877719, 0.799097
0.877969, 0.799268
0.87822, 0.79944
0.87847, 0.799611
0.87872, 0.799783
0.87897, 0.799955
0.87922, 0.800127
0.87947, 0.800299
0.87972, 0.800472
0.87997, 0.800644
0.88022, 0.800817
0.88047, 0.80099
0.88072, 0.801162
0.88097, 0.801335
0.88122, 0.801509
0.88147, 0.801682
0.88172, 0.801855
0.88197, 0.802029
0.882221, 0.802203
0.882471, 0.802376
0.882721, 0.80255
0.882971, 0.802725
0.883221, 0.802899
0.883471, 0.803073
0.883721, 0.803248
0.883971, 0.803423
0.884221, 0.803597
0.884471, 0.803772
0.884721, 0.803947
0.884971, 0.804123
0.885221, 0.804298
0.885471, 0.804474
0.885721, 0.804649
0.885971, 0.804825
0.886222, 0.805001
0.886472, 0.805177
0.886722, 0.805353
0.886972, 0.80553
0.887222, 0.805706
0.887472, 0.805883
0.887722, 0.80606
0.887972, 0.806237
0.888222, 0.806414
0.888472, 0.806591
0.888722, 0.806768
0.888972, 0.806946
0.889222, 0.807123
0.889472, 0.807301
0.889722, 0.807479
0.889972, 0.807657
0.890223, 0.807835
0.890473, 0.808014
0.890723, 0.808192
0.890973, 0.808371
0.891223, 0.808549
0.891473, 0.808728
0.891723, 0.808907
0.891973, 0.809087
0.892223, 0.809266
0.892473, 0.809445
0.892723, 0.809625
0.892973, 0.809805
0.893223, 0.809985
0.893473, 0.810165
0.893723, 0.810345
0.893973, 0.810525
0.894224, 0.810705
0.894474, 0.810886
0.894724, 0.811067
0.894974, 0.811248
0.895224, 0.811429
0.895474, 0.81161
0.895724, 0.811791
0.895974, 0.811972
0.896224, 0.812154
0.896474, 0.812336
0.896724, 0.812518
0.896974, 0.8127
0.897224, 0.812882
0.897474, 0.813064
0.897724, 0.813246
0.897974, 0.813429
0.898225, 0.813612
0.898475, 0.813794
0.898725, 0.813977
0.898975, 0.814161
0.899225, 0.814344
0.899475, 0.814527
0.899725, 0.814711
0.899975, 0.814894
0.900225, 0.815078
0.900475, 0.815262
0.900725, 0.815446
0.900975, 0.815631
0.901225, 0.815815
0.901475, 0.815999
0.901725, 0.816184
0.901975, 0.816369
0.902226, 0.816554
0.902476, 0.816739
0.902726, 0.816924
0.902976, 0.81711
0.903226, 0.817295
0.903476, 0.817481
0.903726, 0.817667
0.903976, 0.817853
0.904226, 0.818039
0.904476, 0.818225
0.904726, 0.818411
0.904976, 0.818598
0.905226, 0.818784
0.905476, 0.818971
0.905726, 0.819158
0.905976, 0.819345
0.906227, 0.819532
0.906477, 0.81972
0.906727, 0.819907
0.906977, 0.820095
0.907227, 0.820283
0.907477, 0.820471
0.907727, 0.820659
0.907977, 0.820847
0.908227, 0.821035
0.908477, 0.821224
0.908727, 0.821412
0.908977, 0.821601
0.909227, 0.82179
0.909477, 0.821979
0.909727, 0.822168
0.909977, 0.822358
0.910228, 0.822547
0.910478, 0.822737
0.910728, 0.822927
0.910978, 0.823117
0.911228, 0.823307
0.911478, 0.823497
0.911728, 0.823687
0.911978, 0.823878
0.912228, 0.824068
0.912478, 0.824259
0.912728, 0.82445
0.912978, 0.824641
0.913228, 0.824832
0.913478, 0.825024
0.913728, 0.825215
0.913978, 0.825407
0.914229, 0.825599
0.914479, 0.82579
0.914729, 0.825983
0.914979, 0.826175
0.915229, 0.826367
0.915479, 0.82656
0.915729, 0.826752
0.915979, 0.826945
0.916229, 0.827138
0.916479, 0.827331
0.916729, 0.827524
0.916979, 0.827717
0.917229, 0.827911
0.917479, 0.828105
0.917729, 0.828298
0.917979, 0.828492
0.91823, 0.828686
0.91848, 0.828881
0.91873, 0.829075
0.91898, 0.829269
0.91923, 0.829464
0.91948, 0.829659
0.91973, 0.829854
0.91998, 0.830049
0.92023, 0.830244
0.92048, 0.830439
0.92073, 0.830635
0.92098, 0.830831
0.92123, 0.831026
0.92148, 0.831222
0.92173, 0.831418
0.92198, 0.831615
0.922231, 0.831811
0.922481, 0.832007
0.922731, 0.832204
0.922981, 0.832401
0.923231, 0.832598
0.923481, 0.832795
0.923731, 0.832992
0.923981, 0.833189
0.924231, 0.833387
0.924481, 0.833585
0.924731, 0.833782
0.924981, 0.83398
0.925231, 0.834178
0.925481, 0.834377
0.925731, 0.834575
0.925981, 0.834773
0.926232, 0.834972
0.926482, 0.835171
0.926732, 0.83537
0.926982, 0.835569
0.927232, 0.835768
0.927482, 0.835968
0.927732, 0.836167
0.927982, 0.836367
0.928232, 0.836567
0.928482, 0.836767
0.928732, 0.836967
0.928982, 0.837167
0.929232, 0.837367
0.929482, 0.837568
0.929732, 0.837768
0.929982, 0.837969
0.930233, 0.83817
0.930483, 0.838371
0.930733, 0.838573
0.930983, 0.838774
0.931233, 0.838976
0.931483, 0.839177
0.931733, 0.839379
0.931983, 0.839581
0.932233, 0.839783
0.932483, 0.839986
0.932733, 0.840188
0.932983, 0.84039
0.933233, 0.840593
0.933483, 0.840796
0.933733, 0.840999
0.933983, 0.841202
0.934234, 0.841405
0.934484, 0.841609
0.934734, 0.841812
0.934984, 0.842016
0.935234, 0.84222
0.935484, 0.842424
0.935734, 0.842628
0.935984, 0.842833
0.936234, 0.843037
0.936484, 0.843242
0.936734, 0.843446
0.936984, 0.843651
0.937234, 0.843856
0.937484, 0.844061
0.937734, 0.844267
0.937984, 0.844472
0.938235, 0.844678
0.938485, 0.844884
0.938735, 0.845089
0.938985, 0.845295
0.939235, 0.845502
0.939485, 0.845708
0.939735, 0.845914
0.939985, 0.846121
0.940235, 0.846328
0.940485, 0.846535
0.940735, 0.846742
0.940985, 0.846949
0.941235, 0.847156
0.941485, 0.847364
0.941735, 0.847572
0.941985, 0.847779
0.942236, 0.847987
0.942486, 0.848195
0.942736, 0.848404
0.942986, 0.848612
0.943236, 0.848821
0.943486, 0.849029
0.943736, 0.849238
0.943986, 0.849447
0.944236, 0.849656
0.944486, 0.849865
0.944736, 0.850075
0.944986, 0.850284
0.945236, 0.850494
0.945486, 0.850704
0.945736, 0.850914
0.945986, 0.851124
0.946237, 0.851334
0.946487, 0.851545
0.946737, 0.851755
0.946987, 0.851966
0.947237, 0.852177
0.947487, 0.852388
0.947737, 0.852599
0.947987, 0.85281
0.948237, 0.853022
0.948487, 0.853233
0.948737, 0.853445
0.948987, 0.853657
0.949237, 0.853869
0.949487, 0.854081
0.949737, 0.854294
0.949987, 0.854506
0.950238, 0.854719
0.950488, 0.854932
0.950738, 0.855144
0.950988, 0.855357
0.951238, 0.855571
0.951488, 0.855784
0.951738, 0.855998
0.951988, 0.856211
0.952238, 0.856425
0.952488, 0.856639
0.952738, 0.856853
0.952988, 0.857067
0.953238, 0.857282
0.953488, 0.857496
0.953738, 0.857711
0.953988, 0.857926
0.954239, 0.858141
0.954489, 0.858356
0.954739, 0.858571
0.954989, 0.858787
0.955239, 0.859002
0.955489, 0.859218
0.955739, 0.859434
0.955989, 0.85965
0.956239, 0.859866
0.956489, 0.860082
0.956739, 0.860299
0.956989, 0.860515
0.957239, 0.860732
0.957489, 0.860949
0.957739, 0.861166
0.957989, 0.861383
0.95824, 0.861601
0.95849, 0.861818
0.95874, 0.862036
0.95899, 0.862254
0.95924, 0.862472
0.95949, 0.86269
0.95974, 0.862908
0.95999, 0.863126
0.96024, 0.863345
0.96049, 0.863563
0.96074, 0.863782
0.96099, 0.864001
0.96124, 0.86422
0.96149, 0.86444
0.96174, 0.864659
0.96199, 0.864879
0.962241, 0.865098
0.962491, 0.865318
0.962741, 0.865538
0.962991, 0.865758
0.963241, 0.865979
0.963491, 0.866199
0.963741, 0.86642
0.963991, 0.866641
0.964241, 0.866861
0.964491, 0.867083
0.964741, 0.867304
0.964991, 0.867525
0.965241, 0.867747
0.965491, 0.867968
0.965741, 0.86819
0.965991, 0.868412
0.966242, 0.868634
0.966492, 0.868856
0.966742, 0.869079
0.966992, 0.869301
0.967242, 0.869524
0.967492, 0.869747
0.967742, 0.86997
0.967992, 0.870193
0.968242, 0.870416
0.968492, 0.87064
0.968742, 0.870863
0.968992, 0.871087
0.969242, 0.871311
0.969492, 0.871535
0.969742, 0.871759
0.969992, 0.871984
0.970243, 0.872208
0.970493, 0.872433
0.970743, 0.872657
0.970993, 0.872882
0.971243, 0.873107
0.971493, 0.873333
0.971743, 0.873558
0.971993, 0.873784
0.972243, 0.874009
0.972493, 0.874235
0.972743, 0.874461
0.972993, 0.874687
0.973243, 0.874914
0.973493, 0.87514
0.973743, 0.875367
0.973993, 0.875593
0.974244, 0.87582
0.974494, 0.876047
0.974744, 0.876274
0.974994, 0.876502
0.975244, 0.876729
0.975494, 0.876957
0.975744, 0.877185
0.975994, 0.877413
0.976244, 0.877641
0.976494, 0.877869
0.976744, 0.878097
0.976994, 0.878326
0.977244, 0.878555
0.977494, 0.878783
0.977744, 0.879012
0.977994, 0.879242
0.978245, 0.879471
0.978495, 0.8797
0.978745, 0.87993
0.978995, 0.88016
0.979245, 0.88039
0.979495, 0.88062
0.979745, 0.88085
0.979995, 0.88108
0.980245, 0.881311
0.980495, 0.881541
0.980745, 0.881772
0.980995, 0.882003
0.981245, 0.882234
0.981495, 0.882465
0.981745, 0.882697
0.981995, 0.882928
0.982246, 0.88316
0.982496, 0.883392
0.982746, 0.883624
0.982996, 0.883856
0.983246, 0.884088
0.983496, 0.884321
0.983746, 0.884553
0.983996, 0.884786
0.984246, 0.885019
0.984496, 0.885252
0.984746, 0.885485
0.984996, 0.885719
0.985246, 0.885952
0.985496, 0.886186
0.985746, 0.88642
0.985996, 0.886654
0.986247, 0.886888
0.986497, 0.887122
0.986747, 0.887357
0.986997, 0.887591
0.987247, 0.887826
0.987497, 0.888061
0.987747, 0.888296
0.987997, 0.888531
0.988247, 0.888766
0.988497, 0.889002
0.988747, 0.889238
0.988997, 0.889473
0.989247, 0.889709
0.989497, 0.889946
0.989747, 0.890182
0.989997, 0.890418
0.990248, 0.890655
0.990498, 0.890891
0.990748, 0.891128
0.990998, 0.891365
0.991248, 0.891603
0.991498, 0.89184
0.991748, 0.892077
0.991998, 0.892315
0.992248, 0.892553
0.992498, 0.892791
0.992748, 0.893029
0.992998, 0.893267
0.993248, 0.893505
0.993498, 0.893744
0.993748, 0.893983
0.993998, 0.894222
0.994249, 0.894461
0.994499, 0.8947
0.994749, 0.894939
0.994999, 0.895178
0.995249, 0.895418
0.995499, 0.895658
0.995749, 0.895898
0.995999, 0.896138
0.996249, 0.896378
0.996499, 0.896618
0.996749, 0.896859
0.996999, 0.8971
0.997249, 0.897341
0.997499, 0.897582
0.997749, 0.897823
0.997999, 0.898064
0.99825, 0.898305
0.9985, 0.898547
0.99875, 0.898789
0.999, 0.899031
0.99925, 0.899273
0.9995, 0.899515
0.99975, 0.899757
1, 0.9

