0, 1
0.000250063, 0.999624
0.000500125, 0.999249
0.000750188, 0.998873
0.00100025, 0.998498
0.00125031, 0.998123
0.00150038, 0.997748
0.00175044, 0.997374
0.0020005, 0.996999
0.00225056, 0.996625
0.00250063, 0.996251
0.00275069, 0.995877
0.00300075, 0.995503
0.00325081, 0.995129
0.00350088, 0.994756
0.00375094, 0.994383
0.004001, 0.994009
0.00425106, 0.993637
0.00450113, 0.993264
0.00475119, 0.992891
0.00500125, 0.992519
0.00525131, 0.992146
0.00550138, 0.991774
0.00575144, 0.991402
0.0060015, 0.99103
0.00625156, 0.990659
0.00650163, 0.990287
0.00675169, 0.989916
0.00700175, 0.989545
0.00725181, 0.989174
0.00750188, 0.988803
0.00775194, 0.988433
0.008002, 0.988062
0.00825206, 0.987692
0.00850213, 0.987322
0.00875219, 0.986952
0.00900225, 0.986582
0.00925231, 0.986213
0.00950238, 0.985843
0.00975244, 0.985474
0.0100025, 0.985105
0.0102526, 0.984736
0.0105026, 0.984367
0.0107527, 0.983998
0.0110028, 0.98363
0.0112528, 0.983262
0.0115029, 0.982894
0.0117529, 0.982526
0.012003, 0.982158
0.0122531, 0.98179
0.0125031, 0.981423
0.0127532, 0.981056
0.0130033, 0.980689
0.0132533, 0.980322
0.0135034, 0.979955
0.0137534, 0.979588
0.0140035, 0.979222
0.0142536, 0.978856
0.0145036, 0.978489
0.0147537, 0.978124
0.0150038, 0.977758
0.0152538, 0.977392
0.0155039, 0.977027
0.0157539, 0.976661
0.016004, 0.976296
0.0162541, 0.975931
0.0165041, 0.975567
0.0167542, 0.975202
0.0170043, 0.974838
0.0172543, 0.974473
0.0175044, 0.974109
0.0177544, 0.973745
0.0180045, 0.973382
0.0182546, 0.973018
0.0185046, 0.972655
0.0187547, 0.972291
0.0190048, 0.971928
0.0192548, 0.971565
0.0195049, 0.971202
0.0197549, 0.97084
0.020005, 0.970477
0.0202551, 0.970115
0.0205051, 0.969753
0.0207552, 0.969391
0.0210053, 0.969029
0.0212553, 0.968668
0.0215054, 0.968306
0.0217554, 0.967945
0.0220055, 0.967584
0.0222556, 0.967223
0.0225056, 0.966862
0.0227557, 0.966501
0.0230058, 0.966141
0.0232558, 0.965781
0.0235059, 0.96542
0.0237559, 0.96506
0.024006, 0.964701
0.0242561, 0.964341
0.0245061, 0.963981
0.0247562, 0.963622
0.0250063, 0.963263
0.0252563, 0.962904
0.0255064, 0.962545
0.0257564, 0.962186
0.0260065, 0.961828
0.0262566, 0.96147
0.0265066, 0.961111
0.0267567, 0.960753
0.0270068, 0.960396
0.0272568, 0.960038
0.0275069, 0.95968
0.0277569, 0.959323
0.028007, 0.958966
0.0282571, 0.958609
0.0285071, 0.958252
0.0287572, 0.957895
0.0290073, 0.957539
0.0292573, 0.957182
0.0295074, 0.956826
0.0297574, 0.95647
0.0300075, 0.956114
0.0302576, 0.955758
0.0305076, 0.955403
0.0307577, 0.955047
0.0310078, 0.954692
0.0312578, 0.954337
0.0315079, 0.953982
0.0317579, 0.953627
0.032008, 0.953273
0.0322581, 0.952918
0.0325081, 0.952564
0.0327582, 0.95221
0.0330083, 0.951856
0.0332583, 0.951502
0.0335084, 0.951149
0.0337584, 0.950795
0.0340085, 0.950442
0.0342586, 0.950089
0.0345086, 0.949736
0.0347587, 0.949383
0.0350088, 0.94903
0.0352588, 0.948678
0.0355089, 0.948325
0.0357589, 0.947973
0.036009, 0.947621
0.0362591, 0.947269
0.0365091, 0.946918
0.0367592, 0.946566
0.0370093, 0.946215
0.0372593, 0.945864
0.0375094, 0.945513
0.0377594, 0.945162
0.0380095, 0.944811
0.0382596, 0.94446
0.0385096, 0.94411
0.0387597, 0.94376
0.0390098, 0.94341
0.0392598, 0.94306
0.0395099, 0.94271
0.0397599, 0.942361
0.04001, 0.942011
0.0402601, 0.941662
0.0405101, 0.941313
0.0407602, 0.940964
0.0410103, 0.940615
0.0412603, 0.940266
0.0415104, 0.939918
0.0417604, 0.93957
0.0420105, 0.939221
0.0422606, 0.938873
0.0425106, 0.938526
0.0427607, 0.938178
0.0430108, 0.93783
0.0432608, 0.937483
0.0435109, 0.937136
0.0437609, 0.936789
0.044011, 0.936442
0.0442611, 0.936095
0.0445111, 0.935749
0.0447612, 0.935402
0.0450113, 0.935056
0.0452613, 0.93471
0.0455114, 0.934364
0.0457614, 0.934018
0.0460115, 0.933673
0.0462616, 0.933327
0.0465116, 0.932982
0.0467617, 0.932637
0.0470118, 0.932292
0.0472618, 0.931947
0.0475119, 0.931602
0.0477619, 0.931258
0.048012, 0.930914
0.0482621, 0.93057
0.0485121, 0.930225
0.0487622, 0.929882
0.0490123, 0.929538
0.0492623, 0.929194
0.0495124, 0.928851
0.0497624, 0.928508
0.0500125, 0.928165
0.0502626, 0.927822
0.0505126, 0.927479
0.0507627, 0.927137
0.0510128, 0.926794
0.0512628, 0.926452
0.0515129, 0.92611
0.0517629, 0.925768
0.052013, 0.925426
0.0522631, 0.925084
0.0525131, 0.924743
0.0527632, 0.924402
0.0530133, 0.92406
0.0532633, 0.923719
0.0535134, 0.923379
0.0537634, 0.923038
0.0540135, 0.922697
0.0542636, 0.922357
0.0545136, 0.922017
0.0547637, 0.921677
0.0550138, 0.921337
0.0552638, 0.920997
0.0555139, 0.920657
0.0557639, 0.920318
0.056014, 0.919979
0.0562641, 0.91964
0.0565141, 0.919301
0.0567642, 0.918962
0.0570143, 0.918623
0.0572643, 0.918285
0.0575144, 0.917946
0.0577644, 0.917608
0.0580145, 0.91727
0.0582646, 0.916932
0.0585146, 0.916595
0.0587647, 0.916257
0.0590148, 0.91592
0.0592648, 0.915582
0.0595149, 0.915245
0.0597649, 0.914908
0.060015, 0.914572
0.0602651, 0.914235
0.0605151, 0.913898
0.0607652, 0.913562
0.0610153, 0.913226
0.0612653, 0.91289
0.0615154, 0.912554
0.0617654, 0.912219
0.0620155, 0.911883
0.0622656, 0.911548
0.0625156, 0.911212
0.0627657, 0.910877
0.0630158, 0.910542
0.0632658, 0.910208
0.0635159, 0.909873
0.0637659, 0.909539
0.064016, 0.909204
0.0642661, 0.90887
0.0645161, 0.908536
0.0647662, 0.908202
0.0650163, 0.907869
0.0652663, 0.907535
0.0655164, 0.907202
0.0657664, 0.906869
0.0660165, 0.906536
0.0662666, 0.906203
0.0665166, 0.90587
0.0667667, 0.905538
0.0670168, 0.905205
0.0672668, 0.904873
0.0675169, 0.904541
0.0677669, 0.904209
0.068017, 0.903877
0.0682671, 0.903545
0.0685171, 0.903214
0.0687672, 0.902882
0.0690173, 0.902551
0.0692673, 0.90222
0.0695174, 0.901889
0.0697674, 0.901559
0.0700175, 0.901228
0.0702676, 0.900898
0.0705176, 0.900567
0.0707677, 0.900237
0.0710178, 0.899907
0.0712678, 0.899578
0.0715179, 0.899248
0.0717679, 0.898918
0.072018, 0.898589
0.0722681, 0.89826
0.0725181, 0.897931
0.0727682, 0.897602
0.0730183, 0.897273
0.0732683, 0.896945
0.0735184, 0.896616
0.0737684, 0.896288
0.0740185, 0.89596
0.0742686, 0.895632
0.0745186, 0.895304
0.0747687, 0.894976
0.0750188, 0.894649
0.0752688, 0.894322
0.0755189, 0.893994
0.0757689, 0.893667
0.076019, 0.89334
0.0762691, 0.893014
0.0765191, 0.892687
0.0767692, 0.892361
0.0770193, 0.892034
0.0772693, 0.891708
0.0775194, 0.891382
0.0777694, 0.891056
0.0780195, 0.890731
0.0782696, 0.890405
0.0785196, 0.89008
0.0787697, 0.889755
0.0790198, 0.88943
0.0792698, 0.889105
0.0795199, 0.88878
0.0797699, 0.888455
0.08002, 0.888131
0.0802701, 0.887807
0.0805201, 0.887483
0.0807702, 0.887159
0.0810203, 0.886835
0.0812703, 0.886511
0.0815204, 0.886187
0.0817704, 0.885864
0.0820205, 0.885541
0.0822706, 0.885218
0.0825206, 0.884895
0.0827707, 0.884572
0.0830208, 0.884249
0.0832708, 0.883927
0.0835209, 0.883605
0.0837709, 0.883282
0.084021, 0.88296
0.0842711, 0.882638
0.0845211, 0.882317
0.0847712, 0.881995
0.0850213, 0.881674
0.0852713, 0.881353
0.0855214, 0.881031
0.0857714, 0.88071
0.0860215, 0.88039
0.0862716, 0.880069
0.0865216, 0.879748
0.0867717, 0.879428
0.0870218, 0.879108
0.0872718, 0.878788
0.0875219, 0.878468
0.0877719, 0.878148
0.088022, 0.877829
0.0882721, 0.877509
0.0885221, 0.87719
0.0887722, 0.876871
0.0890223, 0.876552
0.0892723, 0.876233
0.0895224, 0.875914
0.0897724, 0.875595
0.0900225, 0.875277
0.0902726, 0.874959
0.0905226, 0.874641
0.0907727, 0.874323
0.0910228, 0.874005
0.0912728, 0.873687
0.0915229, 0.87337
0.0917729, 0.873052
0.092023, 0.872735
0.0922731, 0.872418
0.0925231, 0.872101
0.0927732, 0.871784
0.0930233, 0.871468
0.0932733, 0.871151
0.0935234, 0.870835
0.0937734, 0.870519
0.0940235, 0.870203
0.0942736, 0.869887
0.0945236, 0.869571
0.0947737, 0.869256
0.0950238, 0.86894
0.0952738, 0.868625
0.0955239, 0.86831
0.0957739, 0.867995
0.096024, 0.86768
0.0962741, 0.867365
0.0965241, 0.867051
0.0967742, 0.866737
0.0970243, 0.866422
0.0972743, 0.866108
0.0975244, 0.865794
0.0977744, 0.865481
0.0980245, 0.865167
0.0982746, 0.864853
0.0985246, 0.86454
0.0987747, 0.864227
0.0990248, 0.863914
0.0992748, 0.863601
0.0995249, 0.863288
0.0997749, 0.862976
0.100025, 0.862663
0.100275, 0.862351
0.100525, 0.862039
0.100775, 0.861727
0.101025, 0.861415
0.101275, 0.861103
0.101525, 0.860792
0.101775, 0.86048
0.102026, 0.860169
0.102276, 0.859858
0.102526, 0.859547
0.102776, 0.859236
0.103026, 0.858925
0.103276, 0.858615
0.103526, 0.858305
0.103776, 0.857994
0.104026, 0.857684
0.104276, 0.857374
0.104526, 0.857064
0.104776, 0.856755
0.105026, 0.856445
0.105276, 0.856136
0.105526, 0.855827
0.105776, 0.855518
0.106027, 0.855209
0.106277, 0.8549
0.106527, 0.854592
0.106777, 0.854283
0.107027, 0.853975
0.107277, 0.853667
0.107527, 0.853359
0.107777, 0.853051
0.108027, 0.852743
0.108277, 0.852435
0.108527, 0.852128
0.108777, 0.851821
0.109027, 0.851514
0.109277, 0.851207
0.109527, 0.8509
0.109777, 0.850593
0.110028, 0.850286
0.110278, 0.84998
0.110528, 0.849674
0.110778, 0.849368
0.111028, 0.849062
0.111278, 0.848756
0.111528, 0.84845
0.111778, 0.848145
0.112028, 0.847839
0.112278, 0.847534
0.112528, 0.847229
0.112778, 0.846924
0.113028, 0.846619
0.113278, 0.846315
0.113528, 0.84601
0.113778, 0.845706
0.114029, 0.845401
0.114279, 0.845097
0.114529, 0.844793
0.114779, 0.84449
0.115029, 0.844186
0.115279, 0.843883
0.115529, 0.843579
0.115779, 0.843276
0.116029, 0.842973
0.116279, 0.84267
0.116529, 0.842367
0.116779, 0.842065
0.117029, 0.841762
0.117279, 0.84146
0.117529, 0.841158
0.117779, 0.840856
0.11803, 0.840554
0.11828, 0.840252
0.11853, 0.83995
0.11878, 0.839649
0.11903, 0.839348
0.11928, 0.839046
0.11953, 0.838745
0.11978, 0.838445
0.12003, 0.838144
0.12028, 0.837843
0.12053, 0.837543
0.12078, 0.837242
0.12103, 0.836942
0.12128, 0.836642
0.12153, 0.836342
0.12178, 0.836043
0.122031, 0.835743
0.122281, 0.835444
0.122531, 0.835144
0.122781, 0.834845
0.123031, 0.834546
0.123281, 0.834247
0.123531, 0.833949
0.123781, 0.83365
0.124031, 0.833352
0.124281, 0.833053
0.124531, 0.832755
0.124781, 0.832457
0.125031, 0.832159
0.125281, 0.831862
0.125531, 0.831564
0.125781, 0.831267
0.126032, 0.830969
0.126282, 0.830672
0.126532, 0.830375
0.126782, 0.830078
0.127032, 0.829782
0.127282, 0.829485
0.127532, 0.829189
0.127782, 0.828893
0.128032, 0.828596
0.128282, 0.8283
0.128532, 0.828005
0.128782, 0.827709
0.129032, 0.827413
0.129282, 0.827118
0.129532, 0.826823
0.129782, 0.826528
0.130033, 0.826233
0.130283, 0.825938
0.130533, 0.825643
0.130783, 0.825348
0.131033, 0.825054
0.131283, 0.82476
0.131533, 0.824466
0.131783, 0.824172
0.132033, 0.823878
0.132283, 0.823584
0.132533, 0.823291
0.132783, 0.822997
0.133033, 0.822704
0.133283, 0.822411
0.133533, 0.822118
0.133783, 0.821825
0.134034, 0.821532
0.134284, 0.82124
0.134534, 0.820947
0.134784, 0.820655
0.135034, 0.820363
0.135284, 0.820071
0.135534, 0.819779
0.135784, 0.819487
0.136034, 0.819196
0.136284, 0.818904
0.136534, 0.818613
0.136784, 0.818322
0.137034, 0.818031
0.137284, 0.81774
0.137534, 0.817449
0.137784, 0.817159
0.138035, 0.816868
0.138285, 0.816578
0.138535, 0.816288
0.138785, 0.815998
0.139035, 0.815708
0.139285, 0.815418
0.139535, 0.815129
0.139785, 0.814839
0.140035, 0.81455
0.140285, 0.814261
0.140535, 0.813972
0.140785, 0.813683
0.141035, 0.813394
0.141285, 0.813105
0.141535, 0.812817
0.141785, 0.812529
0.142036, 0.81224
0.142286, 0.811952
0.142536, 0.811665
0.142786, 0.811377
0.143036, 0.811089
0.143286, 0.810802
0.143536, 0.810514
0.143786, 0.810227
0.144036, 0.80994
0.144286, 0.809653
0.144536, 0.809366
0.144786, 0.80908
0.145036, 0.808793
0.145286, 0.808507
0.145536, 0.808221
0.145786, 0.807935
0.146037, 0.807649
0.146287, 0.807363
0.146537, 0.807077
0.146787, 0.806792
0.147037, 0.806507
0.147287, 0.806221
0.147537, 0.805936
0.147787, 0.805651
0.148037, 0.805366
0.148287, 0.805082
0.148537, 0.804797
0.148787, 0.804513
0.149037, 0.804229
0.149287, 0.803945
0.149537, 0.803661
0.149787, 0.803377
0.150038, 0.803093
0.150288, 0.80281
0.150538, 0.802526
0.150788, 0.802243
0.151038, 0.80196
0.151288, 0.801677
0.151538, 0.801394
0.151788, 0.801111
0.152038, 0.800829
0.152288, 0.800546
0.152538, 0.800264
0.152788, 0.799982
0.153038, 0.7997
0.153288, 0.799418
0.153538, 0.799136
0.153788, 0.798855
0.154039, 0.798573
0.154289, 0.798292
0.154539, 0.798011
0.154789, 0.79773
0.155039, 0.797449
0.155289, 0.797168
0.155539, 0.796887
0.155789, 0.796607
0.156039, 0.796326
0.156289, 0.796046
0.156539, 0.795766
0.156789, 0.795486
0.157039, 0.795206
0.157289, 0.794927
0.157539, 0.794647
0.157789, 0.794368
0.15804, 0.794089
0.15829, 0.79381
0.15854, 0.793531
0.15879, 0.793252
0.15904, 0.792973
0.15929, 0.792695
0.15954, 0.792416
0.15979, 0.792138
0.16004, 0.79186
0.16029, 0.791582
0.16054, 0.791304
0.16079, 0.791026
0.16104, 0.790749
0.16129, 0.790471
0.16154, 0.790194
0.16179, 0.789917
0.162041, 0.78964
0.162291, 0.789363
0.162541, 0.789086
0.162791, 0.788809
0.163041, 0.788533
0.163291, 0.788257
0.163541, 0.78798
0.163791, 0.787704
0.164041, 0.787428
0.164291, 0.787153
0.164541, 0.786877
0.164791, 0.786601
0.165041, 0.786326
0.165291, 0.786051
0.165541, 0.785776
0.165791, 0.785501
0.166042, 0.785226
0.166292, 0.784951
0.166542, 0.784677
0.166792, 0.784402
0.167042, 0.784128
0.167292, 0.783854
0.167542, 0.78358
0.167792, 0.783306
0.168042, 0.783032
0.168292, 0.782759
0.168542, 0.782485
0.168792, 0.782212
0.169042, 0.781939
0.169292, 0.781665
0.169542, 0.781393
0.169792, 0.78112
0.170043, 0.780847
0.170293, 0.780575
0.170543, 0.780302
0.170793, 0.78003
0.171043, 0.779758
0.171293, 0.779486
0.171543, 0.779214
0.171793, 0.778942
0.172043, 0.778671
0.172293, 0.7784
0.172543, 0.778128
0.172793, 0.777857
0.173043, 0.777586
0.173293, 0.777315
0.173543, 0.777045
0.173793, 0.776774
0.174044, 0.776503
0.174294, 0.776233
0.174544, 0.775963
0.174794, 0.775693
0.175044, 0.775423
0.175294, 0.775153
0.175544, 0.774884
0.175794, 0.774614
0.176044, 0.774345
0.176294, 0.774075
0.176544, 0.773806
0.176794, 0.773537
0.177044, 0.773269
0.177294, 0.773
0.177544, 0.772731
0.177794, 0.772463
0.178045, 0.772195
0.178295, 0.771926
0.178545, 0.771658
0.178795, 0.77139
0.179045, 0.771123
0.179295, 0.770855
0.179545, 0.770588
0.179795, 0.77032
0.180045, 0.770053
0.180295, 0.769786
0.180545, 0.769519
0.180795, 0.769252
0.181045, 0.768986
0.181295, 0.768719
0.181545, 0.768453
0.181795, 0.768186
0.182046, 0.76792
0.182296, 0.767654
0.182546, 0.767388
0.182796, 0.767123
0.183046, 0.766857
0.183296, 0.766592
0.183546, 0.766326
0.183796, 0.766061
0.184046, 0.765796
0.184296, 0.765531
0.184546, 0.765266
0.184796, 0.765002
0.185046, 0.764737
0.185296, 0.764473
0.185546, 0.764209
0.185796, 0.763944
0.186047, 0.763681
0.186297, 0.763417
0.186547, 0.763153
0.186797, 0.762889
0.187047, 0.762626
0.187297, 0.762363
0.187547, 0.762099
0.187797, 0.761836
0.188047, 0.761574
0.188297, 0.761311
0.188547, 0.761048
0.188797, 0.760786
0.189047, 0.760523
0.189297, 0.760261
0.189547, 0.759999
0.189797, 0.759737
0.190048, 0.759475
0.190298, 0.759213
0.190548, 0.758952
0.190798, 0.75869
0.191048, 0.758429
0.191298, 0.758168
0.191548, 0.757907
0.191798, 0.757646
0.192048, 0.757385
0.192298, 0.757125
0.192548, 0.756864
0.192798, 0.756604
0.193048, 0.756344
0.193298, 0.756083
0.193548, 0.755823
0.193798, 0.755564
0.194049, 0.755304
0.194299, 0.755044
0.194549, 0.754785
0.194799, 0.754526
0.195049, 0.754266
0.195299, 0.754007
0.195549, 0.753749
0.195799, 0.75349
0.196049, 0.753231
0.196299, 0.752973
0.196549, 0.752714
0.196799, 0.752456
0.197049, 0.752198
0.197299, 0.75194
0.197549, 0.751682
0.197799, 0.751424
0.19805, 0.751167
0.1983, 0.750909
0.19855, 0.750652
0.1988, 0.750395
0.19905, 0.750138
0.1993, 0.749881
0.19955, 0.749624
0.1998, 0.749367
0.20005, 0.749111
0.2003, 0.748855
0.20055, 0.748598
0.2008, 0.748342
0.20105, 0.748086
0.2013, 0.74783
0.20155, 0.747575
0.2018, 0.747319
0.202051, 0.747064
0.202301, 0.746808
0.202551, 0.746553
0.202801, 0.746298
0.203051, 0.746043
0.203301, 0.745788
0.203551, 0.745534
0.203801, 0.745279
0.204051, 0.745025
0.204301, 0.74477
0.204551, 0.744516
0.204801, 0.744262
0.205051, 0.744008
0.205301, 0.743755
0.205551, 0.743501
0.205801, 0.743248
0.206052, 0.742994
0.206302, 0.742741
0.206552, 0.742488
0.206802, 0.742235
0.207052, 0.741982
0.207302, 0.741729
0.207552, 0.741477
0.207802, 0.741224
0.208052, 0.740972
0.208302, 0.74072
0.208552, 0.740468
0.208802, 0.740216
0.209052, 0.739964
0.209302, 0.739713
0.209552, 0.739461
0.209802, 0.73921
0.210053, 0.738958
0.210303, 0.738707
0.210553, 0.738456
0.210803, 0.738205
0.211053, 0.737955
0.211303, 0.737704
0.211553, 0.737454
0.211803, 0.737203
0.212053, 0.736953
0.212303, 0.736703
0.212553, 0.736453
0.212803, 0.736203
0.213053, 0.735954
0.213303, 0.735704
0.213553, 0.735455
0.213803, 0.735205
0.214054, 0.734956
0.214304, 0.734707
0.214554, 0.734458
0.214804, 0.734209
0.215054, 0.733961
0.215304, 0.733712
0.215554, 0.733464
0.215804, 0.733216
0.216054, 0.732968
0.216304, 0.73272
0.216554, 0.732472
0.216804, 0.732224
0.217054, 0.731976
0.217304, 0.731729
0.217554, 0.731482
0.217804, 0.731234
0.218055, 0.730987
0.218305, 0.73074
0.218555, 0.730494
0.218805, 0.730247
0.219055, 0.73
0.219305, 0.729754
0.219555, 0.729508
0.219805, 0.729261
0.220055, 0.729015
0.220305, 0.728769
0.220555, 0.728524
0.220805, 0.728278
0.221055, 0.728033
0.221305, 0.727787
0.221555, 0.727542
0.221805, 0.727297
0.222056, 0.727052
0.222306, 0.726807
0.222556, 0.726562
0.222806, 0.726318
0.223056, 0.726073
0.223306, 0.725829
0.223556, 0.725584
0.223806, 0.72534
0.224056, 0.725096
0.224306, 0.724853
0.224556, 0.724609
0.224806, 0.724365
0.225056, 0.724122
0.225306, 0.723878
0.225556, 0.723635
0.225806, 0.723392
0.226057, 0.723149
0.226307, 0.722906
0.226557, 0.722664
0.226807, 0.722421
0.227057, 0.722179
0.227307, 0.721937
0.227557, 0.721694
0.227807, 0.721452
0.228057, 0.72121
0.228307, 0.720969
0.228557, 0.720727
0.228807, 0.720485
0.229057, 0.720244
0.229307, 0.720003
0.229557, 0.719762
0.229807, 0.719521
0.230058, 0.71928
0.230308, 0.719039
0.230558, 0.718798
0.230808, 0.718558
0.231058, 0.718318
0.231308, 0.718077
0.231558, 0.717837
0.231808, 0.717597
0.232058, 0.717357
0.232308, 0.717118
0.232558, 0.716878
0.232808, 0.716639
0.233058, 0.716399
0.233308, 0.71616
0.233558, 0.715921
0.233808, 0.715682
0.234059, 0.715443
0.234309, 0.715204
0.234559, 0.714966
0.234809, 0.714727
0.235059, 0.714489
0.235309, 0.714251
0.235559, 0.714013
0.235809, 0.713775
0.236059, 0.713537
0.236309, 0.713299
0.236559, 0.713062
0.236809, 0.712824
0.237059, 0.712587
0.237309, 0.71235
0.237559, 0.712113
0.237809, 0.711876
0.23806, 0.711639
0.23831, 0.711403
0.23856, 0.711166
0.23881, 0.71093
0.23906, 0.710693
0.23931, 0.710457
0.23956, 0.710221
0.23981, 0.709985
0.24006, 0.70975
0.24031, 0.709514
0.24056, 0.709278
0.24081, 0.709043
0.24106, 0.708808
0.24131, 0.708573
0.24156, 0.708338
0.24181, 0.708103
0.242061, 0.707868
0.242311, 0.707633
0.242561, 0.707399
0.242811, 0.707164
0.243061, 0.70693
0.243311, 0.706696
0.243561, 0.706462
0.243811, 0.706228
0.244061, 0.705995
0.244311, 0.705761
0.244561, 0.705527
0.244811, 0.705294
0.245061, 0.705061
0.245311, 0.704828
0.245561, 0.704595
0.245811, 0.704362
0.246062, 0.704129
0.246312, 0.703897
0.246562, 0.703664
0.246812, 0.703432
0.247062, 0.7032
0.247312, 0.702967
0.247562, 0.702735
0.247812, 0.702504
0.248062, 0.702272
0.248312, 0.70204
0.248562, 0.701809
0.248812, 0.701578
0.249062, 0.701346
0.249312, 0.701115
0.249562, 0.700884
0.249812, 0.700653
0.250063, 0.700423
0.250313, 0.700192
0.250563, 0.699962
0.250813, 0.699731
0.251063, 0.699501
0.251313, 0.699271
0.251563, 0.699041
0.251813, 0.698811
0.252063, 0.698582
0.252313, 0.698352
0.252563, 0.698123
0.252813, 0.697893
0.253063, 0.697664
0.253313, 0.697435
0.253563, 0.697206
0.253813, 0.696977
0.254064, 0.696749
0.254314, 0.69652
0.254564, 0.696292
0.254814, 0.696063
0.255064, 0.695835
0.255314, 0.695607
0.255564, 0.695379
0.255814, 0.695151
0.256064, 0.694924
0.256314, 0.694696
0.256564, 0.694469
0.256814, 0.694241
0.257064, 0.694014
0.257314, 0.693787
0.257564, 0.69356
0.257814, 0.693333
0.258065, 0.693107
0.258315, 0.69288
0.258565, 0.692654
0.258815, 0.692427
0.259065, 0.692201
0.259315, 0.691975
0.259565, 0.691749
0.259815, 0.691523
0.260065, 0.691298
0.260315, 0.691072
0.260565, 0.690847
0.260815, 0.690621
0.261065, 0.690396
0.261315, 0.690171
0.261565, 0.689946
0.261815, 0.689721
0.262066, 0.689497
0.262316, 0.689272
0.262566, 0.689048
0.262816, 0.688823
0.263066, 0.688599
0.263316, 0.688375
0.263566, 0.688151
0.263816, 0.687927
0.264066, 0.687704
0.264316, 0.68748
0.264566, 0.687256
0.264816, 0.687033
0.265066, 0.68681
0.265316, 0.686587
0.265566, 0.686364
0.265816, 0.686141
0.266067, 0.685918
0.266317, 0.685696
0.266567, 0.685473
0.266817, 0.685251
0.267067, 0.685029
0.267317, 0.684807
0.267567, 0.684585
0.267817, 0.684363
0.268067, 0.684141
0.268317, 0.68392
0.268567, 0.683698
0.268817, 0.683477
0.269067, 0.683256
0.269317, 0.683035
0.269567, 0.682814
0.269817, 0.682593
0.270068, 0.682372
0.270318, 0.682152
0.270568, 0.681931
0.270818, 0.681711
0.271068, 0.68149
0.271318, 0.68127
0.271568, 0.68105
0.271818, 0.680831
0.272068, 0.680611
0.272318, 0.680391
0.272568, 0.680172
0.272818, 0.679952
0.273068, 0.679733
0.273318, 0.679514
0.273568, 0.679295
0.273818, 0.679076
0.274069, 0.678857
0.274319, 0.678639
0.274569, 0.67842
0.274819, 0.678202
0.275069, 0.677984
0.275319, 0.677766
0.275569, 0.677548
0.275819, 0.67733
0.276069, 0.677112
0.276319, 0.676894
0.276569, 0.676677
0.276819, 0.676459
0.277069, 0.676242
0.277319, 0.676025
0.277569, 0.675808
0.277819, 0.675591
0.27807, 0.675374
0.27832, 0.675158
0.27857, 0.674941
0.27882, 0.674725
0.27907, 0.674508
0.27932, 0.674292
0.27957, 0.674076
0.27982, 0.67386
0.28007, 0.673645
0.28032, 0.673429
0.28057, 0.673213
0.28082, 0.672998
0.28107, 0.672783
0.28132, 0.672567
0.28157, 0.672352
0.28182, 0.672138
0.282071, 0.671923
0.282321, 0.671708
0.282571, 0.671493
0.282821, 0.671279
0.283071, 0.671065
0.283321, 0.67085
0.283571, 0.670636
0.283821, 0.670422
0.284071, 0.670209
0.284321, 0.669995
0.284571, 0.669781
0.284821, 0.669568
0.285071, 0.669355
0.285321, 0.669141
0.285571, 0.668928
0.285821, 0.668715
0.286072, 0.668502
0.286322, 0.66829
0.286572, 0.668077
0.286822, 0.667865
0.287072, 0.667652
0.287322, 0.66744
0.287572, 0.667228
0.287822, 0.667016
0.288072, 0.666804
0.288322, 0.666592
0.288572, 0.666381
0.288822, 0.666169
0.289072, 0.665958
0.289322, 0.665746
0.289572, 0.665535
0.289822, 0.665324
0.290073, 0.665113
0.290323, 0.664903
0.290573, 0.664692
0.290823, 0.664481
0.291073, 0.664271
0.291323, 0.664061
0.291573, 0.66385
0.291823, 0.66364
0.292073, 0.66343
0.292323, 0.663221
0.292573, 0.663011
0.292823, 0.662801
0.293073, 0.662592
0.293323, 0.662383
0.293573, 0.662173
0.293823, 0.661964
0.294074, 0.661755
0.294324, 0.661547
0.294574, 0.661338
0.294824, 0.661129
0.295074, 0.660921
0.295324, 0.660712
0.295574, 0.660504
0.295824, 0.660296
0.296074, 0.660088
0.296324, 0.65988
0.296574, 0.659672
0.296824, 0.659465
0.297074, 0.659257
0.297324, 0.65905
0.297574, 0.658843
0.297824, 0.658636
0.298075, 0.658428
0.298325, 0.658222
0.298575, 0.658015
0.298825, 0.657808
0.299075, 0.657602
0.299325, 0.657395
0.299575, 0.657189
0.299825, 0.656983
0.300075, 0.656777
0.300325, 0.656571
0.300575, 0.656365
0.300825, 0.656159
0.301075, 0.655954
0.301325, 0.655748
0.301575, 0.655543
0.301825, 0.655338
0.302076, 0.655132
0.302326, 0.654928
0.302576, 0.654723
0.302826, 0.654518
0.303076, 0.654313
0.303326, 0.654109
0.303576, 0.653904
0.303826, 0.6537
0.304076, 0.653496
0.304326, 0.653292
0.304576, 0.653088
0.304826, 0.652884
0.305076, 0.652681
0.305326, 0.652477
0.305576, 0.652274
0.305826, 0.652071
0.306077, 0.651867
0.306327, 0.651664
0.306577, 0.651461
0.306827, 0.651259
0.307077, 0.651056
0.307327, 0.650853
0.307577, 0.650651
0.307827, 0.650448
0.308077, 0.650246
0.308327, 0.650044
0.308577, 0.649842
0.308827, 0.64964
0.309077, 0.649439
0.309327, 0.649237
0.309577, 0.649036
0.309827, 0.648834
0.310078, 0.648633
0.310328, 0.648432
0.310578, 0.648231
0.310828, 0.64803
0.311078, 0.647829
0.311328, 0.647628
0.311578, 0.647428
0.311828, 0.647227
0.312078, 0.647027
0.312328, 0.646827
0.312578, 0.646627
0.312828, 0.646427
0.313078, 0.646227
0.313328, 0.646027
0.313578, 0.645828
0.313828, 0.645628
0.314079, 0.645429
0.314329, 0.64523
0.314579, 0.645031
0.314829, 0.644832
0.315079, 0.644633
0.315329, 0.644434
0.315579, 0.644236
0.315829, 0.644037
0.316079, 0.643839
0.316329, 0.64364
0.316579, 0.643442
0.316829, 0.643244
0.317079, 0.643046
0.317329, 0.642848
0.317579, 0.642651
0.317829, 0.642453
0.31808, 0.642256
0.31833, 0.642058
0.31858, 0.641861
0.31883, 0.641664
0.31908, 0.641467
0.31933, 0.64127
0.31958, 0.641074
0.31983, 0.640877
0.32008, 0.640681
0.32033, 0.640484
0.32058, 0.640288
0.32083, 0.640092
0.32108, 0.639896
0.32133, 0.6397
0.32158, 0.639504
0.32183, 0.639308
0.322081, 0.639113
0.322331, 0.638917
0.322581, 0.638722
0.322831, 0.638527
0.323081, 0.638332
0.323331, 0.638137
0.323581, 0.637942
0.323831, 0.637747
0.324081, 0.637553
0.324331, 0.637358
0.324581, 0.637164
0.324831, 0.63697
0.325081, 0.636776
0.325331, 0.636582
0.325581, 0.636388
0.325831, 0.636194
0.326082, 0.636
0.326332, 0.635807
0.326582, 0.635613
0.326832, 0.63542
0.327082, 0.635227
0.327332, 0.635034
0.327582, 0.634841
0.327832, 0.634648
0.328082, 0.634455
0.328332, 0.634263
0.328582, 0.63407
0.328832, 0.633878
0.329082, 0.633686
0.329332, 0.633494
0.329582, 0.633302
0.329832, 0.63311
0.330083, 0.632918
0.330333, 0.632726
0.330583, 0.632535
0.330833, 0.632344
0.331083, 0.632152
0.331333, 0.631961
0.331583, 0.63177
0.331833, 0.631579
0.332083, 0.631388
0.332333, 0.631198
0.332583, 0.631007
0.332833, 0.630816
0.333083, 0.630626
0.333333, 0.630436
0.333583, 0.630246
0.333833, 0.630056
0.334084, 0.629866
0.334334, 0.629676
0.334584, 0.629487
0.334834, 0.629297
0.335084, 0.629108
0.335334, 0.628918
0.335584, 0.628729
0.335834, 0.62854
0.336084, 0.628351
0.336334, 0.628162
0.336584, 0.627974
0.336834, 0.627785
0.337084, 0.627597
0.337334, 0.627408
0.337584, 0.62722
0.337834, 0.627032
0.338085, 0.626844
0.338335, 0.626656
0.338585, 0.626468
0.338835, 0.626281
0.339085, 0.626093
0.339335, 0.625906
0.339585, 0.625718
0.339835, 0.625531
0.340085, 0.625344
0.340335, 0.625157
0.340585, 0.62497
0.340835, 0.624784
0.341085, 0.624597
0.341335, 0.62441
0.341585, 0.624224
0.341835, 0.624038
0.342086, 0.623852
0.342336, 0.623666
0.342586, 0.62348
0.342836, 0.623294
0.343086, 0.623108
0.343336, 0.622923
0.343586, 0.622737
0.343836, 0.622552
0.344086, 0.622367
0.344336, 0.622182
0.344586, 0.621997
0.344836, 0.621812
0.345086, 0.621627
0.345336, 0.621443
0.345586, 0.621258
0.345836, 0.621074
0.346087, 0.620889
0.346337, 0.620705
0.346587, 0.620521
0.346837, 0.620337
0.347087, 0.620154
0.347337, 0.61997
0.347587, 0.619786
0.347837, 0.619603
0.348087, 0.619419
0.348337, 0.619236
0.348587, 0.619053
0.348837, 0.61887
0.349087, 0.618687
0.349337, 0.618505
0.349587, 0.618322
0.349837, 0.618139
0.350088, 0.617957
0.350338, 0.617775
0.350588, 0.617592
0.350838, 0.61741
0.351088, 0.617228
0.351338, 0.617047
0.351588, 0.616865
0.351838, 0.616683
0.352088, 0.616502
0.352338, 0.61632
0.352588, 0.616139
0.352838, 0.615958
0.353088, 0.615777
0.353338, 0.615596
0.353588, 0.615415
0.353838, 0.615235
0.354089, 0.615054
0.354339, 0.614874
0.354589, 0.614693
0.354839, 0.614513
0.355089, 0.614333
0.355339, 0.614153
0.355589, 0.613973
0.355839, 0.613794
0.356089, 0.613614
0.356339, 0.613434
0.356589, 0.613255
0.356839, 0.613076
0.357089, 0.612897
0.357339, 0.612717
0.357589, 0.612539
0.357839, 0.61236
0.35809, 0.612181
0.35834, 0.612002
0.35859, 0.611824
0.35884, 0.611646
0.35909, 0.611467
0.35934, 0.611289
0.35959, 0.611111
0.35984, 0.610933
0.36009, 0.610755
0.36034, 0.610578
0.36059, 0.6104
0.36084, 0.610223
0.36109, 0.610045
0.36134, 0.609868
0.36159, 0.609691
0.36184, 0.609514
0.362091, 0.609337
0.362341, 0.609161
0.362591, 0.608984
0.362841, 0.608807
0.363091, 0.608631
0.363341, 0.608455
0.363591, 0.608279
0.363841, 0.608102
0.364091, 0.607927
0.364341, 0.607751
0.364591, 0.607575
0.364841, 0.607399
0.365091, 0.607224
0.365341, 0.607049
0.365591, 0.606873
0.365841, 0.606698
0.366092, 0.606523
0.366342, 0.606348
0.366592, 0.606173
0.366842, 0.605999
0.367092, 0.605824
0.367342, 0.60565
0.367592, 0.605475
0.367842, 0.605301
0.368092, 0.605127
0.368342, 0.604953
0.368592, 0.604779
0.368842, 0.604605
0.369092, 0.604432
0.369342, 0.604258
0.369592, 0.604085
0.369842, 0.603911
0.370093, 0.603738
0.370343, 0.603565
0.370593, 0.603392
0.370843, 0.603219
0.371093, 0.603047
0.371343, 0.602874
0.371593, 0.602702
0.371843, 0.602529
0.372093, 0.602357
0.372343, 0.602185
0.372593, 0.602013
0.372843, 0.601841
0.373093, 0.601669
0.373343, 0.601497
0.373593, 0.601326
0.373843, 0.601154
0.374094, 0.600983
0.374344, 0.600811
0.374594, 0.60064
0.374844, 0.600469
0.375094, 0.600298
0.375344, 0.600128
0.375594, 0.599957
0.375844, 0.599786
0.376094, 0.599616
0.376344, 0.599446
0.376594, 0.599275
0.376844, 0.599105
0.377094, 0.598935
0.377344, 0.598765
0.377594, 0.598596
0.377844, 0.598426
0.378095, 0.598256
0.378345, 0.598087
0.378595, 0.597918
0.378845, 0.597748
0.379095, 0.597579
0.379345, 0.59741
0.379595, 0.597241
0.379845, 0.597073
0.380095, 0.596904
0.380345, 0.596736
0.380595, 0.596567
0.380845, 0.596399
0.381095, 0.596231
0.381345, 0.596063
0.381595, 0.595895
0.381845, 0.595727
0.382096, 0.595559
0.382346, 0.595391
0.382596, 0.595224
0.382846, 0.595057
0.383096, 0.594889
0.383346, 0.594722
0.383596, 0.594555
0.383846, 0.594388
0.384096, 0.594221
0.384346, 0.594055
0.384596, 0.593888
0.384846, 0.593722
0.385096, 0.593555
0.385346, 0.593389
0.385596, 0.593223
0.385846, 0.593057
0.386097, 0.592891
0.386347, 0.592725
0.386597, 0.592559
0.386847, 0.592394
0.387097, 0.592228
0.387347, 0.592063
0.387597, 0.591898
0.387847, 0.591733
0.388097, 0.591568
0.388347, 0.591403
0.388597, 0.591238
0.388847, 0.591073
0.389097, 0.590909
0.389347, 0.590744
0.389597, 0.59058
0.389847, 0.590416
0.390098, 0.590252
0.390348, 0.590088
0.390598, 0.589924
0.390848, 0.58976
0.391098, 0.589596
0.391348, 0.589433
0.391598, 0.589269
0.391848, 0.589106
0.392098, 0.588943
0.392348, 0.58878
0.392598, 0.588617
0.392848, 0.588454
0.393098, 0.588291
0.393348, 0.588129
0.393598, 0.587966
0.393848, 0.587804
0.394099, 0.587641
0.394349, 0.587479
0.394599, 0.587317
0.394849, 0.587155
0.395099, 0.586993
0.395349, 0.586831
0.395599, 0.58667
0.395849, 0.586508
0.396099, 0.586347
0.396349, 0.586186
0.396599, 0.586024
0.396849, 0.585863
0.397099, 0.585702
0.397349, 0.585542
0.397599, 0.585381
0.397849, 0.58522
0.3981, 0.58506
0.39835, 0.584899
0.3986, 0.584739
0.39885, 0.584579
0.3991, 0.584419
0.39935, 0.584259
0.3996, 0.584099
0.39985, 0.583939
0.4001, 0.58378
0.40035, 0.58362
0.4006, 0.583461
0.40085, 0.583302
0.4011, 0.583142
0.40135, 0.582983
0.4016, 0.582824
0.40185, 0.582666
0.402101, 0.582507
0.402351, 0.582348
0.402601, 0.58219
0.402851, 0.582031
0.403101, 0.581873
0.403351, 0.581715
0.403601, 0.581557
0.403851, 0.581399
0.404101, 0.581241
0.404351, 0.581084
0.404601, 0.580926
0.404851, 0.580768
0.405101, 0.580611
0.405351, 0.580454
0.405601, 0.580297
0.405851, 0.58014
0.406102, 0.579983
0.406352, 0.579826
0.406602, 0.579669
0.406852, 0.579513
0.407102, 0.579356
0.407352, 0.5792
0.407602, 0.579044
0.407852, 0.578887
0.408102, 0.578731
0.408352, 0.578575
0.408602, 0.57842
0.408852, 0.578264
0.409102, 0.578108
0.409352, 0.577953
0.409602, 0.577798
0.409852, 0.577642
0.410103, 0.577487
0.410353, 0.577332
0.410603, 0.577177
0.410853, 0.577022
0.411103, 0.576868
0.411353, 0.576713
0.411603, 0.576559
0.411853, 0.576404
0.412103, 0.57625
0.412353, 0.576096
0.412603, 0.575942
0.412853, 0.575788
0.413103, 0.575634
0.413353, 0.575481
0.413603, 0.575327
0.413853, 0.575173
0.414104, 0.57502
0.414354, 0.574867
0.414604, 0.574714
0.414854, 0.574561
0.415104, 0.574408
0.415354, 0.574255
0.415604, 0.574102
0.415854, 0.57395
0.416104, 0.573797
0.416354, 0.573645
0.416604, 0.573493
0.416854, 0.573341
0.417104, 0.573189
0.417354, 0.573037
0.417604, 0.572885
0.417854, 0.572733
0.418105, 0.572582
0.418355, 0.57243
0.418605, 0.572279
0.418855, 0.572127
0.419105, 0.571976
0.419355, 0.571825
0.419605, 0.571674
0.419855, 0.571524
0.420105, 0.571373
0.420355, 0.571222
0.420605, 0.571072
0.420855, 0.570921
0.421105, 0.570771
0.421355, 0.570621
0.421605, 0.570471
0.421855, 0.570321
0.422106, 0.570171
0.422356, 0.570022
0.422606, 0.569872
0.422856, 0.569723
0.423106, 0.569573
0.423356, 0.569424
0.423606, 0.569275
0.423856, 0.569126
0.424106, 0.568977
0.424356, 0.568828
0.424606, 0.568679
0.424856, 0.568531
0.425106, 0.568382
0.425356, 0.568234
0.425606, 0.568086
0.425856, 0.567937
0.426107, 0.567789
0.426357, 0.567641
0.426607, 0.567494
0.426857, 0.567346
0.427107, 0.567198
0.427357, 0.567051
0.427607, 0.566903
0.427857, 0.566756
0.428107, 0.566609
0.428357, 0.566462
0.428607, 0.566315
0.428857, 0.566168
0.429107, 0.566022
0.429357, 0.565875
0.429607, 0.565728
0.429857, 0.565582
0.430108, 0.565436
0.430358, 0.56529
0.430608, 0.565144
0.430858, 0.564998
0.431108, 0.564852
0.431358, 0.564706
0.431608, 0.56456
0.431858, 0.564415
0.432108, 0.564269
0.432358, 0.564124
0.432608, 0.563979
0.432858, 0.563834
0.433108, 0.563689
0.433358, 0.563544
0.433608, 0.563399
0.433858, 0.563255
0.434109, 0.56311
0.434359, 0.562966
0.434609, 0.562822
0.434859, 0.562677
0.435109, 0.562533
0.435359, 0.562389
0.435609, 0.562245
0.435859, 0.562102
0.436109, 0.561958
0.436359, 0.561815
0.436609, 0.561671
0.436859, 0.561528
0.437109, 0.561385
0.437359, 0.561241
0.437609, 0.561099
0.437859, 0.560956
0.43811, 0.560813
0.43836, 0.56067
0.43861, 0.560528
0.43886, 0.560385
0.43911, 0.560243
0.43936, 0.560101
0.43961, 0.559959
0.43986, 0.559817
0.44011, 0.559675
0.44036, 0.559533
0.44061, 0.559391
0.44086, 0.55925
0.44111, 0.559108
0.44136, 0.558967
0.44161, 0.558826
0.44186, 0.558685
0.442111, 0.558544
0.442361, 0.558403
0.442611, 0.558262
0.442861, 0.558121
0.443111, 0.557981
0.443361, 0.55784
0.443611, 0.5577
0.443861, 0.55756
0.444111, 0.557419
0.444361, 0.557279
0.444611, 0.557139
0.444861, 0.557
0.445111, 0.55686
0.445361, 0.55672
0.445611, 0.556581
0.445861, 0.556441
0.446112, 0.556302
0.446362, 0.556163
0.446612, 0.556024
0.446862, 0.555885
0.447112, 0.555746
0.447362, 0.555608
0.447612, 0.555469
0.447862, 0.55533
0.448112, 0.555192
0.448362, 0.555054
0.448612, 0.554916
0.448862, 0.554777
0.449112, 0.55464
0.449362, 0.554502
0.449612, 0.554364
0.449862, 0.554226
0.450113, 0.554089
0.450363, 0.553951
0.450613, 0.553814
0.450863, 0.553677
0.451113, 0.55354
0.451363, 0.553403
0.451613, 0.553266
0.451863, 0.553129
0.452113, 0.552993
0.452363, 0.552856
0.452613, 0.55272
0.452863, 0.552583
0.453113, 0.552447
0.453363, 0.552311
0.453613, 0.552175
0.453863, 0.552039
0.454114, 0.551903
0.454364, 0.551768
0.454614, 0.551632
0.454864, 0.551497
0.455114, 0.551361
0.455364, 0.551226
0.455614, 0.551091
0.455864, 0.550956
0.456114, 0.550821
0.456364, 0.550686
0.456614, 0.550551
0.456864, 0.550417
0.457114, 0.550282
0.457364, 0.550148
0.457614, 0.550014
0.457864, 0.54988
0.458115, 0.549745
0.458365, 0.549612
0.458615, 0.549478
0.458865, 0.549344
0.459115, 0.54921
0.459365, 0.549077
0.459615, 0.548943
0.459865, 0.54881
0.460115, 0.548677
0.460365, 0.548544
0.460615, 0.548411
0.460865, 0.548278
0.461115, 0.548145
0.461365, 0.548013
0.461615, 0.54788
0.461865, 0.547748
0.462116, 0.547615
0.462366, 0.547483
0.462616, 0.547351
0.462866, 0.547219
0.463116, 0.547087
0.463366, 0.546955
0.463616, 0.546824
0.463866, 0.546692
0.464116, 0.546561
0.464366, 0.546429
0.464616, 0.546298
0.464866, 0.546167
0.465116, 0.546036
0.465366, 0.545905
0.465616, 0.545774
0.465866, 0.545644
0.466117, 0.545513
0.466367, 0.545383
0.466617, 0.545252
0.466867, 0.545122
0.467117, 0.544992
0.467367, 0.544862
0.467617, 0.544732
0.467867, 0.544602
0.468117, 0.544472
0.468367, 0.544343
0.468617, 0.544213
0.468867, 0.544084
0.469117, 0.543954
0.469367, 0.543825
0.469617, 0.543696
0.469867, 0.543567
0.470118, 0.543438
0.470368, 0.54331
0.470618, 0.543181
0.470868, 0.543052
0.471118, 0.542924
0.471368, 0.542796
0.471618, 0.542667
0.471868, 0.542539
0.472118, 0.542411
0.472368, 0.542283
0.472618, 0.542156
0.472868, 0.542028
0.473118, 0.5419
0.473368, 0.541773
0.473618, 0.541646
0.473868, 0.541518
0.474119, 0.541391
0.474369, 0.541264
0.474619, 0.541137
0.474869, 0.54101
0.475119, 0.540884
0.475369, 0.540757
0.475619, 0.540631
0.475869, 0.540504
0.476119, 0.540378
0.476369, 0.540252
0.476619, 0.540126
0.476869, 0.54
0.477119, 0.539874
0.477369, 0.539748
0.477619, 0.539623
0.477869, 0.539497
0.47812, 0.539372
0.47837, 0.539246
0.47862, 0.539121
0.47887, 0.538996
0.47912, 0.538871
0.47937, 0.538746
0.47962, 0.538621
0.47987, 0.538497
0.48012, 0.538372
0.48037, 0.538248
0.48062, 0.538123
0.48087, 0.537999
0.48112, 0.537875
0.48137, 0.537751
0.48162, 0.537627
0.48187, 0.537503
0.482121, 0.537379
0.482371, 0.537256
0.482621, 0.537132
0.482871, 0.537009
0.483121, 0.536886
0.483371, 0.536762
0.483621, 0.536639
0.483871, 0.536516
0.484121, 0.536394
0.484371, 0.536271
0.484621, 0.536148
0.484871, 0.536026
0.485121, 0.535903
0.485371, 0.535781
0.485621, 0.535659
0.485871, 0.535537
0.486122, 0.535415
0.486372, 0.535293
0.486622, 0.535171
0.486872, 0.535049
0.487122, 0.534928
0.487372, 0.534806
0.487622, 0.534685
0.487872, 0.534564
0.488122, 0.534442
0.488372, 0.534321
0.488622, 0.5342
0.488872, 0.53408
0.489122, 0.533959
0.489372, 0.533838
0.489622, 0.533718
0.489872, 0.533597
0.490123, 0.533477
0.490373, 0.533357
0.490623, 0.533237
0.490873, 0.533117
0.491123, 0.532997
0.491373, 0.532877
0.491623, 0.532758
0.491873, 0.532638
0.492123, 0.532519
0.492373, 0.532399
0.492623, 0.53228
0.492873, 0.532161
0.493123, 0.532042
0.493373, 0.531923
0.493623, 0.531804
0.493873, 0.531686
0.494124, 0.531567
0.494374, 0.531448
0.494624, 0.53133
0.494874, 0.531212
0.495124, 0.531094
0.495374, 0.530976
0.495624, 0.530858
0.495874, 0.53074
0.496124, 0.530622
0.496374, 0.530504
0.496624, 0.530387
0.496874, 0.53027
0.497124, 0.530152
0.497374, 0.530035
0.497624, 0.529918
0.497874, 0.529801
0.498125, 0.529684
0.498375, 0.529567
0.498625, 0.529451
0.498875, 0.529334
0.499125, 0.529218
0.499375, 0.529101
0.499625, 0.528985
0.499875, 0.528869
0.500125, 0.528753
0.500375, 0.528637
0.500625, 0.528521
0.500875, 0.528405
0.501125, 0.52829
0.501375, 0.528174
0.501625, 0.528059
0.501875, 0.527943
0.502126, 0.527828
0.502376, 0.527713
0.502626, 0.527598
0.502876, 0.527483
0.503126, 0.527369
0.503376, 0.527254
0.503626, 0.527139
0.503876, 0.527025
0.504126, 0.526911
0.504376, 0.526796
0.504626, 0.526682
0.504876, 0.526568
0.505126, 0.526454
0.505376, 0.526341
0.505626, 0.526227
0.505876, 0.526113
0.506127, 0.526
0.506377, 0.525886
0.506627, 0.525773
0.506877, 0.52566
0.507127, 0.525547
0.507377, 0.525434
0.507627, 0.525321
0.507877, 0.525208
0.508127, 0.525096
0.508377, 0.524983
0.508627, 0.524871
0.508877, 0.524758
0.509127, 0.524646
0.509377, 0.524534
0.509627, 0.524422
0.509877, 0.52431
0.510128, 0.524198
0.510378, 0.524087
0.510628, 0.523975
0.510878, 0.523863
0.511128, 0.523752
0.511378, 0.523641
0.511628, 0.52353
0.511878, 0.523419
0.512128, 0.523308
0.512378, 0.523197
0.512628, 0.523086
0.512878, 0.522975
0.513128, 0.522865
0.513378, 0.522754
0.513628, 0.522644
0.513878, 0.522534
0.514129, 0.522424
0.514379, 0.522314
0.514629, 0.522204
0.514879, 0.522094
0.515129, 0.521984
0.515379, 0.521875
0.515629, 0.521765
0.515879, 0.521656
0.516129, 0.521547
0.516379, 0.521437
0.516629, 0.521328
0.516879, 0.521219
0.517129, 0.521111
0.517379, 0.521002
0.517629, 0.520893
0.517879, 0.520785
0.51813, 0.520676
0.51838, 0.520568
0.51863, 0.52046
0.51888, 0.520352
0.51913, 0.520244
0.51938, 0.520136
0.51963, 0.520028
0.51988, 0.51992
0.52013, 0.519813
0.52038, 0.519705
0.52063, 0.519598
0.52088, 0.51949
0.52113, 0.519383
0.52138, 0.519276
0.52163, 0.519169
0.52188, 0.519062
0.522131, 0.518956
0.522381, 0.518849
0.522631, 0.518743
0.522881, 0.518636
0.523131, 0.51853
0.523381, 0.518424
0.523631, 0.518317
0.523881, 0.518211
0.524131, 0.518106
0.524381, 0.518
0.524631, 0.517894
0.524881, 0.517788
0.525131, 0.517683
0.525381, 0.517578
0.525631, 0.517472
0.525881, 0.517367
0.526132, 0.517262
0.526382, 0.517157
0.526632, 0.517052
0.526882, 0.516948
0.527132, 0.516843
0.527382, 0.516738
0.527632, 0.516634
0.527882, 0.51653
0.528132, 0.516425
0.528382, 0.516321
0.528632, 0.516217
0.528882, 0.516113
0.529132, 0.516009
0.529382, 0.515906
0.529632, 0.515802
0.529882, 0.515699
0.530133, 0.515595
0.530383, 0.515492
0.530633, 0.515389
0.530883, 0.515286
0.531133, 0.515183
0.531383, 0.51508
0.531633, 0.514977
0.531883, 0.514875
0.532133, 0.514772
0.532383, 0.51467
0.532633, 0.514567
0.532883, 0.514465
0.533133, 0.514363
0.533383, 0.514261
0.533633, 0.514159
0.533883, 0.514057
0.534134, 0.513955
0.534384, 0.513854
0.534634, 0.513752
0.534884, 0.513651
0.535134, 0.51355
0.535384, 0.513448
0.535634, 0.513347
0.535884, 0.513246
0.536134, 0.513145
0.536384, 0.513045
0.536634, 0.512944
0.536884, 0.512843
0.537134, 0.512743
0.537384, 0.512643
0.537634, 0.512542
0.537884, 0.512442
0.538135, 0.512342
0.538385, 0.512242
0.538635, 0.512142
0.538885, 0.512043
0.539135, 0.511943
0.539385, 0.511843
0.539635, 0.511744
0.539885, 0.511645
0.540135, 0.511546
0.540385, 0.511446
0.540635, 0.511347
0.540885, 0.511249
0.541135, 0.51115
0.541385, 0.511051
0.541635, 0.510952
0.541885, 0.510854
0.542136, 0.510756
0.542386, 0.510657
0.542636, 0.510559
0.542886, 0.510461
0.543136, 0.510363
0.543386, 0.510265
0.543636, 0.510168
0.543886, 0.51007
0.544136, 0.509972
0.544386, 0.509875
0.544636, 0.509778
0.544886, 0.50968
0.545136, 0.509583
0.545386, 0.509486
0.545636, 0.509389
0.545886, 0.509293
0.546137, 0.509196
0.546387, 0.509099
0.546637, 0.509003
0.546887, 0.508906
0.547137, 0.50881
0.547387, 0.508714
0.547637, 0.508618
0.547887, 0.508522
0.548137, 0.508426
0.548387, 0.50833
0.548637, 0.508234
0.548887, 0.508139
0.549137, 0.508043
0.549387, 0.507948
0.549637, 0.507853
0.549887, 0.507758
0.550138, 0.507663
0.550388, 0.507568
0.550638, 0.507473
0.550888, 0.507378
0.551138, 0.507283
0.551388, 0.507189
0.551638, 0.507095
0.551888, 0.507
0.552138, 0.506906
0.552388, 0.506812
0.552638, 0.506718
0.552888, 0.506624
0.553138, 0.50653
0.553388, 0.506437
0.553638, 0.506343
0.553888, 0.506249
0.554139, 0.506156
0.554389, 0.506063
0.554639, 0.50597
0.554889, 0.505877
0.555139, 0.505784
0.555389, 0.505691
0.555639, 0.505598
0.555889, 0.505505
0.556139, 0.505413
0.556389, 0.50532
0.556639, 0.505228
0.556889, 0.505136
0.557139, 0.505044
0.557389, 0.504952
0.557639, 0.50486
0.557889, 0.504768
0.55814, 0.504676
0.55839, 0.504584
0.55864, 0.504493
0.55889, 0.504401
0.55914, 0.50431
0.55939, 0.504219
0.55964, 0.504128
0.55989, 0.504037
0.56014, 0.503946
0.56039, 0.503855
0.56064, 0.503764
0.56089, 0.503674
0.56114, 0.503583
0.56139, 0.503493
0.56164, 0.503403
0.56189, 0.503313
0.562141, 0.503223
0.562391, 0.503133
0.562641, 0.503043
0.562891, 0.502953
0.563141, 0.502863
0.563391, 0.502774
0.563641, 0.502684
0.563891, 0.502595
0.564141, 0.502506
0.564391, 0.502417
0.564641, 0.502328
0.564891, 0.502239
0.565141, 0.50215
0.565391, 0.502061
0.565641, 0.501972
0.565891, 0.501884
0.566142, 0.501795
0.566392, 0.501707
0.566642, 0.501619
0.566892, 0.501531
0.567142, 0.501443
0.567392, 0.501355
0.567642, 0.501267
0.567892, 0.501179
0.568142, 0.501092
0.568392, 0.501004
0.568642, 0.500917
0.568892, 0.50083
0.569142, 0.500743
0.569392, 0.500655
0.569642, 0.500569
0.569892, 0.500482
0.570143, 0.500395
0.570393, 0.500308
0.570643, 0.500222
0.570893, 0.500135
0.571143, 0.500049
0.571393, 0.499963
0.571643, 0.499876
0.571893, 0.49979
0.572143, 0.499704
0.572393, 0.499619
0.572643, 0.499533
0.572893, 0.499447
0.573143, 0.499362
0.573393, 0.499276
0.573643, 0.499191
0.573893, 0.499106
0.574144, 0.499021
0.574394, 0.498936
0.574644, 0.498851
0.574894, 0.498766
0.575144, 0.498681
0.575394, 0.498597
0.575644, 0.498512
0.575894, 0.498428
0.576144, 0.498343
0.576394, 0.498259
0.576644, 0.498175
0.576894, 0.498091
0.577144, 0.498007
0.577394, 0.497924
0.577644, 0.49784
0.577894, 0.497756
0.578145, 0.497673
0.578395, 0.49759
0.578645, 0.497506
0.578895, 0.497423
0.579145, 0.49734
0.579395, 0.497257
0.579645, 0.497174
0.579895, 0.497091
0.580145, 0.497009
0.580395, 0.496926
0.580645, 0.496844
0.580895, 0.496762
0.581145, 0.496679
0.581395, 0.496597
0.581645, 0.496515
0.581895, 0.496433
0.582146, 0.496351
0.582396, 0.49627
0.582646, 0.496188
0.582896, 0.496107
0.583146, 0.496025
0.583396, 0.495944
0.583646, 0.495863
0.583896, 0.495782
0.584146, 0.495701
0.584396, 0.49562
0.584646, 0.495539
0.584896, 0.495458
0.585146, 0.495378
0.585396, 0.495297
0.585646, 0.495217
0.585896, 0.495136
0.586147, 0.495056
0.586397, 0.494976
0.586647, 0.494896
0.586897, 0.494816
0.587147, 0.494737
0.587397, 0.494657
0.587647, 0.494577
0.587897, 0.494498
0.588147, 0.494418
0.588397, 0.494339
0.588647, 0.49426
0.588897, 0.494181
0.589147, 0.494102
0.589397, 0.494023
0.589647, 0.493944
0.589897, 0.493866
0.590148, 0.493787
0.590398, 0.493709
0.590648, 0.49363
0.590898, 0.493552
0.591148, 0.493474
0.591398, 0.493396
0.591648, 0.493318
0.591898, 0.49324
0.592148, 0.493163
0.592398, 0.493085
0.592648, 0.493008
0.592898, 0.49293
0.593148, 0.492853
0.593398, 0.492776
0.593648, 0.492698
0.593898, 0.492621
0.594149, 0.492545
0.594399, 0.492468
0.594649, 0.492391
0.594899, 0.492314
0.595149, 0.492238
0.595399, 0.492162
0.595649, 0.492085
0.595899, 0.492009
0.596149, 0.491933
0.596399, 0.491857
0.596649, 0.491781
0.596899, 0.491705
0.597149, 0.49163
0.597399, 0.491554
0.597649, 0.491479
0.597899, 0.491403
0.59815, 0.491328
0.5984, 0.491253
0.59865, 0.491178
0.5989, 0.491103
0.59915, 0.491028
0.5994, 0.490953
0.59965, 0.490879
0.5999, 0.490804
0.60015, 0.49073
0.6004, 0.490655
0.60065, 0.490581
0.6009, 0.490507
0.60115, 0.490433
0.6014, 0.490359
0.60165, 0.490285
0.6019, 0.490211
0.602151, 0.490138
0.602401, 0.490064
0.602651, 0.489991
0.602901, 0.489917
0.603151, 0.489844
0.603401, 0.489771
0.603651, 0.489698
0.603901, 0.489625
0.604151, 0.489552
0.604401, 0.48948
0.604651, 0.489407
0.604901, 0.489335
0.605151, 0.489262
0.605401, 0.48919
0.605651, 0.489118
0.605901, 0.489046
0.606152, 0.488974
0.606402, 0.488902
0.606652, 0.48883
0.606902, 0.488758
0.607152, 0.488687
0.607402, 0.488615
0.607652, 0.488544
0.607902, 0.488472
0.608152, 0.488401
0.608402, 0.48833
0.608652, 0.488259
0.608902, 0.488188
0.609152, 0.488117
0.609402, 0.488047
0.609652, 0.487976
0.609902, 0.487906
0.610153, 0.487835
0.610403, 0.487765
0.610653, 0.487695
0.610903, 0.487625
0.611153, 0.487555
0.611403, 0.487485
0.611653, 0.487415
0.611903, 0.487346
0.612153, 0.487276
0.612403, 0.487207
0.612653, 0.487137
0.612903, 0.487068
0.613153, 0.486999
0.613403, 0.48693
0.613653, 0.486861
0.613903, 0.486792
0.614154, 0.486723
0.614404, 0.486655
0.614654, 0.486586
0.614904, 0.486518
0.615154, 0.486449
0.615404, 0.486381
0.615654, 0.486313
0.615904, 0.486245
0.616154, 0.486177
0.616404, 0.486109
0.616654, 0.486042
0.616904, 0.485974
0.617154, 0.485906
0.617404, 0.485839
0.617654, 0.485772
0.617904, 0.485705
0.618155, 0.485637
0.618405, 0.48557
0.618655, 0.485503
0.618905, 0.485437
0.619155, 0.48537
0.619405, 0.485303
0.619655, 0.485237
0.619905, 0.48517
0.620155, 0.485104
0.620405, 0.485038
0.620655, 0.484972
0.620905, 0.484906
0.621155, 0.48484
0.621405, 0.484774
0.621655, 0.484709
0.621905, 0.484643
0.622156, 0.484577
0.622406, 0.484512
0.622656, 0.484447
0.622906, 0.484382
0.623156, 0.484317
0.623406, 0.484252
0.623656, 0.484187
0.623906, 0.484122
0.624156, 0.484057
0.624406, 0.483993
0.624656, 0.483928
0.624906, 0.483864
0.625156, 0.4838
0.625406, 0.483735
0.625656, 0.483671
0.625906, 0.483607
0.626157, 0.483543
0.626407, 0.48348
0.626657, 0.483416
0.626907, 0.483352
0.627157, 0.483289
0.627407, 0.483226
0.627657, 0.483162
0.627907, 0.483099
0.628157, 0.483036
0.628407, 0.482973
0.628657, 0.48291
0.628907, 0.482848
0.629157, 0.482785
0.629407, 0.482722
0.629657, 0.48266
0.629907, 0.482598
0.630158, 0.482535
0.630408, 0.482473
0.630658, 0.482411
0.630908, 0.482349
0.631158, 0.482287
0.631408, 0.482226
0.631658, 0.482164
0.631908, 0.482103
0.632158, 0.482041
0.632408, 0.48198
0.632658, 0.481919
0.632908, 0.481857
0.633158, 0.481796
0.633408, 0.481736
0.633658, 0.481675
0.633908, 0.481614
0.634159, 0.481553
0.634409, 0.481493
0.634659, 0.481432
0.634909, 0.481372
0.635159, 0.481312
0.635409, 0.481252
0.635659, 0.481192
0.635909, 0.481132
0.636159, 0.481072
0.636409, 0.481012
0.636659, 0.480953
0.636909, 0.480893
0.637159, 0.480834
0.637409, 0.480774
0.637659, 0.480715
0.637909, 0.480656
0.63816, 0.480597
0.63841, 0.480538
0.63866, 0.480479
0.63891, 0.480421
0.63916, 0.480362
0.63941, 0.480304
0.63966, 0.480245
0.63991, 0.480187
0.64016, 0.480129
0.64041, 0.480071
0.64066, 0.480013
0.64091, 0.479955
0.64116, 0.479897
0.64141, 0.479839
0.64166, 0.479782
0.64191, 0.479724
0.642161, 0.479667
0.642411, 0.47961
0.642661, 0.479552
0.642911, 0.479495
0.643161, 0.479438
0.643411, 0.479381
0.643661, 0.479325
0.643911, 0.479268
0.644161, 0.479211
0.644411, 0.479155
0.644661, 0.479099
0.644911, 0.479042
0.645161, 0.478986
0.645411, 0.47893
0.645661, 0.478874
0.645911, 0.478818
0.646162, 0.478762
0.646412, 0.478707
0.646662, 0.478651
0.646912, 0.478596
0.647162, 0.47854
0.647412, 0.478485
0.647662, 0.47843
0.647912, 0.478375
0.648162, 0.47832
0.648412, 0.478265
0.648662, 0.47821
0.648912, 0.478156
0.649162, 0.478101
0.649412, 0.478047
0.649662, 0.477992
0.649912, 0.477938
0.650163, 0.477884
0.650413, 0.47783
0.650663, 0.477776
0.650913, 0.477722
0.651163, 0.477668
0.651413, 0.477615
0.651663, 0.477561
0.651913, 0.477508
0.652163, 0.477454
0.652413, 0.477401
0.652663, 0.477348
0.652913, 0.477295
0.653163, 0.477242
0.653413, 0.477189
0.653663, 0.477136
0.653913, 0.477084
0.654164, 0.477031
0.654414, 0.476979
0.654664, 0.476926
0.654914, 0.476874
0.655164, 0.476822
0.655414, 0.47677
0.655664, 0.476718
0.655914, 0.476666
0.656164, 0.476614
0.656414, 0.476563
0.656664, 0.476511
0.656914, 0.47646
0.657164, 0.476408
0.657414, 0.476357
0.657664, 0.476306
0.657914, 0.476255
0.658165, 0.476204
0.658415, 0.476153
0.658665, 0.476103
0.658915, 0.476052
0.659165, 0.476001
0.659415, 0.475951
0.659665, 0.475901
0.659915, 0.47585
0.660165, 0.4758
0.660415, 0.47575
0.660665, 0.4757
0.660915, 0.475651
0.661165, 0.475601
0.661415, 0.475551
0.661665, 0.475502
0.661915, 0.475452
0.662166, 0.475403
0.662416, 0.475354
0.662666, 0.475305
0.662916, 0.475256
0.663166, 0.475207
0.663416, 0.475158
0.663666, 0.475109
0.663916, 0.475061
0.664166, 0.475012
0.664416, 0.474964
0.664666, 0.474915
0.664916, 0.474867
0.665166, 0.474819
0.665416, 0.474771
0.665666, 0.474723
0.665916, 0.474675
0.666167, 0.474627
0.666417, 0.47458
0.666667, 0.474532
0.666917, 0.474485
0.667167, 0.474438
0.667417, 0.47439
0.667667, 0.474343
0.667917, 0.474296
0.668167, 0.474249
0.668417, 0.474203
0.668667, 0.474156
0.668917, 0.474109
0.669167, 0.474063
0.669417, 0.474016
0.669667, 0.47397
0.669917, 0.473924
0.670168, 0.473878
0.670418, 0.473832
0.670668, 0.473786
0.670918, 0.47374
0.671168, 0.473694
0.671418, 0.473649
0.671668, 0.473603
0.671918, 0.473558
0.672168, 0.473513
0.672418, 0.473467
0.672668, 0.473422
0.672918, 0.473377
0.673168, 0.473332
0.673418, 0.473288
0.673668, 0.473243
0.673918, 0.473198
0.674169, 0.473154
0.674419, 0.473109
0.674669, 0.473065
0.674919, 0.473021
0.675169, 0.472977
0.675419, 0.472933
0.675669, 0.472889
0.675919, 0.472845
0.676169, 0.472801
0.676419, 0.472758
0.676669, 0.472714
0.676919, 0.472671
0.677169, 0.472628
0.677419, 0.472584
0.677669, 0.472541
0.677919, 0.472498
0.67817, 0.472455
0.67842, 0.472413
0.67867, 0.47237
0.67892, 0.472327
0.67917, 0.472285
0.67942, 0.472242
0.67967, 0.4722
0.67992, 0.472158
0.68017, 0.472116
0.68042, 0.472074
0.68067, 0.472032
0.68092, 0.47199
0.68117, 0.471949
0.68142, 0.471907
0.68167, 0.471865
0.68192, 0.471824
0.682171, 0.471783
0.682421, 0.471742
0.682671, 0.471701
0.682921, 0.47166
0.683171, 0.471619
0.683421, 0.471578
0.683671, 0.471537
0.683921, 0.471497
0.684171, 0.471456
0.684421, 0.471416
0.684671, 0.471375
0.684921, 0.471335
0.685171, 0.471295
0.685421, 0.471255
0.685671, 0.471215
0.685921, 0.471176
0.686172, 0.471136
0.686422, 0.471096
0.686672, 0.471057
0.686922, 0.471017
0.687172, 0.470978
0.687422, 0.470939
0.687672, 0.4709
0.687922, 0.470861
0.688172, 0.470822
0.688422, 0.470783
0.688672, 0.470744
0.688922, 0.470706
0.689172, 0.470667
0.689422, 0.470629
0.689672, 0.470591
0.689922, 0.470553
0.690173, 0.470514
0.690423, 0.470477
0.690673, 0.470439
0.690923, 0.470401
0.691173, 0.470363
0.691423, 0.470326
0.691673, 0.470288
0.691923, 0.470251
0.692173, 0.470213
0.692423, 0.470176
0.692673, 0.470139
0.692923, 0.470102
0.693173, 0.470065
0.693423, 0.470029
0.693673, 0.469992
0.693923, 0.469955
0.694174, 0.469919
0.694424, 0.469882
0.694674, 0.469846
0.694924, 0.46981
0.695174, 0.469774
0.695424, 0.469738
0.695674, 0.469702
0.695924, 0.469666
0.696174, 0.469631
0.696424, 0.469595
0.696674, 0.469559
0.696924, 0.469524
0.697174, 0.469489
0.697424, 0.469454
0.697674, 0.469419
0.697924, 0.469384
0.698175, 0.469349
0.698425, 0.469314
0.698675, 0.469279
0.698925, 0.469245
0.699175, 0.46921
0.699425, 0.469176
0.699675, 0.469141
0.699925, 0.469107
0.700175, 0.469073
0.700425, 0.469039
0.700675, 0.469005
0.700925, 0.468972
0.701175, 0.468938
0.701425, 0.468904
0.701675, 0.468871
0.701925, 0.468837
0.702176, 0.468804
0.702426, 0.468771
0.702676, 0.468738
0.702926, 0.468705
0.703176, 0.468672
0.703426, 0.468639
0.703676, 0.468607
0.703926, 0.468574
0.704176, 0.468542
0.704426, 0.468509
0.704676, 0.468477
0.704926, 0.468445
0.705176, 0.468413
0.705426, 0.468381
0.705676, 0.468349
0.705926, 0.468317
0.706177, 0.468285
0.706427, 0.468254
0.706677, 0.468222
0.706927, 0.468191
0.707177, 0.46816
0.707427, 0.468128
0.707677, 0.468097
0.707927, 0.468066
0.708177, 0.468035
0.708427, 0.468005
0.708677, 0.467974
0.708927, 0.467943
0.709177, 0.467913
0.709427, 0.467882
0.709677, 0.467852
0.709927, 0.467822
0.710178, 0.467792
0.710428, 0.467762
0.710678, 0.467732
0.710928, 0.467702
0.711178, 0.467673
0.711428, 0.467643
0.711678, 0.467613
0.711928, 0.467584
0.712178, 0.467555
0.712428, 0.467526
0.712678, 0.467497
0.712928, 0.467468
0.713178, 0.467439
0.713428, 0.46741
0.713678, 0.467381
0.713928, 0.467353
0.714179, 0.467324
0.714429, 0.467296
0.714679, 0.467267
0.714929, 0.467239
0.715179, 0.467211
0.715429, 0.467183
0.715679, 0.467155
0.715929, 0.467127
0.716179, 0.4671
0.716429, 0.467072
0.716679, 0.467045
0.716929, 0.467017
0.717179, 0.46699
0.717429, 0.466963
0.717679, 0.466936
0.717929, 0.466909
0.71818, 0.466882
0.71843, 0.466855
0.71868, 0.466828
0.71893, 0.466802
0.71918, 0.466775
0.71943, 0.466749
0.71968, 0.466723
0.71993, 0.466696
0.72018, 0.46667
0.72043, 0.466644
0.72068, 0.466618
0.72093, 0.466593
0.72118, 0.466567
0.72143, 0.466541
0.72168, 0.466516
0.72193, 0.46649
0.722181, 0.466465
0.722431, 0.46644
0.722681, 0.466415
0.722931, 0.46639
0.723181, 0.466365
0.723431, 0.46634
0.723681, 0.466315
0.723931, 0.466291
0.724181, 0.466266
0.724431, 0.466242
0.724681, 0.466218
0.724931, 0.466193
0.725181, 0.466169
0.725431, 0.466145
0.725681, 0.466121
0.725931, 0.466098
0.726182, 0.466074
0.726432, 0.46605
0.726682, 0.466027
0.726932, 0.466003
0.727182, 0.46598
0.727432, 0.465957
0.727682, 0.465934
0.727932, 0.465911
0.728182, 0.465888
0.728432, 0.465865
0.728682, 0.465842
0.728932, 0.46582
0.729182, 0.465797
0.729432, 0.465775
0.729682, 0.465753
0.729932, 0.46573
0.730183, 0.465708
0.730433, 0.465686
0.730683, 0.465664
0.730933, 0.465643
0.731183, 0.465621
0.731433, 0.465599
0.731683, 0.465578
0.731933, 0.465556
0.732183, 0.465535
0.732433, 0.465514
0.732683, 0.465493
0.732933, 0.465472
0.733183, 0.465451
0.733433, 0.46543
0.733683, 0.465409
0.733933, 0.465389
0.734184, 0.465368
0.734434, 0.465348
0.734684, 0.465327
0.734934, 0.465307
0.735184, 0.465287
0.735434, 0.465267
0.735684, 0.465247
0.735934, 0.465227
0.736184, 0.465208
0.736434, 0.465188
0.736684, 0.465168
0.736934, 0.465149
0.737184, 0.46513
0.737434, 0.46511
0.737684, 0.465091
0.737934, 0.465072
0.738185, 0.465053
0.738435, 0.465035
0.738685, 0.465016
0.738935, 0.464997
0.739185, 0.464979
0.739435, 0.46496
0.739685, 0.464942
0.739935, 0.464924
0.740185, 0.464906
0.740435, 0.464888
0.740685, 0.46487
0.740935, 0.464852
0.741185, 0.464834
0.741435, 0.464816
0.741685, 0.464799
0.741935, 0.464781
0.742186, 0.464764
0.742436, 0.464747
0.742686, 0.46473
0.742936, 0.464713
0.743186, 0.464696
0.743436, 0.464679
0.743686, 0.464662
0.743936, 0.464646
0.744186, 0.464629
0.744436, 0.464613
0.744686, 0.464596
0.744936, 0.46458
0.745186, 0.464564
0.745436, 0.464548
0.745686, 0.464532
0.745936, 0.464516
0.746187, 0.4645
0.746437, 0.464485
0.746687, 0.464469
0.746937, 0.464454
0.747187, 0.464438
0.747437, 0.464423
0.747687, 0.464408
0.747937, 0.464393
0.748187, 0.464378
0.748437, 0.464363
0.748687, 0.464349
0.748937, 0.464334
0.749187, 0.464319
0.749437, 0.464305
0.749687, 0.464291
0.749937, 0.464276
0.750188, 0.464262
0.750438, 0.464248
0.750688, 0.464234
0.750938, 0.46422
0.751188, 0.464207
0.751438, 0.464193
0.751688, 0.464179
0.751938, 0.464166
0.752188, 0.464153
0.752438, 0.464139
0.752688, 0.464126
0.752938, 0.464113
0.753188, 0.4641
0.753438, 0.464087
0.753688, 0.464075
0.753938, 0.464062
0.754189, 0.464049
0.754439, 0.464037
0.754689, 0.464025
0.754939, 0.464012
0.755189, 0.464
0.755439, 0.463988
0.755689, 0.463976
0.755939, 0.463964
0.756189, 0.463953
0.756439, 0.463941
0.756689, 0.463929
0.756939, 0.463918
0.757189, 0.463907
0.757439, 0.463895
0.757689, 0.463884
0.757939, 0.463873
0.75819, 0.463862
0.75844, 0.463851
0.75869, 0.46384
0.75894, 0.46383
0.75919, 0.463819
0.75944, 0.463809
0.75969, 0.463798
0.75994, 0.463788
0.76019, 0.463778
0.76044, 0.463768
0.76069, 0.463758
0.76094, 0.463748
0.76119, 0.463738
0.76144, 0.463729
0.76169, 0.463719
0.76194, 0.46371
0.762191, 0.4637
0.762441, 0.463691
0.762691, 0.463682
0.762941, 0.463673
0.763191, 0.463664
0.763441, 0.463655
0.763691, 0.463646
0.763941, 0.463637
0.764191, 0.463629
0.764441, 0.46362
0.764691, 0.463612
0.764941, 0.463604
0.765191, 0.463596
0.765441, 0.463587
0.765691, 0.463579
0.765941, 0.463572
0.766192, 0.463564
0.766442, 0.463556
0.766692, 0.463549
0.766942, 0.463541
0.767192, 0.463534
0.767442, 0.463526
0.767692, 0.463519
0.767942, 0.463512
0.768192, 0.463505
0.768442, 0.463498
0.768692, 0.463491
0.768942, 0.463485
0.769192, 0.463478
0.769442, 0.463472
0.769692, 0.463465
0.769942, 0.463459
0.770193, 0.463453
0.770443, 0.463447
0.770693, 0.463441
0.770943, 0.463435
0.771193, 0.463429
0.771443, 0.463423
0.771693, 0.463418
0.771943, 0.463412
0.772193, 0.463407
0.772443, 0.463402
0.772693, 0.463396
0.772943, 0.463391
0.773193, 0.463386
0.773443, 0.463381
0.773693, 0.463377
0.773943, 0.463372
0.774194, 0.463367
0.774444, 0.463363
0.774694, 0.463358
0.774944, 0.463354
0.775194, 0.46335
0.775444, 0.463346
0.775694, 0.463342
0.775944, 0.463338
0.776194, 0.463334
0.776444, 0.46333
0.776694, 0.463327
0.776944, 0.463323
0.777194, 0.46332
0.777444, 0.463317
0.777694, 0.463313
0.777944, 0.46331
0.778195, 0.463307
0.778445, 0.463304
0.778695, 0.463302
0.778945, 0.463299
0.779195, 0.463296
0.779445, 0.463294
0.779695, 0.463291
0.779945, 0.463289
0.780195, 0.463287
0.780445, 0.463285
0.780695, 0.463283
0.780945, 0.463281
0.781195, 0.463279
0.781445, 0.463277
0.781695, 0.463276
0.781945, 0.463274
0.782196, 0.463273
0.782446, 0.463271
0.782696, 0.46327
0.782946, 0.463269
0.783196, 0.463268
0.783446, 0.463267
0.783696, 0.463266
0.783946, 0.463265
0.784196, 0.463265
0.784446, 0.463264
0.784696, 0.463264
0.784946, 0.463264
0.785196, 0.463263
0.785446, 0.463263
0.785696, 0.463263
0.785946, 0.463263
0.786197, 0.463263
0.786447, 0.463264
0.786697, 0.463264
0.786947, 0.463265
0.787197, 0.463265
0.787447, 0.463266
0.787697, 0.463267
0.787947, 0.463267
0.788197, 0.463268
0.788447, 0.463269
0.788697, 0.463271
0.788947, 0.463272
0.789197, 0.463273
0.789447, 0.463275
0.789697, 0.463276
0.789947, 0.463278
0.790198, 0.46328
0.790448, 0.463282
0.790698, 0.463283
0.790948, 0.463286
0.791198, 0.463288
0.791448, 0.46329
0.791698, 0.463292
0.791948, 0.463295
0.792198, 0.463297
0.792448, 0.4633
0.792698, 0.463303
0.792948, 0.463306
0.793198, 0.463309
0.793448, 0.463312
0.793698, 0.463315
0.793948, 0.463318
0.794199, 0.463321
0.794449, 0.463325
0.794699, 0.463328
0.794949, 0.463332
0.795199, 0.463336
0.795449, 0.46334
0.795699, 0.463344
0.795949, 0.463348
0.796199, 0.463352
0.796449, 0.463356
0.796699, 0.46336
0.796949, 0.463365
0.797199, 0.463369
0.797449, 0.463374
0.797699, 0.463379
0.797949, 0.463384
0.7982, 0.463388
0.79845, 0.463393
0.7987, 0.463399
0.79895, 0.463404
0.7992, 0.463409
0.79945, 0.463415
0.7997, 0.46342
0.79995, 0.463426
0.8002, 0.463432
0.80045, 0.463437
0.8007, 0.463443
0.80095, 0.463449
0.8012, 0.463456
0.80145, 0.463462
0.8017, 0.463468
0.80195, 0.463474
0.802201, 0.463481
0.802451, 0.463488
0.802701, 0.463494
0.802951, 0.463501
0.803201, 0.463508
0.803451, 0.463515
0.803701, 0.463522
0.803951, 0.46353
0.804201, 0.463537
0.804451, 0.463544
0.804701, 0.463552
0.804951, 0.463559
0.805201, 0.463567
0.805451, 0.463575
0.805701, 0.463583
0.805951, 0.463591
0.806202, 0.463599
0.806452, 0.463607
0.806702, 0.463616
0.806952, 0.463624
0.807202, 0.463633
0.807452, 0.463641
0.807702, 0.46365
0.807952, 0.463659
0.808202, 0.463668
0.808452, 0.463677
0.808702, 0.463686
0.808952, 0.463695
0.809202, 0.463704
0.809452, 0.463714
0.809702, 0.463723
0.809952, 0.463733
0.810203, 0.463743
0.810453, 0.463752
0.810703, 0.463762
0.810953, 0.463772
0.811203, 0.463782
0.811453, 0.463793
0.811703, 0.463803
0.811953, 0.463813
0.812203, 0.463824
0.812453, 0.463834
0.812703, 0.463845
0.812953, 0.463856
0.813203, 0.463867
0.813453, 0.463878
0.813703, 0.463889
0.813953, 0.4639
0.814204, 0.463911
0.814454, 0.463923
0.814704, 0.463934
0.814954, 0.463946
0.815204, 0.463958
0.815454, 0.463969
0.815704, 0.463981
0.815954, 0.463993
0.816204, 0.464005
0.816454, 0.464018
0.816704, 0.46403
0.816954, 0.464042
0.817204, 0.464055
0.817454, 0.464067
0.817704, 0.46408
0.817954, 0.464093
0.818205, 0.464106
0.818455, 0.464119
0.818705, 0.464132
0.818955, 0.464145
0.819205, 0.464158
0.819455, 0.464172
0.819705, 0.464185
0.819955, 0.464199
0.820205, 0.464213
0.820455, 0.464226
0.820705, 0.46424
0.820955, 0.464254
0.821205, 0.464268
0.821455, 0.464282
0.821705, 0.464297
0.821955, 0.464311
0.822206, 0.464326
0.822456, 0.46434
0.822706, 0.464355
0.822956, 0.46437
0.823206, 0.464385
0.823456, 0.4644
0.823706, 0.464415
0.823956, 0.46443
0.824206, 0.464445
0.824456, 0.464461
0.824706, 0.464476
0.824956, 0.464492
0.825206, 0.464507
0.825456, 0.464523
0.825706, 0.464539
0.825956, 0.464555
0.826207, 0.464571
0.826457, 0.464587
0.826707, 0.464603
0.826957, 0.46462
0.827207, 0.464636
0.827457, 0.464653
0.827707, 0.46467
0.827957, 0.464686
0.828207, 0.464703
0.828457, 0.46472
0.828707, 0.464737
0.828957, 0.464754
0.829207, 0.464772
0.829457, 0.464789
0.829707, 0.464807
0.829957, 0.464824
0.830208, 0.464842
0.830458, 0.46486
0.830708, 0.464877
0.830958, 0.464895
0.831208, 0.464913
0.831458, 0.464932
0.831708, 0.46495
0.831958, 0.464968
0.832208, 0.464987
0.832458, 0.465005
0.832708, 0.465024
0.832958, 0.465043
0.833208, 0.465062
0.833458, 0.465081
0.833708, 0.4651
0.833958, 0.465119
0.834209, 0.465138
0.834459, 0.465157
0.834709, 0.465177
0.834959, 0.465196
0.835209, 0.465216
0.835459, 0.465236
0.835709, 0.465256
0.835959, 0.465276
0.836209, 0.465296
0.836459, 0.465316
0.836709, 0.465336
0.836959, 0.465356
0.837209, 0.465377
0.837459, 0.465397
0.837709, 0.465418
0.837959, 0.465439
0.83821, 0.46546
0.83846, 0.465481
0.83871, 0.465502
0.83896, 0.465523
0.83921, 0.465544
0.83946, 0.465566
0.83971, 0.465587
0.83996, 0.465609
0.84021, 0.46563
0.84046, 0.465652
0.84071, 0.465674
0.84096, 0.465696
0.84121, 0.465718
0.84146, 0.46574
0.84171, 0.465762
0.84196, 0.465785
0.842211, 0.465807
0.842461, 0.46583
0.842711, 0.465852
0.842961, 0.465875
0.843211, 0.465898
0.843461, 0.465921
0.843711, 0.465944
0.843961, 0.465967
0.844211, 0.46599
0.844461, 0.466014
0.844711, 0.466037
0.844961, 0.466061
0.845211, 0.466084
0.845461, 0.466108
0.845711, 0.466132
0.845961, 0.466156
0.846212, 0.46618
0.846462, 0.466204
0.846712, 0.466228
0.846962, 0.466253
0.847212, 0.466277
0.847462, 0.466301
0.847712, 0.466326
0.847962, 0.466351
0.848212, 0.466376
0.848462, 0.466401
0.848712, 0.466426
0.848962, 0.466451
0.849212, 0.466476
0.849462, 0.466501
0.849712, 0.466527
0.849962, 0.466552
0.850213, 0.466578
0.850463, 0.466604
0.850713, 0.46663
0.850963, 0.466656
0.851213, 0.466682
0.851463, 0.466708
0.851713, 0.466734
0.851963, 0.46676
0.852213, 0.466787
0.852463, 0.466813
0.852713, 0.46684
0.852963, 0.466867
0.853213, 0.466893
0.853463, 0.46692
0.853713, 0.466947
0.853963, 0.466975
0.854214, 0.467002
0.854464, 0.467029
0.854714, 0.467057
0.854964, 0.467084
0.855214, 0.467112
0.855464, 0.46714
0.855714, 0.467167
0.855964, 0.467195
0.856214, 0.467223
0.856464, 0.467251
0.856714, 0.46728
0.856964, 0.467308
0.857214, 0.467336
0.857464, 0.467365
0.857714, 0.467394
0.857964, 0.467422
0.858215, 0.467451
0.858465, 0.46748
0.858715, 0.467509
0.858965, 0.467538
0.859215, 0.467567
0.859465, 0.467597
0.859715, 0.467626
0.859965, 0.467656
0.860215, 0.467685
0.860465, 0.467715
0.860715, 0.467745
0.860965, 0.467775
0.861215, 0.467805
0.861465, 0.467835
0.861715, 0.467865
0.861965, 0.467896
0.862216, 0.467926
0.862466, 0.467957
0.862716, 0.467987
0.862966, 0.468018
0.863216, 0.468049
0.863466, 0.46808
0.863716, 0.468111
0.863966, 0.468142
0.864216, 0.468173
0.864466, 0.468204
0.864716, 0.468236
0.864966, 0.468267
0.865216, 0.468299
0.865466, 0.468331
0.865716, 0.468363
0.865966, 0.468394
0.866217, 0.468426
0.866467, 0.468459
0.866717, 0.468491
0.866967, 0.468523
0.867217, 0.468556
0.867467, 0.468588
0.867717, 0.468621
0.867967, 0.468653
0.868217, 0.468686
0.868467, 0.468719
0.868717, 0.468752
0.868967, 0.468785
0.869217, 0.468819
0.869467, 0.468852
0.869717, 0.468885
0.869967, 0.468919
0.870218, 0.468952
0.870468, 0.468986
0.870718, 0.46902
0.870968, 0.469054
0.871218, 0.469088
0.871468, 0.469122
0.871718, 0.469156
0.871968, 0.469191
0.872218, 0.469225
0.872468, 0.46926
0.872718, 0.469294
0.872968, 0.469329
0.873218, 0.469364
0.873468, 0.469399
0.873718, 0.469434
0.873968, 0.469469
0.874219, 0.469504
0.874469, 0.469539
0.874719, 0.469575
0.874969, 0.46961
0.875219, 0.469646
0.875469, 0.469682
0.875719, 0.469718
0.875969, 0.469753
0.876219, 0.469789
0.876469, 0.469826
0.876719, 0.469862
0.876969, 0.469898
0.877219, 0.469935
0.877469, 0.469971
0.877719, 0.470008
0.877969, 0.470044
0.87822, 0.470081
0.87847, 0.470118
0.87872, 0.470155
0.87897, 0.470192
0.87922, 0.47023
0.87947, 0.470267
0.87972, 0.470304
0.87997, 0.470342
0.88022, 0.470379
0.88047, 0.470417
0.88072, 0.470455
0.88097, 0.470493
0.88122, 0.470531
0.88147, 0.470569
0.88172, 0.470607
0.88197, 0.470646
0.882221, 0.470684
0.882471, 0.470723
0.882721, 0.470761
0.882971, 0.4708
0.883221, 0.470839
0.883471, 0.470878
0.883721, 0.470917
0.883971, 0.470956
0.884221, 0.470995
0.884471, 0.471034
0.884721, 0.471074
0.884971, 0.471113
0.885221, 0.471153
0.885471, 0.471193
0.885721, 0.471233
0.885971, 0.471273
0.886222, 0.471313
0.886472, 0.471353
0.886722, 0.471393
0.886972, 0.471433
0.887222, 0.471474
0.887472, 0.471514
0.887722, 0.471555
0.887972, 0.471596
0.888222, 0.471636
0.888472, 0.471677
0.888722, 0.471718
0.888972, 0.471759
0.889222, 0.471801
0.889472, 0.471842
0.889722, 0.471883
0.889972, 0.471925
0.890223, 0.471967
0.890473, 0.472008
0.890723, 0.47205
0.890973, 0.472092
0.891223, 0.472134
0.891473, 0.472176
0.891723, 0.472219
0.891973, 0.472261
0.892223, 0.472303
0.892473, 0.472346
0.892723, 0.472388
0.892973, 0.472431
0.893223, 0.472474
0.893473, 0.472517
0.893723, 0.47256
0.893973, 0.472603
0.894224, 0.472646
0.894474, 0.47269
0.894724, 0.472733
0.894974, 0.472777
0.895224, 0.47282
0.895474, 0.472864
0.895724, 0.472908
0.895974, 0.472952
0.896224, 0.472996
0.896474, 0.47304
0.896724, 0.473084
0.896974, 0.473129
0.897224, 0.473173
0.897474, 0.473218
0.897724, 0.473262
0.897974, 0.473307
0.898225, 0.473352
0.898475, 0.473397
0.898725, 0.473442
0.898975, 0.473487
0.899225, 0.473532
0.899475, 0.473578
0.899725, 0.473623
0.899975, 0.473669
0.900225, 0.473714
0.900475, 0.47376
0.900725, 0.473806
0.900975, 0.473852
0.901225, 0.473898
0.901475, 0.473944
0.901725, 0.47399
0.901975, 0.474036
0.902226, 0.474083
0.902476, 0.474129
0.902726, 0.474176
0.902976, 0.474223
0.903226, 0.47427
0.903476, 0.474317
0.903726, 0.474364
0.903976, 0.474411
0.904226, 0.474458
0.904476, 0.474506
0.904726, 0.474553
0.904976, 0.474601
0.905226, 0.474648
0.905476, 0.474696
0.905726, 0.474744
0.905976, 0.474792
0.906227, 0.47484
0.906477, 0.474888
0.906727, 0.474936
0.906977, 0.474985
0.907227, 0.475033
0.907477, 0.475082
0.907727, 0.47513
0.907977, 0.475179
0.908227, 0.475228
0.908477, 0.475277
0.908727, 0.475326
0.908977, 0.475375
0.909227, 0.475424
0.909477, 0.475474
0.909727, 0.475523
0.909977, 0.475573
0.910228, 0.475622
0.910478, 0.475672
0.910728, 0.475722
0.910978, 0.475772
0.911228, 0.475822
0.911478, 0.475872
0.911728, 0.475922
0.911978, 0.475973
0.912228, 0.476023
0.912478, 0.476074
0.912728, 0.476125
0.912978, 0.476175
0.913228, 0.476226
0.913478, 0.476277
0.913728, 0.476328
0.913978, 0.476379
0.914229, 0.476431
0.914479, 0.476482
0.914729, 0.476534
0.914979, 0.476585
0.915229, 0.476637
0.915479, 0.476689
0.915729, 0.47674
0.915979, 0.476792
0.916229, 0.476845
0.916479, 0.476897
0.916729, 0.476949
0.916979, 0.477001
0.917229, 0.477054
0.917479, 0.477106
0.917729, 0.477159
0.917979, 0.477212
0.91823, 0.477265
0.91848, 0.477318
0.91873, 0.477371
0.91898, 0.477424
0.91923, 0.477477
0.91948, 0.477531
0.91973, 0.477584
0.91998, 0.477638
0.92023, 0.477692
0.92048, 0.477745
0.92073, 0.477799
0.92098, 0.477853
0.92123, 0.477907
0.92148, 0.477962
0.92173, 0.478016
0.92198, 0.47807
0.922231, 0.478125
0.922481, 0.478179
0.922731, 0.478234
0.922981, 0.478289
0.923231, 0.478344
0.923481, 0.478399
0.923731, 0.478454
0.923981, 0.478509
0.924231, 0.478564
0.924481, 0.47862
0.924731, 0.478675
0.924981, 0.478731
0.925231, 0.478787
0.925481, 0.478842
0.925731, 0.478898
0.925981, 0.478954
0.926232, 0.479011
0.926482, 0.479067
0.926732, 0.479123
0.926982, 0.479179
0.927232, 0.479236
0.927482, 0.479293
0.927732, 0.479349
0.927982, 0.479406
0.928232, 0.479463
0.928482, 0.47952
0.928732, 0.479577
0.928982, 0.479634
0.929232, 0.479692
0.929482, 0.479749
0.929732, 0.479807
0.929982, 0.479864
0.930233, 0.479922
0.930483, 0.47998
0.930733, 0.480038
0.930983, 0.480096
0.931233, 0.480154
0.931483, 0.480212
0.931733, 0.480271
0.931983, 0.480329
0.932233, 0.480388
0.932483, 0.480446
0.932733, 0.480505
0.932983, 0.480564
0.933233, 0.480623
0.933483, 0.480682
0.933733, 0.480741
0.933983, 0.4808
0.934234, 0.48086
0.934484, 0.480919
0.934734, 0.480979
0.934984, 0.481038
0.935234, 0.481098
0.935484, 0.481158
0.935734, 0.481218
0.935984, 0.481278
0.936234, 0.481338
0.936484, 0.481398
0.936734, 0.481459
0.936984, 0.481519
0.937234, 0.48158
0.937484, 0.48164
0.937734, 0.481701
0.937984, 0.481762
0.938235, 0.481823
0.938485, 0.481884
0.938735, 0.481945
0.938985, 0.482006
0.939235, 0.482068
0.939485, 0.482129
0.939735, 0.482191
0.939985, 0.482253
0.940235, 0.482314
0.940485, 0.482376
0.940735, 0.482438
0.940985, 0.4825
0.941235, 0.482562
0.941485, 0.482625
0.941735, 0.482687
0.941985, 0.48275
0.942236, 0.482812
0.942486, 0.482875
0.942736, 0.482938
0.942986, 0.483001
0.943236, 0.483064
0.943486, 0.483127
0.943736, 0.48319
0.943986, 0.483253
0.944236, 0.483317
0.944486, 0.48338
0.944736, 0.483444
0.944986, 0.483507
0.945236, 0.483571
0.945486, 0.483635
0.945736, 0.483699
0.945986, 0.483763
0.946237, 0.483827
0.946487, 0.483892
0.946737, 0.483956
0.946987, 0.484021
0.947237, 0.484085
0.947487, 0.48415
0.947737, 0.484215
0.947987, 0.48428
0.948237, 0.484345
0.948487, 0.48441
0.948737, 0.484475
0.948987, 0.48454
0.949237, 0.484606
0.949487, 0.484671
0.949737, 0.484737
0.949987, 0.484803
0.950238, 0.484869
0.950488, 0.484934
0.950738, 0.485001
0.950988, 0.485067
0.951238, 0.485133
0.951488, 0.485199
0.951738, 0.485266
0.951988, 0.485332
0.952238, 0.485399
0.952488, 0.485466
0.952738, 0.485532
0.952988, 0.485599
0.953238, 0.485666
0.953488, 0.485734
0.953738, 0.485801
0.953988, 0.485868
0.954239, 0.485936
0.954489, 0.486003
0.954739, 0.486071
0.954989, 0.486139
0.955239, 0.486207
0.955489, 0.486275
0.955739, 0.486343
0.955989, 0.486411
0.956239, 0.486479
0.956489, 0.486547
0.956739, 0.486616
0.956989, 0.486684
0.957239, 0.486753
0.957489, 0.486822
0.957739, 0.486891
0.957989, 0.48696
0.95824, 0.487029
0.95849, 0.487098
0.95874, 0.487167
0.95899, 0.487237
0.95924, 0.487306
0.95949, 0.487376
0.95974, 0.487446
0.95999, 0.487515
0.96024, 0.487585
0.96049, 0.487655
0.96074, 0.487725
0.96099, 0.487796
0.96124, 0.487866
0.96149, 0.487936
0.96174, 0.488007
0.96199, 0.488077
0.962241, 0.488148
0.962491, 0.488219
0.962741, 0.48829
0.962991, 0.488361
0.963241, 0.488432
0.963491, 0.488503
0.963741, 0.488575
0.963991, 0.488646
0.964241, 0.488718
0.964491, 0.488789
0.964741, 0.488861
0.964991, 0.488933
0.965241, 0.489005
0.965491, 0.489077
0.965741, 0.489149
0.965991, 0.489221
0.966242, 0.489293
0.966492, 0.489366
0.966742, 0.489439
0.966992, 0.489511
0.967242, 0.489584
0.967492, 0.489657
0.967742, 0.48973
0.967992, 0.489803
0.968242, 0.489876
0.968492, 0.489949
0.968742, 0.490023
0.968992, 0.490096
0.969242, 0.49017
0.969492, 0.490243
0.969742, 0.490317
0.969992, 0.490391
0.970243, 0.490465
0.970493, 0.490539
0.970743, 0.490613
0.970993, 0.490687
0.971243, 0.490762
0.971493, 0.490836
0.971743, 0.490911
0.971993, 0.490986
0.972243, 0.49106
0.972493, 0.491135
0.972743, 0.49121
0.972993, 0.491285
0.973243, 0.491361
0.973493, 0.491436
0.973743, 0.491511
0.973993, 0.491587
0.974244, 0.491663
0.974494, 0.491738
0.974744, 0.491814
0.974994, 0.49189
0.975244, 0.491966
0.975494, 0.492042
0.975744, 0.492118
0.975994, 0.492195
0.976244, 0.492271
0.976494, 0.492348
0.976744, 0.492424
0.976994, 0.492501
0.977244, 0.492578
0.977494, 0.492655
0.977744, 0.492732
0.977994, 0.492809
0.978245, 0.492886
0.978495, 0.492964
0.978745, 0.493041
0.978995, 0.493119
0.979245, 0.493196
0.979495, 0.493274
0.979745, 0.493352
0.979995, 0.49343
0.980245, 0.493508
0.980495, 0.493586
0.980745, 0.493664
0.980995, 0.493743
0.981245, 0.493821
0.981495, 0.4939
0.981745, 0.493979
0.981995, 0.494057
0.982246, 0.494136
0.982496, 0.494215
0.982746, 0.494294
0.982996, 0.494374
0.983246, 0.494453
0.983496, 0.494532
0.983746, 0.494612
0.983996, 0.494691
0.984246, 0.494771
0.984496, 0.494851
0.984746, 0.494931
0.984996, 0.495011
0.985246, 0.495091
0.985496, 0.495171
0.985746, 0.495251
0.985996, 0.495332
0.986247, 0.495412
0.986497, 0.495493
0.986747, 0.495574
0.986997, 0.495655
0.987247, 0.495736
0.987497, 0.495817
0.987747, 0.495898
0.987997, 0.495979
0.988247, 0.49606
0.988497, 0.496142
0.988747, 0.496223
0.988997, 0.496305
0.989247, 0.496387
0.989497, 0.496469
0.989747, 0.496551
0.989997, 0.496633
0.990248, 0.496715
0.990498, 0.496797
0.990748, 0.49688
0.990998, 0.496962
0.991248, 0.497045
0.991498, 0.497127
0.991748, 0.49721
0.991998, 0.497293
0.992248, 0.497376
0.992498, 0.497459
0.992748, 0.497542
0.992998, 0.497626
0.993248, 0.497709
0.993498, 0.497793
0.993748, 0.497876
0.993998, 0.49796
0.994249, 0.498044
0.994499, 0.498128
0.994749, 0.498212
0.994999, 0.498296
0.995249, 0.49838
0.995499, 0.498464
0.995749, 0.498549
0.995999, 0.498633
0.996249, 0.498718
0.996499, 0.498803
0.996749, 0.498888
0.996999, 0.498973
0.997249, 0.499058
0.997499, 0.499143
0.997749, 0.499228
0.997999, 0.499313
0.99825, 0.499399
0.9985, 0.499484
0.99875, 0.49957
0.999, 0.499656
0.99925, 0.499742
0.9995, 0.499828
0.99975, 0.499914
1, 0.5

