0, 1
0.000250063, 0.999586
0.000500125, 0.999173
0.000750188, 0.998759
0.00100025, 0.998346
0.00125031, 0.997933
0.00150038, 0.99752
0.00175044, 0.997107
0.0020005, 0.996694
0.00225056, 0.996282
0.00250063, 0.99587
0.00275069, 0.995457
0.00300075, 0.995045
0.00325081, 0.994634
0.00350088, 0.994222
0.00375094, 0.993811
0.004001, 0.993399
0.00425106, 0.992988
0.00450113, 0.992577
0.00475119, 0.992167
0.00500125, 0.991756
0.00525131, 0.991346
0.00550138, 0.990935
0.00575144, 0.990525
0.0060015, 0.990115
0.00625156, 0.989706
0.00650163, 0.989296
0.00675169, 0.988887
0.00700175, 0.988477
0.00725181, 0.988068
0.00750188, 0.987659
0.00775194, 0.987251
0.008002, 0.986842
0.00825206, 0.986434
0.00850213, 0.986025
0.00875219, 0.985617
0.00900225, 0.985209
0.00925231, 0.984802
0.00950238, 0.984394
0.00975244, 0.983987
0.0100025, 0.983579
0.0102526, 0.983172
0.0105026, 0.982765
0.0107527, 0.982359
0.0110028, 0.981952
0.0112528, 0.981546
0.0115029, 0.98114
0.0117529, 0.980733
0.012003, 0.980328
0.0122531, 0.979922
0.0125031, 0.979516
0.0127532, 0.979111
0.0130033, 0.978706
0.0132533, 0.978301
0.0135034, 0.977896
0.0137534, 0.977491
0.0140035, 0.977086
0.0142536, 0.976682
0.0145036, 0.976278
0.0147537, 0.975874
0.0150038, 0.97547
0.0152538, 0.975066
0.0155039, 0.974662
0.0157539, 0.974259
0.016004, 0.973856
0.0162541, 0.973453
0.0165041, 0.97305
0.0167542, 0.972647
0.0170043, 0.972244
0.0172543, 0.971842
0.0175044, 0.97144
0.0177544, 0.971038
0.0180045, 0.970636
0.0182546, 0.970234
0.0185046, 0.969832
0.0187547, 0.969431
0.0190048, 0.96903
0.0192548, 0.968629
0.0195049, 0.968228
0.0197549, 0.967827
0.020005, 0.967426
0.0202551, 0.967026
0.0205051, 0.966626
0.0207552, 0.966226
0.0210053, 0.965826
0.0212553, 0.965426
0.0215054, 0.965026
0.0217554, 0.964627
0.0220055, 0.964228
0.0222556, 0.963828
0.0225056, 0.963429
0.0227557, 0.963031
0.0230058, 0.962632
0.0232558, 0.962234
0.0235059, 0.961835
0.0237559, 0.961437
0.024006, 0.961039
0.0242561, 0.960641
0.0245061, 0.960244
0.0247562, 0.959846
0.0250063, 0.959449
0.0252563, 0.959052
0.0255064, 0.958655
0.0257564, 0.958258
0.0260065, 0.957861
0.0262566, 0.957465
0.0265066, 0.957068
0.0267567, 0.956672
0.0270068, 0.956276
0.0272568, 0.95588
0.0275069, 0.955485
0.0277569, 0.955089
0.028007, 0.954694
0.0282571, 0.954299
0.0285071, 0.953903
0.0287572, 0.953509
0.0290073, 0.953114
0.0292573, 0.952719
0.0295074, 0.952325
0.0297574, 0.951931
0.0300075, 0.951537
0.0302576, 0.951143
0.0305076, 0.950749
0.0307577, 0.950355
0.0310078, 0.949962
0.0312578, 0.949569
0.0315079, 0.949176
0.0317579, 0.948783
0.032008, 0.94839
0.0322581, 0.947997
0.0325081, 0.947605
0.0327582, 0.947213
0.0330083, 0.94682
0.0332583, 0.946428
0.0335084, 0.946037
0.0337584, 0.945645
0.0340085, 0.945254
0.0342586, 0.944862
0.0345086, 0.944471
0.0347587, 0.94408
0.0350088, 0.943689
0.0352588, 0.943299
0.0355089, 0.942908
0.0357589, 0.942518
0.036009, 0.942127
0.0362591, 0.941737
0.0365091, 0.941348
0.0367592, 0.940958
0.0370093, 0.940568
0.0372593, 0.940179
0.0375094, 0.93979
0.0377594, 0.939401
0.0380095, 0.939012
0.0382596, 0.938623
0.0385096, 0.938234
0.0387597, 0.937846
0.0390098, 0.937458
0.0392598, 0.937069
0.0395099, 0.936681
0.0397599, 0.936294
0.04001, 0.935906
0.0402601, 0.935519
0.0405101, 0.935131
0.0407602, 0.934744
0.0410103, 0.934357
0.0412603, 0.93397
0.0415104, 0.933583
0.0417604, 0.933197
0.0420105, 0.932811
0.0422606, 0.932424
0.0425106, 0.932038
0.0427607, 0.931652
0.0430108, 0.931267
0.0432608, 0.930881
0.0435109, 0.930496
0.0437609, 0.93011
0.044011, 0.929725
0.0442611, 0.92934
0.0445111, 0.928956
0.0447612, 0.928571
0.0450113, 0.928187
0.0452613, 0.927802
0.0455114, 0.927418
0.0457614, 0.927034
0.0460115, 0.92665
0.0462616, 0.926267
0.0465116, 0.925883
0.0467617, 0.9255
0.0470118, 0.925117
0.0472618, 0.924734
0.0475119, 0.924351
0.0477619, 0.923968
0.048012, 0.923585
0.0482621, 0.923203
0.0485121, 0.922821
0.0487622, 0.922439
0.0490123, 0.922057
0.0492623, 0.921675
0.0495124, 0.921293
0.0497624, 0.920912
0.0500125, 0.92053
0.0502626, 0.920149
0.0505126, 0.919768
0.0507627, 0.919387
0.0510128, 0.919007
0.0512628, 0.918626
0.0515129, 0.918246
0.0517629, 0.917866
0.052013, 0.917486
0.0522631, 0.917106
0.0525131, 0.916726
0.0527632, 0.916346
0.0530133, 0.915967
0.0532633, 0.915588
0.0535134, 0.915209
0.0537634, 0.91483
0.0540135, 0.914451
0.0542636, 0.914072
0.0545136, 0.913694
0.0547637, 0.913315
0.0550138, 0.912937
0.0552638, 0.912559
0.0555139, 0.912181
0.0557639, 0.911803
0.056014, 0.911426
0.0562641, 0.911049
0.0565141, 0.910671
0.0567642, 0.910294
0.0570143, 0.909917
0.0572643, 0.90954
0.0575144, 0.909164
0.0577644, 0.908787
0.0580145, 0.908411
0.0582646, 0.908035
0.0585146, 0.907659
0.0587647, 0.907283
0.0590148, 0.906907
0.0592648, 0.906532
0.0595149, 0.906156
0.0597649, 0.905781
0.060015, 0.905406
0.0602651, 0.905031
0.0605151, 0.904656
0.0607652, 0.904282
0.0610153, 0.903907
0.0612653, 0.903533
0.0615154, 0.903159
0.0617654, 0.902785
0.0620155, 0.902411
0.0622656, 0.902037
0.0625156, 0.901664
0.0627657, 0.90129
0.0630158, 0.900917
0.0632658, 0.900544
0.0635159, 0.900171
0.0637659, 0.899798
0.064016, 0.899426
0.0642661, 0.899053
0.0645161, 0.898681
0.0647662, 0.898309
0.0650163, 0.897937
0.0652663, 0.897565
0.0655164, 0.897193
0.0657664, 0.896822
0.0660165, 0.89645
0.0662666, 0.896079
0.0665166, 0.895708
0.0667667, 0.895337
0.0670168, 0.894966
0.0672668, 0.894596
0.0675169, 0.894225
0.0677669, 0.893855
0.068017, 0.893485
0.0682671, 0.893115
0.0685171, 0.892745
0.0687672, 0.892375
0.0690173, 0.892006
0.0692673, 0.891636
0.0695174, 0.891267
0.0697674, 0.890898
0.0700175, 0.890529
0.0702676, 0.89016
0.0705176, 0.889792
0.0707677, 0.889423
0.0710178, 0.889055
0.0712678, 0.888687
0.0715179, 0.888319
0.0717679, 0.887951
0.072018, 0.887583
0.0722681, 0.887216
0.0725181, 0.886848
0.0727682, 0.886481
0.0730183, 0.886114
0.0732683, 0.885747
0.0735184, 0.88538
0.0737684, 0.885013
0.0740185, 0.884647
0.0742686, 0.88428
0.0745186, 0.883914
0.0747687, 0.883548
0.0750188, 0.883182
0.0752688, 0.882817
0.0755189, 0.882451
0.0757689, 0.882086
0.076019, 0.88172
0.0762691, 0.881355
0.0765191, 0.88099
0.0767692, 0.880625
0.0770193, 0.880261
0.0772693, 0.879896
0.0775194, 0.879532
0.0777694, 0.879167
0.0780195, 0.878803
0.0782696, 0.878439
0.0785196, 0.878076
0.0787697, 0.877712
0.0790198, 0.877348
0.0792698, 0.876985
0.0795199, 0.876622
0.0797699, 0.876259
0.08002, 0.875896
0.0802701, 0.875533
0.0805201, 0.875171
0.0807702, 0.874808
0.0810203, 0.874446
0.0812703, 0.874084
0.0815204, 0.873722
0.0817704, 0.87336
0.0820205, 0.872998
0.0822706, 0.872637
0.0825206, 0.872275
0.0827707, 0.871914
0.0830208, 0.871553
0.0832708, 0.871192
0.0835209, 0.870831
0.0837709, 0.870471
0.084021, 0.87011
0.0842711, 0.86975
0.0845211, 0.86939
0.0847712, 0.86903
0.0850213, 0.86867
0.0852713, 0.86831
0.0855214, 0.86795
0.0857714, 0.867591
0.0860215, 0.867232
0.0862716, 0.866872
0.0865216, 0.866513
0.0867717, 0.866155
0.0870218, 0.865796
0.0872718, 0.865437
0.0875219, 0.865079
0.0877719, 0.864721
0.088022, 0.864363
0.0882721, 0.864005
0.0885221, 0.863647
0.0887722, 0.863289
0.0890223, 0.862932
0.0892723, 0.862574
0.0895224, 0.862217
0.0897724, 0.86186
0.0900225, 0.861503
0.0902726, 0.861146
0.0905226, 0.86079
0.0907727, 0.860433
0.0910228, 0.860077
0.0912728, 0.859721
0.0915229, 0.859365
0.0917729, 0.859009
0.092023, 0.858653
0.0922731, 0.858297
0.0925231, 0.857942
0.0927732, 0.857587
0.0930233, 0.857231
0.0932733, 0.856876
0.0935234, 0.856522
0.0937734, 0.856167
0.0940235, 0.855812
0.0942736, 0.855458
0.0945236, 0.855104
0.0947737, 0.85475
0.0950238, 0.854396
0.0952738, 0.854042
0.0955239, 0.853688
0.0957739, 0.853335
0.096024, 0.852981
0.0962741, 0.852628
0.0965241, 0.852275
0.0967742, 0.851922
0.0970243, 0.851569
0.0972743, 0.851216
0.0975244, 0.850864
0.0977744, 0.850512
0.0980245, 0.850159
0.0982746, 0.849807
0.0985246, 0.849455
0.0987747, 0.849104
0.0990248, 0.848752
0.0992748, 0.8484
0.0995249, 0.848049
0.0997749, 0.847698
0.100025, 0.847347
0.100275, 0.846996
0.100525, 0.846645
0.100775, 0.846295
0.101025, 0.845944
0.101275, 0.845594
0.101525, 0.845244
0.101775, 0.844894
0.102026, 0.844544
0.102276, 0.844194
0.102526, 0.843844
0.102776, 0.843495
0.103026, 0.843146
0.103276, 0.842797
0.103526, 0.842448
0.103776, 0.842099
0.104026, 0.84175
0.104276, 0.841401
0.104526, 0.841053
0.104776, 0.840705
0.105026, 0.840357
0.105276, 0.840009
0.105526, 0.839661
0.105776, 0.839313
0.106027, 0.838965
0.106277, 0.838618
0.106527, 0.838271
0.106777, 0.837924
0.107027, 0.837577
0.107277, 0.83723
0.107527, 0.836883
0.107777, 0.836537
0.108027, 0.83619
0.108277, 0.835844
0.108527, 0.835498
0.108777, 0.835152
0.109027, 0.834806
0.109277, 0.83446
0.109527, 0.834115
0.109777, 0.833769
0.110028, 0.833424
0.110278, 0.833079
0.110528, 0.832734
0.110778, 0.832389
0.111028, 0.832045
0.111278, 0.8317
0.111528, 0.831356
0.111778, 0.831012
0.112028, 0.830667
0.112278, 0.830323
0.112528, 0.82998
0.112778, 0.829636
0.113028, 0.829292
0.113278, 0.828949
0.113528, 0.828606
0.113778, 0.828263
0.114029, 0.82792
0.114279, 0.827577
0.114529, 0.827234
0.114779, 0.826892
0.115029, 0.826549
0.115279, 0.826207
0.115529, 0.825865
0.115779, 0.825523
0.116029, 0.825181
0.116279, 0.82484
0.116529, 0.824498
0.116779, 0.824157
0.117029, 0.823816
0.117279, 0.823474
0.117529, 0.823134
0.117779, 0.822793
0.11803, 0.822452
0.11828, 0.822111
0.11853, 0.821771
0.11878, 0.821431
0.11903, 0.821091
0.11928, 0.820751
0.11953, 0.820411
0.11978, 0.820071
0.12003, 0.819732
0.12028, 0.819392
0.12053, 0.819053
0.12078, 0.818714
0.12103, 0.818375
0.12128, 0.818036
0.12153, 0.817698
0.12178, 0.817359
0.122031, 0.817021
0.122281, 0.816682
0.122531, 0.816344
0.122781, 0.816006
0.123031, 0.815669
0.123281, 0.815331
0.123531, 0.814993
0.123781, 0.814656
0.124031, 0.814319
0.124281, 0.813981
0.124531, 0.813644
0.124781, 0.813308
0.125031, 0.812971
0.125281, 0.812634
0.125531, 0.812298
0.125781, 0.811962
0.126032, 0.811626
0.126282, 0.81129
0.126532, 0.810954
0.126782, 0.810618
0.127032, 0.810282
0.127282, 0.809947
0.127532, 0.809612
0.127782, 0.809277
0.128032, 0.808942
0.128282, 0.808607
0.128532, 0.808272
0.128782, 0.807937
0.129032, 0.807603
0.129282, 0.807269
0.129532, 0.806934
0.129782, 0.8066
0.130033, 0.806266
0.130283, 0.805933
0.130533, 0.805599
0.130783, 0.805266
0.131033, 0.804932
0.131283, 0.804599
0.131533, 0.804266
0.131783, 0.803933
0.132033, 0.8036
0.132283, 0.803268
0.132533, 0.802935
0.132783, 0.802603
0.133033, 0.802271
0.133283, 0.801939
0.133533, 0.801607
0.133783, 0.801275
0.134034, 0.800943
0.134284, 0.800612
0.134534, 0.80028
0.134784, 0.799949
0.135034, 0.799618
0.135284, 0.799287
0.135534, 0.798956
0.135784, 0.798626
0.136034, 0.798295
0.136284, 0.797965
0.136534, 0.797634
0.136784, 0.797304
0.137034, 0.796974
0.137284, 0.796644
0.137534, 0.796315
0.137784, 0.795985
0.138035, 0.795656
0.138285, 0.795326
0.138535, 0.794997
0.138785, 0.794668
0.139035, 0.794339
0.139285, 0.794011
0.139535, 0.793682
0.139785, 0.793354
0.140035, 0.793025
0.140285, 0.792697
0.140535, 0.792369
0.140785, 0.792041
0.141035, 0.791713
0.141285, 0.791386
0.141535, 0.791058
0.141785, 0.790731
0.142036, 0.790404
0.142286, 0.790077
0.142536, 0.78975
0.142786, 0.789423
0.143036, 0.789096
0.143286, 0.78877
0.143536, 0.788443
0.143786, 0.788117
0.144036, 0.787791
0.144286, 0.787465
0.144536, 0.787139
0.144786, 0.786813
0.145036, 0.786488
0.145286, 0.786162
0.145536, 0.785837
0.145786, 0.785512
0.146037, 0.785187
0.146287, 0.784862
0.146537, 0.784537
0.146787, 0.784213
0.147037, 0.783888
0.147287, 0.783564
0.147537, 0.78324
0.147787, 0.782916
0.148037, 0.782592
0.148287, 0.782268
0.148537, 0.781944
0.148787, 0.781621
0.149037, 0.781297
0.149287, 0.780974
0.149537, 0.780651
0.149787, 0.780328
0.150038, 0.780005
0.150288, 0.779682
0.150538, 0.77936
0.150788, 0.779037
0.151038, 0.778715
0.151288, 0.778393
0.151538, 0.778071
0.151788, 0.777749
0.152038, 0.777427
0.152288, 0.777106
0.152538, 0.776784
0.152788, 0.776463
0.153038, 0.776142
0.153288, 0.775821
0.153538, 0.7755
0.153788, 0.775179
0.154039, 0.774858
0.154289, 0.774538
0.154539, 0.774217
0.154789, 0.773897
0.155039, 0.773577
0.155289, 0.773257
0.155539, 0.772937
0.155789, 0.772618
0.156039, 0.772298
0.156289, 0.771979
0.156539, 0.771659
0.156789, 0.77134
0.157039, 0.771021
0.157289, 0.770702
0.157539, 0.770383
0.157789, 0.770065
0.15804, 0.769746
0.15829, 0.769428
0.15854, 0.76911
0.15879, 0.768792
0.15904, 0.768474
0.15929, 0.768156
0.15954, 0.767838
0.15979, 0.767521
0.16004, 0.767203
0.16029, 0.766886
0.16054, 0.766569
0.16079, 0.766252
0.16104, 0.765935
0.16129, 0.765618
0.16154, 0.765302
0.16179, 0.764985
0.162041, 0.764669
0.162291, 0.764353
0.162541, 0.764037
0.162791, 0.763721
0.163041, 0.763405
0.163291, 0.763089
0.163541, 0.762774
0.163791, 0.762458
0.164041, 0.762143
0.164291, 0.761828
0.164541, 0.761513
0.164791, 0.761198
0.165041, 0.760883
0.165291, 0.760569
0.165541, 0.760254
0.165791, 0.75994
0.166042, 0.759626
0.166292, 0.759312
0.166542, 0.758998
0.166792, 0.758684
0.167042, 0.75837
0.167292, 0.758057
0.167542, 0.757743
0.167792, 0.75743
0.168042, 0.757117
0.168292, 0.756804
0.168542, 0.756491
0.168792, 0.756179
0.169042, 0.755866
0.169292, 0.755553
0.169542, 0.755241
0.169792, 0.754929
0.170043, 0.754617
0.170293, 0.754305
0.170543, 0.753993
0.170793, 0.753682
0.171043, 0.75337
0.171293, 0.753059
0.171543, 0.752747
0.171793, 0.752436
0.172043, 0.752125
0.172293, 0.751814
0.172543, 0.751504
0.172793, 0.751193
0.173043, 0.750883
0.173293, 0.750572
0.173543, 0.750262
0.173793, 0.749952
0.174044, 0.749642
0.174294, 0.749332
0.174544, 0.749023
0.174794, 0.748713
0.175044, 0.748404
0.175294, 0.748094
0.175544, 0.747785
0.175794, 0.747476
0.176044, 0.747167
0.176294, 0.746859
0.176544, 0.74655
0.176794, 0.746242
0.177044, 0.745933
0.177294, 0.745625
0.177544, 0.745317
0.177794, 0.745009
0.178045, 0.744701
0.178295, 0.744393
0.178545, 0.744086
0.178795, 0.743779
0.179045, 0.743471
0.179295, 0.743164
0.179545, 0.742857
0.179795, 0.74255
0.180045, 0.742243
0.180295, 0.741937
0.180545, 0.74163
0.180795, 0.741324
0.181045, 0.741018
0.181295, 0.740711
0.181545, 0.740406
0.181795, 0.7401
0.182046, 0.739794
0.182296, 0.739488
0.182546, 0.739183
0.182796, 0.738878
0.183046, 0.738572
0.183296, 0.738267
0.183546, 0.737962
0.183796, 0.737658
0.184046, 0.737353
0.184296, 0.737048
0.184546, 0.736744
0.184796, 0.73644
0.185046, 0.736136
0.185296, 0.735832
0.185546, 0.735528
0.185796, 0.735224
0.186047, 0.73492
0.186297, 0.734617
0.186547, 0.734313
0.186797, 0.73401
0.187047, 0.733707
0.187297, 0.733404
0.187547, 0.733101
0.187797, 0.732799
0.188047, 0.732496
0.188297, 0.732193
0.188547, 0.731891
0.188797, 0.731589
0.189047, 0.731287
0.189297, 0.730985
0.189547, 0.730683
0.189797, 0.730382
0.190048, 0.73008
0.190298, 0.729779
0.190548, 0.729477
0.190798, 0.729176
0.191048, 0.728875
0.191298, 0.728574
0.191548, 0.728273
0.191798, 0.727973
0.192048, 0.727672
0.192298, 0.727372
0.192548, 0.727072
0.192798, 0.726772
0.193048, 0.726472
0.193298, 0.726172
0.193548, 0.725872
0.193798, 0.725572
0.194049, 0.725273
0.194299, 0.724974
0.194549, 0.724674
0.194799, 0.724375
0.195049, 0.724076
0.195299, 0.723777
0.195549, 0.723479
0.195799, 0.72318
0.196049, 0.722882
0.196299, 0.722583
0.196549, 0.722285
0.196799, 0.721987
0.197049, 0.721689
0.197299, 0.721391
0.197549, 0.721094
0.197799, 0.720796
0.19805, 0.720499
0.1983, 0.720202
0.19855, 0.719904
0.1988, 0.719607
0.19905, 0.719311
0.1993, 0.719014
0.19955, 0.718717
0.1998, 0.718421
0.20005, 0.718124
0.2003, 0.717828
0.20055, 0.717532
0.2008, 0.717236
0.20105, 0.71694
0.2013, 0.716644
0.20155, 0.716349
0.2018, 0.716053
0.202051, 0.715758
0.202301, 0.715463
0.202551, 0.715167
0.202801, 0.714872
0.203051, 0.714578
0.203301, 0.714283
0.203551, 0.713988
0.203801, 0.713694
0.204051, 0.713399
0.204301, 0.713105
0.204551, 0.712811
0.204801, 0.712517
0.205051, 0.712223
0.205301, 0.71193
0.205551, 0.711636
0.205801, 0.711343
0.206052, 0.711049
0.206302, 0.710756
0.206552, 0.710463
0.206802, 0.71017
0.207052, 0.709877
0.207302, 0.709585
0.207552, 0.709292
0.207802, 0.709
0.208052, 0.708707
0.208302, 0.708415
0.208552, 0.708123
0.208802, 0.707831
0.209052, 0.70754
0.209302, 0.707248
0.209552, 0.706956
0.209802, 0.706665
0.210053, 0.706374
0.210303, 0.706082
0.210553, 0.705791
0.210803, 0.705501
0.211053, 0.70521
0.211303, 0.704919
0.211553, 0.704629
0.211803, 0.704338
0.212053, 0.704048
0.212303, 0.703758
0.212553, 0.703468
0.212803, 0.703178
0.213053, 0.702888
0.213303, 0.702598
0.213553, 0.702309
0.213803, 0.70202
0.214054, 0.70173
0.214304, 0.701441
0.214554, 0.701152
0.214804, 0.700863
0.215054, 0.700574
0.215304, 0.700286
0.215554, 0.699997
0.215804, 0.699709
0.216054, 0.699421
0.216304, 0.699133
0.216554, 0.698845
0.216804, 0.698557
0.217054, 0.698269
0.217304, 0.697981
0.217554, 0.697694
0.217804, 0.697406
0.218055, 0.697119
0.218305, 0.696832
0.218555, 0.696545
0.218805, 0.696258
0.219055, 0.695972
0.219305, 0.695685
0.219555, 0.695398
0.219805, 0.695112
0.220055, 0.694826
0.220305, 0.69454
0.220555, 0.694254
0.220805, 0.693968
0.221055, 0.693682
0.221305, 0.693396
0.221555, 0.693111
0.221805, 0.692826
0.222056, 0.69254
0.222306, 0.692255
0.222556, 0.69197
0.222806, 0.691685
0.223056, 0.691401
0.223306, 0.691116
0.223556, 0.690832
0.223806, 0.690547
0.224056, 0.690263
0.224306, 0.689979
0.224556, 0.689695
0.224806, 0.689411
0.225056, 0.689127
0.225306, 0.688844
0.225556, 0.68856
0.225806, 0.688277
0.226057, 0.687993
0.226307, 0.68771
0.226557, 0.687427
0.226807, 0.687144
0.227057, 0.686862
0.227307, 0.686579
0.227557, 0.686297
0.227807, 0.686014
0.228057, 0.685732
0.228307, 0.68545
0.228557, 0.685168
0.228807, 0.684886
0.229057, 0.684604
0.229307, 0.684323
0.229557, 0.684041
0.229807, 0.68376
0.230058, 0.683478
0.230308, 0.683197
0.230558, 0.682916
0.230808, 0.682635
0.231058, 0.682355
0.231308, 0.682074
0.231558, 0.681793
0.231808, 0.681513
0.232058, 0.681233
0.232308, 0.680953
0.232558, 0.680673
0.232808, 0.680393
0.233058, 0.680113
0.233308, 0.679833
0.233558, 0.679554
0.233808, 0.679274
0.234059, 0.678995
0.234309, 0.678716
0.234559, 0.678437
0.234809, 0.678158
0.235059, 0.677879
0.235309, 0.677601
0.235559, 0.677322
0.235809, 0.677044
0.236059, 0.676765
0.236309, 0.676487
0.236559, 0.676209
0.236809, 0.675931
0.237059, 0.675653
0.237309, 0.675376
0.237559, 0.675098
0.237809, 0.674821
0.23806, 0.674543
0.23831, 0.674266
0.23856, 0.673989
0.23881, 0.673712
0.23906, 0.673435
0.23931, 0.673159
0.23956, 0.672882
0.23981, 0.672606
0.24006, 0.672329
0.24031, 0.672053
0.24056, 0.671777
0.24081, 0.671501
0.24106, 0.671225
0.24131, 0.670949
0.24156, 0.670674
0.24181, 0.670398
0.242061, 0.670123
0.242311, 0.669848
0.242561, 0.669573
0.242811, 0.669298
0.243061, 0.669023
0.243311, 0.668748
0.243561, 0.668473
0.243811, 0.668199
0.244061, 0.667925
0.244311, 0.66765
0.244561, 0.667376
0.244811, 0.667102
0.245061, 0.666828
0.245311, 0.666554
0.245561, 0.666281
0.245811, 0.666007
0.246062, 0.665734
0.246312, 0.665461
0.246562, 0.665187
0.246812, 0.664914
0.247062, 0.664641
0.247312, 0.664369
0.247562, 0.664096
0.247812, 0.663823
0.248062, 0.663551
0.248312, 0.663279
0.248562, 0.663007
0.248812, 0.662734
0.249062, 0.662463
0.249312, 0.662191
0.249562, 0.661919
0.249812, 0.661647
0.250063, 0.661376
0.250313, 0.661105
0.250563, 0.660833
0.250813, 0.660562
0.251063, 0.660291
0.251313, 0.660021
0.251563, 0.65975
0.251813, 0.659479
0.252063, 0.659209
0.252313, 0.658938
0.252563, 0.658668
0.252813, 0.658398
0.253063, 0.658128
0.253313, 0.657858
0.253563, 0.657588
0.253813, 0.657319
0.254064, 0.657049
0.254314, 0.65678
0.254564, 0.65651
0.254814, 0.656241
0.255064, 0.655972
0.255314, 0.655703
0.255564, 0.655434
0.255814, 0.655166
0.256064, 0.654897
0.256314, 0.654629
0.256564, 0.65436
0.256814, 0.654092
0.257064, 0.653824
0.257314, 0.653556
0.257564, 0.653288
0.257814, 0.653021
0.258065, 0.652753
0.258315, 0.652486
0.258565, 0.652218
0.258815, 0.651951
0.259065, 0.651684
0.259315, 0.651417
0.259565, 0.65115
0.259815, 0.650883
0.260065, 0.650617
0.260315, 0.65035
0.260565, 0.650084
0.260815, 0.649817
0.261065, 0.649551
0.261315, 0.649285
0.261565, 0.649019
0.261815, 0.648753
0.262066, 0.648488
0.262316, 0.648222
0.262566, 0.647957
0.262816, 0.647691
0.263066, 0.647426
0.263316, 0.647161
0.263566, 0.646896
0.263816, 0.646631
0.264066, 0.646367
0.264316, 0.646102
0.264566, 0.645838
0.264816, 0.645573
0.265066, 0.645309
0.265316, 0.645045
0.265566, 0.644781
0.265816, 0.644517
0.266067, 0.644253
0.266317, 0.64399
0.266567, 0.643726
0.266817, 0.643463
0.267067, 0.643199
0.267317, 0.642936
0.267567, 0.642673
0.267817, 0.64241
0.268067, 0.642147
0.268317, 0.641885
0.268567, 0.641622
0.268817, 0.64136
0.269067, 0.641097
0.269317, 0.640835
0.269567, 0.640573
0.269817, 0.640311
0.270068, 0.640049
0.270318, 0.639787
0.270568, 0.639526
0.270818, 0.639264
0.271068, 0.639003
0.271318, 0.638741
0.271568, 0.63848
0.271818, 0.638219
0.272068, 0.637958
0.272318, 0.637698
0.272568, 0.637437
0.272818, 0.637176
0.273068, 0.636916
0.273318, 0.636655
0.273568, 0.636395
0.273818, 0.636135
0.274069, 0.635875
0.274319, 0.635615
0.274569, 0.635356
0.274819, 0.635096
0.275069, 0.634836
0.275319, 0.634577
0.275569, 0.634318
0.275819, 0.634059
0.276069, 0.6338
0.276319, 0.633541
0.276569, 0.633282
0.276819, 0.633023
0.277069, 0.632765
0.277319, 0.632506
0.277569, 0.632248
0.277819, 0.63199
0.27807, 0.631732
0.27832, 0.631474
0.27857, 0.631216
0.27882, 0.630958
0.27907, 0.6307
0.27932, 0.630443
0.27957, 0.630186
0.27982, 0.629928
0.28007, 0.629671
0.28032, 0.629414
0.28057, 0.629157
0.28082, 0.6289
0.28107, 0.628644
0.28132, 0.628387
0.28157, 0.628131
0.28182, 0.627874
0.282071, 0.627618
0.282321, 0.627362
0.282571, 0.627106
0.282821, 0.62685
0.283071, 0.626595
0.283321, 0.626339
0.283571, 0.626083
0.283821, 0.625828
0.284071, 0.625573
0.284321, 0.625318
0.284571, 0.625063
0.284821, 0.624808
0.285071, 0.624553
0.285321, 0.624298
0.285571, 0.624044
0.285821, 0.623789
0.286072, 0.623535
0.286322, 0.623281
0.286572, 0.623026
0.286822, 0.622772
0.287072, 0.622519
0.287322, 0.622265
0.287572, 0.622011
0.287822, 0.621758
0.288072, 0.621504
0.288322, 0.621251
0.288572, 0.620998
0.288822, 0.620745
0.289072, 0.620492
0.289322, 0.620239
0.289572, 0.619986
0.289822, 0.619734
0.290073, 0.619481
0.290323, 0.619229
0.290573, 0.618977
0.290823, 0.618724
0.291073, 0.618472
0.291323, 0.61822
0.291573, 0.617969
0.291823, 0.617717
0.292073, 0.617465
0.292323, 0.617214
0.292573, 0.616963
0.292823, 0.616712
0.293073, 0.61646
0.293323, 0.616209
0.293573, 0.615959
0.293823, 0.615708
0.294074, 0.615457
0.294324, 0.615207
0.294574, 0.614956
0.294824, 0.614706
0.295074, 0.614456
0.295324, 0.614206
0.295574, 0.613956
0.295824, 0.613706
0.296074, 0.613456
0.296324, 0.613207
0.296574, 0.612957
0.296824, 0.612708
0.297074, 0.612459
0.297324, 0.61221
0.297574, 0.611961
0.297824, 0.611712
0.298075, 0.611463
0.298325, 0.611214
0.298575, 0.610966
0.298825, 0.610717
0.299075, 0.610469
0.299325, 0.610221
0.299575, 0.609973
0.299825, 0.609725
0.300075, 0.609477
0.300325, 0.609229
0.300575, 0.608982
0.300825, 0.608734
0.301075, 0.608487
0.301325, 0.608239
0.301575, 0.607992
0.301825, 0.607745
0.302076, 0.607498
0.302326, 0.607251
0.302576, 0.607005
0.302826, 0.606758
0.303076, 0.606512
0.303326, 0.606265
0.303576, 0.606019
0.303826, 0.605773
0.304076, 0.605527
0.304326, 0.605281
0.304576, 0.605035
0.304826, 0.60479
0.305076, 0.604544
0.305326, 0.604299
0.305576, 0.604053
0.305826, 0.603808
0.306077, 0.603563
0.306327, 0.603318
0.306577, 0.603073
0.306827, 0.602828
0.307077, 0.602584
0.307327, 0.602339
0.307577, 0.602095
0.307827, 0.60185
0.308077, 0.601606
0.308327, 0.601362
0.308577, 0.601118
0.308827, 0.600874
0.309077, 0.600631
0.309327, 0.600387
0.309577, 0.600144
0.309827, 0.5999
0.310078, 0.599657
0.310328, 0.599414
0.310578, 0.599171
0.310828, 0.598928
0.311078, 0.598685
0.311328, 0.598442
0.311578, 0.5982
0.311828, 0.597957
0.312078, 0.597715
0.312328, 0.597473
0.312578, 0.59723
0.312828, 0.596988
0.313078, 0.596746
0.313328, 0.596505
0.313578, 0.596263
0.313828, 0.596021
0.314079, 0.59578
0.314329, 0.595539
0.314579, 0.595297
0.314829, 0.595056
0.315079, 0.594815
0.315329, 0.594574
0.315579, 0.594334
0.315829, 0.594093
0.316079, 0.593852
0.316329, 0.593612
0.316579, 0.593372
0.316829, 0.593131
0.317079, 0.592891
0.317329, 0.592651
0.317579, 0.592411
0.317829, 0.592172
0.31808, 0.591932
0.31833, 0.591693
0.31858, 0.591453
0.31883, 0.591214
0.31908, 0.590975
0.31933, 0.590736
0.31958, 0.590497
0.31983, 0.590258
0.32008, 0.590019
0.32033, 0.58978
0.32058, 0.589542
0.32083, 0.589303
0.32108, 0.589065
0.32133, 0.588827
0.32158, 0.588589
0.32183, 0.588351
0.322081, 0.588113
0.322331, 0.587875
0.322581, 0.587638
0.322831, 0.5874
0.323081, 0.587163
0.323331, 0.586926
0.323581, 0.586688
0.323831, 0.586451
0.324081, 0.586215
0.324331, 0.585978
0.324581, 0.585741
0.324831, 0.585504
0.325081, 0.585268
0.325331, 0.585031
0.325581, 0.584795
0.325831, 0.584559
0.326082, 0.584323
0.326332, 0.584087
0.326582, 0.583851
0.326832, 0.583616
0.327082, 0.58338
0.327332, 0.583145
0.327582, 0.582909
0.327832, 0.582674
0.328082, 0.582439
0.328332, 0.582204
0.328582, 0.581969
0.328832, 0.581734
0.329082, 0.581499
0.329332, 0.581265
0.329582, 0.58103
0.329832, 0.580796
0.330083, 0.580562
0.330333, 0.580328
0.330583, 0.580093
0.330833, 0.57986
0.331083, 0.579626
0.331333, 0.579392
0.331583, 0.579159
0.331833, 0.578925
0.332083, 0.578692
0.332333, 0.578458
0.332583, 0.578225
0.332833, 0.577992
0.333083, 0.577759
0.333333, 0.577527
0.333583, 0.577294
0.333833, 0.577061
0.334084, 0.576829
0.334334, 0.576597
0.334584, 0.576364
0.334834, 0.576132
0.335084, 0.5759
0.335334, 0.575668
0.335584, 0.575436
0.335834, 0.575205
0.336084, 0.574973
0.336334, 0.574742
0.336584, 0.57451
0.336834, 0.574279
0.337084, 0.574048
0.337334, 0.573817
0.337584, 0.573586
0.337834, 0.573355
0.338085, 0.573125
0.338335, 0.572894
0.338585, 0.572664
0.338835, 0.572433
0.339085, 0.572203
0.339335, 0.571973
0.339585, 0.571743
0.339835, 0.571513
0.340085, 0.571283
0.340335, 0.571053
0.340585, 0.570824
0.340835, 0.570594
0.341085, 0.570365
0.341335, 0.570136
0.341585, 0.569907
0.341835, 0.569678
0.342086, 0.569449
0.342336, 0.56922
0.342586, 0.568991
0.342836, 0.568763
0.343086, 0.568534
0.343336, 0.568306
0.343586, 0.568078
0.343836, 0.567849
0.344086, 0.567621
0.344336, 0.567393
0.344586, 0.567166
0.344836, 0.566938
0.345086, 0.56671
0.345336, 0.566483
0.345586, 0.566255
0.345836, 0.566028
0.346087, 0.565801
0.346337, 0.565574
0.346587, 0.565347
0.346837, 0.56512
0.347087, 0.564894
0.347337, 0.564667
0.347587, 0.56444
0.347837, 0.564214
0.348087, 0.563988
0.348337, 0.563762
0.348587, 0.563536
0.348837, 0.56331
0.349087, 0.563084
0.349337, 0.562858
0.349587, 0.562633
0.349837, 0.562407
0.350088, 0.562182
0.350338, 0.561956
0.350588, 0.561731
0.350838, 0.561506
0.351088, 0.561281
0.351338, 0.561056
0.351588, 0.560832
0.351838, 0.560607
0.352088, 0.560382
0.352338, 0.560158
0.352588, 0.559934
0.352838, 0.55971
0.353088, 0.559486
0.353338, 0.559262
0.353588, 0.559038
0.353838, 0.558814
0.354089, 0.55859
0.354339, 0.558367
0.354589, 0.558143
0.354839, 0.55792
0.355089, 0.557697
0.355339, 0.557474
0.355589, 0.557251
0.355839, 0.557028
0.356089, 0.556805
0.356339, 0.556583
0.356589, 0.55636
0.356839, 0.556138
0.357089, 0.555915
0.357339, 0.555693
0.357589, 0.555471
0.357839, 0.555249
0.35809, 0.555027
0.35834, 0.554805
0.35859, 0.554584
0.35884, 0.554362
0.35909, 0.554141
0.35934, 0.553919
0.35959, 0.553698
0.35984, 0.553477
0.36009, 0.553256
0.36034, 0.553035
0.36059, 0.552814
0.36084, 0.552593
0.36109, 0.552373
0.36134, 0.552152
0.36159, 0.551932
0.36184, 0.551712
0.362091, 0.551492
0.362341, 0.551271
0.362591, 0.551052
0.362841, 0.550832
0.363091, 0.550612
0.363341, 0.550392
0.363591, 0.550173
0.363841, 0.549954
0.364091, 0.549734
0.364341, 0.549515
0.364591, 0.549296
0.364841, 0.549077
0.365091, 0.548858
0.365341, 0.548639
0.365591, 0.548421
0.365841, 0.548202
0.366092, 0.547984
0.366342, 0.547766
0.366592, 0.547547
0.366842, 0.547329
0.367092, 0.547111
0.367342, 0.546893
0.367592, 0.546676
0.367842, 0.546458
0.368092, 0.54624
0.368342, 0.546023
0.368592, 0.545806
0.368842, 0.545588
0.369092, 0.545371
0.369342, 0.545154
0.369592, 0.544937
0.369842, 0.544721
0.370093, 0.544504
0.370343, 0.544287
0.370593, 0.544071
0.370843, 0.543854
0.371093, 0.543638
0.371343, 0.543422
0.371593, 0.543206
0.371843, 0.54299
0.372093, 0.542774
0.372343, 0.542559
0.372593, 0.542343
0.372843, 0.542127
0.373093, 0.541912
0.373343, 0.541697
0.373593, 0.541482
0.373843, 0.541266
0.374094, 0.541051
0.374344, 0.540837
0.374594, 0.540622
0.374844, 0.540407
0.375094, 0.540193
0.375344, 0.539978
0.375594, 0.539764
0.375844, 0.53955
0.376094, 0.539336
0.376344, 0.539122
0.376594, 0.538908
0.376844, 0.538694
0.377094, 0.53848
0.377344, 0.538267
0.377594, 0.538053
0.377844, 0.53784
0.378095, 0.537627
0.378345, 0.537413
0.378595, 0.5372
0.378845, 0.536987
0.379095, 0.536775
0.379345, 0.536562
0.379595, 0.536349
0.379845, 0.536137
0.380095, 0.535924
0.380345, 0.535712
0.380595, 0.5355
0.380845, 0.535288
0.381095, 0.535076
0.381345, 0.534864
0.381595, 0.534652
0.381845, 0.534441
0.382096, 0.534229
0.382346, 0.534018
0.382596, 0.533806
0.382846, 0.533595
0.383096, 0.533384
0.383346, 0.533173
0.383596, 0.532962
0.383846, 0.532751
0.384096, 0.532541
0.384346, 0.53233
0.384596, 0.53212
0.384846, 0.531909
0.385096, 0.531699
0.385346, 0.531489
0.385596, 0.531279
0.385846, 0.531069
0.386097, 0.530859
0.386347, 0.530649
0.386597, 0.53044
0.386847, 0.53023
0.387097, 0.530021
0.387347, 0.529811
0.387597, 0.529602
0.387847, 0.529393
0.388097, 0.529184
0.388347, 0.528975
0.388597, 0.528766
0.388847, 0.528558
0.389097, 0.528349
0.389347, 0.528141
0.389597, 0.527932
0.389847, 0.527724
0.390098, 0.527516
0.390348, 0.527308
0.390598, 0.5271
0.390848, 0.526892
0.391098, 0.526685
0.391348, 0.526477
0.391598, 0.526269
0.391848, 0.526062
0.392098, 0.525855
0.392348, 0.525648
0.392598, 0.52544
0.392848, 0.525233
0.393098, 0.525027
0.393348, 0.52482
0.393598, 0.524613
0.393848, 0.524407
0.394099, 0.5242
0.394349, 0.523994
0.394599, 0.523788
0.394849, 0.523581
0.395099, 0.523375
0.395349, 0.52317
0.395599, 0.522964
0.395849, 0.522758
0.396099, 0.522552
0.396349, 0.522347
0.396599, 0.522142
0.396849, 0.521936
0.397099, 0.521731
0.397349, 0.521526
0.397599, 0.521321
0.397849, 0.521116
0.3981, 0.520911
0.39835, 0.520707
0.3986, 0.520502
0.39885, 0.520298
0.3991, 0.520093
0.39935, 0.519889
0.3996, 0.519685
0.39985, 0.519481
0.4001, 0.519277
0.40035, 0.519073
0.4006, 0.51887
0.40085, 0.518666
0.4011, 0.518463
0.40135, 0.518259
0.4016, 0.518056
0.40185, 0.517853
0.402101, 0.51765
0.402351, 0.517447
0.402601, 0.517244
0.402851, 0.517041
0.403101, 0.516838
0.403351, 0.516636
0.403601, 0.516433
0.403851, 0.516231
0.404101, 0.516029
0.404351, 0.515827
0.404601, 0.515625
0.404851, 0.515423
0.405101, 0.515221
0.405351, 0.515019
0.405601, 0.514818
0.405851, 0.514616
0.406102, 0.514415
0.406352, 0.514213
0.406602, 0.514012
0.406852, 0.513811
0.407102, 0.51361
0.407352, 0.513409
0.407602, 0.513208
0.407852, 0.513008
0.408102, 0.512807
0.408352, 0.512607
0.408602, 0.512406
0.408852, 0.512206
0.409102, 0.512006
0.409352, 0.511806
0.409602, 0.511606
0.409852, 0.511406
0.410103, 0.511206
0.410353, 0.511007
0.410603, 0.510807
0.410853, 0.510608
0.411103, 0.510409
0.411353, 0.510209
0.411603, 0.51001
0.411853, 0.509811
0.412103, 0.509612
0.412353, 0.509414
0.412603, 0.509215
0.412853, 0.509016
0.413103, 0.508818
0.413353, 0.508619
0.413603, 0.508421
0.413853, 0.508223
0.414104, 0.508025
0.414354, 0.507827
0.414604, 0.507629
0.414854, 0.507431
0.415104, 0.507234
0.415354, 0.507036
0.415604, 0.506839
0.415854, 0.506641
0.416104, 0.506444
0.416354, 0.506247
0.416604, 0.50605
0.416854, 0.505853
0.417104, 0.505656
0.417354, 0.50546
0.417604, 0.505263
0.417854, 0.505066
0.418105, 0.50487
0.418355, 0.504674
0.418605, 0.504478
0.418855, 0.504281
0.419105, 0.504085
0.419355, 0.50389
0.419605, 0.503694
0.419855, 0.503498
0.420105, 0.503303
0.420355, 0.503107
0.420605, 0.502912
0.420855, 0.502716
0.421105, 0.502521
0.421355, 0.502326
0.421605, 0.502131
0.421855, 0.501936
0.422106, 0.501742
0.422356, 0.501547
0.422606, 0.501352
0.422856, 0.501158
0.423106, 0.500964
0.423356, 0.500769
0.423606, 0.500575
0.423856, 0.500381
0.424106, 0.500187
0.424356, 0.499994
0.424606, 0.4998
0.424856, 0.499606
0.425106, 0.499413
0.425356, 0.499219
0.425606, 0.499026
0.425856, 0.498833
0.426107, 0.49864
0.426357, 0.498447
0.426607, 0.498254
0.426857, 0.498061
0.427107, 0.497868
0.427357, 0.497676
0.427607, 0.497483
0.427857, 0.497291
0.428107, 0.497099
0.428357, 0.496906
0.428607, 0.496714
0.428857, 0.496522
0.429107, 0.496331
0.429357, 0.496139
0.429607, 0.495947
0.429857, 0.495756
0.430108, 0.495564
0.430358, 0.495373
0.430608, 0.495182
0.430858, 0.49499
0.431108, 0.494799
0.431358, 0.494608
0.431608, 0.494418
0.431858, 0.494227
0.432108, 0.494036
0.432358, 0.493846
0.432608, 0.493655
0.432858, 0.493465
0.433108, 0.493275
0.433358, 0.493085
0.433608, 0.492895
0.433858, 0.492705
0.434109, 0.492515
0.434359, 0.492325
0.434609, 0.492135
0.434859, 0.491946
0.435109, 0.491757
0.435359, 0.491567
0.435609, 0.491378
0.435859, 0.491189
0.436109, 0.491
0.436359, 0.490811
0.436609, 0.490622
0.436859, 0.490434
0.437109, 0.490245
0.437359, 0.490057
0.437609, 0.489868
0.437859, 0.48968
0.43811, 0.489492
0.43836, 0.489304
0.43861, 0.489116
0.43886, 0.488928
0.43911, 0.48874
0.43936, 0.488552
0.43961, 0.488365
0.43986, 0.488177
0.44011, 0.48799
0.44036, 0.487803
0.44061, 0.487616
0.44086, 0.487428
0.44111, 0.487242
0.44136, 0.487055
0.44161, 0.486868
0.44186, 0.486681
0.442111, 0.486495
0.442361, 0.486308
0.442611, 0.486122
0.442861, 0.485936
0.443111, 0.48575
0.443361, 0.485563
0.443611, 0.485378
0.443861, 0.485192
0.444111, 0.485006
0.444361, 0.48482
0.444611, 0.484635
0.444861, 0.484449
0.445111, 0.484264
0.445361, 0.484079
0.445611, 0.483894
0.445861, 0.483709
0.446112, 0.483524
0.446362, 0.483339
0.446612, 0.483154
0.446862, 0.48297
0.447112, 0.482785
0.447362, 0.482601
0.447612, 0.482416
0.447862, 0.482232
0.448112, 0.482048
0.448362, 0.481864
0.448612, 0.48168
0.448862, 0.481496
0.449112, 0.481313
0.449362, 0.481129
0.449612, 0.480945
0.449862, 0.480762
0.450113, 0.480579
0.450363, 0.480396
0.450613, 0.480212
0.450863, 0.480029
0.451113, 0.479847
0.451363, 0.479664
0.451613, 0.479481
0.451863, 0.479298
0.452113, 0.479116
0.452363, 0.478934
0.452613, 0.478751
0.452863, 0.478569
0.453113, 0.478387
0.453363, 0.478205
0.453613, 0.478023
0.453863, 0.477841
0.454114, 0.47766
0.454364, 0.477478
0.454614, 0.477297
0.454864, 0.477115
0.455114, 0.476934
0.455364, 0.476753
0.455614, 0.476572
0.455864, 0.476391
0.456114, 0.47621
0.456364, 0.476029
0.456614, 0.475848
0.456864, 0.475668
0.457114, 0.475487
0.457364, 0.475307
0.457614, 0.475127
0.457864, 0.474946
0.458115, 0.474766
0.458365, 0.474586
0.458615, 0.474407
0.458865, 0.474227
0.459115, 0.474047
0.459365, 0.473867
0.459615, 0.473688
0.459865, 0.473509
0.460115, 0.473329
0.460365, 0.47315
0.460615, 0.472971
0.460865, 0.472792
0.461115, 0.472613
0.461365, 0.472435
0.461615, 0.472256
0.461865, 0.472077
0.462116, 0.471899
0.462366, 0.47172
0.462616, 0.471542
0.462866, 0.471364
0.463116, 0.471186
0.463366, 0.471008
0.463616, 0.47083
0.463866, 0.470652
0.464116, 0.470475
0.464366, 0.470297
0.464616, 0.47012
0.464866, 0.469942
0.465116, 0.469765
0.465366, 0.469588
0.465616, 0.469411
0.465866, 0.469234
0.466117, 0.469057
0.466367, 0.46888
0.466617, 0.468703
0.466867, 0.468527
0.467117, 0.46835
0.467367, 0.468174
0.467617, 0.467998
0.467867, 0.467822
0.468117, 0.467646
0.468367, 0.46747
0.468617, 0.467294
0.468867, 0.467118
0.469117, 0.466942
0.469367, 0.466767
0.469617, 0.466591
0.469867, 0.466416
0.470118, 0.466241
0.470368, 0.466065
0.470618, 0.46589
0.470868, 0.465715
0.471118, 0.465541
0.471368, 0.465366
0.471618, 0.465191
0.471868, 0.465016
0.472118, 0.464842
0.472368, 0.464668
0.472618, 0.464493
0.472868, 0.464319
0.473118, 0.464145
0.473368, 0.463971
0.473618, 0.463797
0.473868, 0.463623
0.474119, 0.46345
0.474369, 0.463276
0.474619, 0.463103
0.474869, 0.462929
0.475119, 0.462756
0.475369, 0.462583
0.475619, 0.46241
0.475869, 0.462237
0.476119, 0.462064
0.476369, 0.461891
0.476619, 0.461718
0.476869, 0.461546
0.477119, 0.461373
0.477369, 0.461201
0.477619, 0.461029
0.477869, 0.460857
0.47812, 0.460684
0.47837, 0.460512
0.47862, 0.460341
0.47887, 0.460169
0.47912, 0.459997
0.47937, 0.459825
0.47962, 0.459654
0.47987, 0.459483
0.48012, 0.459311
0.48037, 0.45914
0.48062, 0.458969
0.48087, 0.458798
0.48112, 0.458627
0.48137, 0.458456
0.48162, 0.458286
0.48187, 0.458115
0.482121, 0.457944
0.482371, 0.457774
0.482621, 0.457604
0.482871, 0.457434
0.483121, 0.457263
0.483371, 0.457093
0.483621, 0.456924
0.483871, 0.456754
0.484121, 0.456584
0.484371, 0.456414
0.484621, 0.456245
0.484871, 0.456075
0.485121, 0.455906
0.485371, 0.455737
0.485621, 0.455568
0.485871, 0.455399
0.486122, 0.45523
0.486372, 0.455061
0.486622, 0.454892
0.486872, 0.454724
0.487122, 0.454555
0.487372, 0.454387
0.487622, 0.454218
0.487872, 0.45405
0.488122, 0.453882
0.488372, 0.453714
0.488622, 0.453546
0.488872, 0.453378
0.489122, 0.45321
0.489372, 0.453043
0.489622, 0.452875
0.489872, 0.452708
0.490123, 0.45254
0.490373, 0.452373
0.490623, 0.452206
0.490873, 0.452039
0.491123, 0.451872
0.491373, 0.451705
0.491623, 0.451538
0.491873, 0.451372
0.492123, 0.451205
0.492373, 0.451039
0.492623, 0.450872
0.492873, 0.450706
0.493123, 0.45054
0.493373, 0.450374
0.493623, 0.450208
0.493873, 0.450042
0.494124, 0.449876
0.494374, 0.44971
0.494624, 0.449545
0.494874, 0.449379
0.495124, 0.449214
0.495374, 0.449049
0.495624, 0.448884
0.495874, 0.448718
0.496124, 0.448553
0.496374, 0.448389
0.496624, 0.448224
0.496874, 0.448059
0.497124, 0.447894
0.497374, 0.44773
0.497624, 0.447565
0.497874, 0.447401
0.498125, 0.447237
0.498375, 0.447073
0.498625, 0.446909
0.498875, 0.446745
0.499125, 0.446581
0.499375, 0.446417
0.499625, 0.446254
0.499875, 0.44609
0.500125, 0.445927
0.500375, 0.445763
0.500625, 0.4456
0.500875, 0.445437
0.501125, 0.445274
0.501375, 0.445111
0.501625, 0.444948
0.501875, 0.444786
0.502126, 0.444623
0.502376, 0.44446
0.502626, 0.444298
0.502876, 0.444135
0.503126, 0.443973
0.503376, 0.443811
0.503626, 0.443649
0.503876, 0.443487
0.504126, 0.443325
0.504376, 0.443163
0.504626, 0.443002
0.504876, 0.44284
0.505126, 0.442679
0.505376, 0.442517
0.505626, 0.442356
0.505876, 0.442195
0.506127, 0.442034
0.506377, 0.441873
0.506627, 0.441712
0.506877, 0.441551
0.507127, 0.44139
0.507377, 0.44123
0.507627, 0.441069
0.507877, 0.440909
0.508127, 0.440748
0.508377, 0.440588
0.508627, 0.440428
0.508877, 0.440268
0.509127, 0.440108
0.509377, 0.439948
0.509627, 0.439789
0.509877, 0.439629
0.510128, 0.439469
0.510378, 0.43931
0.510628, 0.439151
0.510878, 0.438991
0.511128, 0.438832
0.511378, 0.438673
0.511628, 0.438514
0.511878, 0.438355
0.512128, 0.438197
0.512378, 0.438038
0.512628, 0.437879
0.512878, 0.437721
0.513128, 0.437563
0.513378, 0.437404
0.513628, 0.437246
0.513878, 0.437088
0.514129, 0.43693
0.514379, 0.436772
0.514629, 0.436614
0.514879, 0.436457
0.515129, 0.436299
0.515379, 0.436142
0.515629, 0.435984
0.515879, 0.435827
0.516129, 0.43567
0.516379, 0.435513
0.516629, 0.435356
0.516879, 0.435199
0.517129, 0.435042
0.517379, 0.434885
0.517629, 0.434728
0.517879, 0.434572
0.51813, 0.434415
0.51838, 0.434259
0.51863, 0.434103
0.51888, 0.433947
0.51913, 0.433791
0.51938, 0.433635
0.51963, 0.433479
0.51988, 0.433323
0.52013, 0.433167
0.52038, 0.433012
0.52063, 0.432856
0.52088, 0.432701
0.52113, 0.432546
0.52138, 0.432391
0.52163, 0.432235
0.52188, 0.43208
0.522131, 0.431926
0.522381, 0.431771
0.522631, 0.431616
0.522881, 0.431461
0.523131, 0.431307
0.523381, 0.431152
0.523631, 0.430998
0.523881, 0.430844
0.524131, 0.43069
0.524381, 0.430536
0.524631, 0.430382
0.524881, 0.430228
0.525131, 0.430074
0.525381, 0.429921
0.525631, 0.429767
0.525881, 0.429614
0.526132, 0.42946
0.526382, 0.429307
0.526632, 0.429154
0.526882, 0.429001
0.527132, 0.428848
0.527382, 0.428695
0.527632, 0.428542
0.527882, 0.428389
0.528132, 0.428237
0.528382, 0.428084
0.528632, 0.427932
0.528882, 0.42778
0.529132, 0.427627
0.529382, 0.427475
0.529632, 0.427323
0.529882, 0.427171
0.530133, 0.42702
0.530383, 0.426868
0.530633, 0.426716
0.530883, 0.426565
0.531133, 0.426413
0.531383, 0.426262
0.531633, 0.426111
0.531883, 0.42596
0.532133, 0.425809
0.532383, 0.425658
0.532633, 0.425507
0.532883, 0.425356
0.533133, 0.425205
0.533383, 0.425055
0.533633, 0.424904
0.533883, 0.424754
0.534134, 0.424604
0.534384, 0.424453
0.534634, 0.424303
0.534884, 0.424153
0.535134, 0.424003
0.535384, 0.423853
0.535634, 0.423704
0.535884, 0.423554
0.536134, 0.423405
0.536384, 0.423255
0.536634, 0.423106
0.536884, 0.422957
0.537134, 0.422807
0.537384, 0.422658
0.537634, 0.422509
0.537884, 0.422361
0.538135, 0.422212
0.538385, 0.422063
0.538635, 0.421915
0.538885, 0.421766
0.539135, 0.421618
0.539385, 0.421469
0.539635, 0.421321
0.539885, 0.421173
0.540135, 0.421025
0.540385, 0.420877
0.540635, 0.420729
0.540885, 0.420582
0.541135, 0.420434
0.541385, 0.420287
0.541635, 0.420139
0.541885, 0.419992
0.542136, 0.419845
0.542386, 0.419698
0.542636, 0.41955
0.542886, 0.419404
0.543136, 0.419257
0.543386, 0.41911
0.543636, 0.418963
0.543886, 0.418817
0.544136, 0.41867
0.544386, 0.418524
0.544636, 0.418378
0.544886, 0.418231
0.545136, 0.418085
0.545386, 0.417939
0.545636, 0.417793
0.545886, 0.417647
0.546137, 0.417502
0.546387, 0.417356
0.546637, 0.417211
0.546887, 0.417065
0.547137, 0.41692
0.547387, 0.416775
0.547637, 0.416629
0.547887, 0.416484
0.548137, 0.416339
0.548387, 0.416195
0.548637, 0.41605
0.548887, 0.415905
0.549137, 0.415761
0.549387, 0.415616
0.549637, 0.415472
0.549887, 0.415327
0.550138, 0.415183
0.550388, 0.415039
0.550638, 0.414895
0.550888, 0.414751
0.551138, 0.414607
0.551388, 0.414464
0.551638, 0.41432
0.551888, 0.414176
0.552138, 0.414033
0.552388, 0.41389
0.552638, 0.413746
0.552888, 0.413603
0.553138, 0.41346
0.553388, 0.413317
0.553638, 0.413174
0.553888, 0.413032
0.554139, 0.412889
0.554389, 0.412746
0.554639, 0.412604
0.554889, 0.412461
0.555139, 0.412319
0.555389, 0.412177
0.555639, 0.412035
0.555889, 0.411893
0.556139, 0.411751
0.556389, 0.411609
0.556639, 0.411467
0.556889, 0.411326
0.557139, 0.411184
0.557389, 0.411043
0.557639, 0.410901
0.557889, 0.41076
0.55814, 0.410619
0.55839, 0.410478
0.55864, 0.410337
0.55889, 0.410196
0.55914, 0.410055
0.55939, 0.409914
0.55964, 0.409774
0.55989, 0.409633
0.56014, 0.409493
0.56039, 0.409352
0.56064, 0.409212
0.56089, 0.409072
0.56114, 0.408932
0.56139, 0.408792
0.56164, 0.408652
0.56189, 0.408512
0.562141, 0.408373
0.562391, 0.408233
0.562641, 0.408094
0.562891, 0.407954
0.563141, 0.407815
0.563391, 0.407676
0.563641, 0.407537
0.563891, 0.407398
0.564141, 0.407259
0.564391, 0.40712
0.564641, 0.406981
0.564891, 0.406843
0.565141, 0.406704
0.565391, 0.406566
0.565641, 0.406427
0.565891, 0.406289
0.566142, 0.406151
0.566392, 0.406013
0.566642, 0.405875
0.566892, 0.405737
0.567142, 0.405599
0.567392, 0.405461
0.567642, 0.405324
0.567892, 0.405186
0.568142, 0.405049
0.568392, 0.404912
0.568642, 0.404774
0.568892, 0.404637
0.569142, 0.4045
0.569392, 0.404363
0.569642, 0.404226
0.569892, 0.40409
0.570143, 0.403953
0.570393, 0.403816
0.570643, 0.40368
0.570893, 0.403544
0.571143, 0.403407
0.571393, 0.403271
0.571643, 0.403135
0.571893, 0.402999
0.572143, 0.402863
0.572393, 0.402727
0.572643, 0.402592
0.572893, 0.402456
0.573143, 0.40232
0.573393, 0.402185
0.573643, 0.40205
0.573893, 0.401914
0.574144, 0.401779
0.574394, 0.401644
0.574644, 0.401509
0.574894, 0.401374
0.575144, 0.401239
0.575394, 0.401105
0.575644, 0.40097
0.575894, 0.400836
0.576144, 0.400701
0.576394, 0.400567
0.576644, 0.400433
0.576894, 0.400298
0.577144, 0.400164
0.577394, 0.40003
0.577644, 0.399897
0.577894, 0.399763
0.578145, 0.399629
0.578395, 0.399496
0.578645, 0.399362
0.578895, 0.399229
0.579145, 0.399095
0.579395, 0.398962
0.579645, 0.398829
0.579895, 0.398696
0.580145, 0.398563
0.580395, 0.39843
0.580645, 0.398298
0.580895, 0.398165
0.581145, 0.398032
0.581395, 0.3979
0.581645, 0.397767
0.581895, 0.397635
0.582146, 0.397503
0.582396, 0.397371
0.582646, 0.397239
0.582896, 0.397107
0.583146, 0.396975
0.583396, 0.396844
0.583646, 0.396712
0.583896, 0.39658
0.584146, 0.396449
0.584396, 0.396318
0.584646, 0.396186
0.584896, 0.396055
0.585146, 0.395924
0.585396, 0.395793
0.585646, 0.395662
0.585896, 0.395531
0.586147, 0.395401
0.586397, 0.39527
0.586647, 0.39514
0.586897, 0.395009
0.587147, 0.394879
0.587397, 0.394749
0.587647, 0.394619
0.587897, 0.394488
0.588147, 0.394359
0.588397, 0.394229
0.588647, 0.394099
0.588897, 0.393969
0.589147, 0.39384
0.589397, 0.39371
0.589647, 0.393581
0.589897, 0.393451
0.590148, 0.393322
0.590398, 0.393193
0.590648, 0.393064
0.590898, 0.392935
0.591148, 0.392806
0.591398, 0.392678
0.591648, 0.392549
0.591898, 0.39242
0.592148, 0.392292
0.592398, 0.392163
0.592648, 0.392035
0.592898, 0.391907
0.593148, 0.391779
0.593398, 0.391651
0.593648, 0.391523
0.593898, 0.391395
0.594149, 0.391267
0.594399, 0.39114
0.594649, 0.391012
0.594899, 0.390885
0.595149, 0.390757
0.595399, 0.39063
0.595649, 0.390503
0.595899, 0.390376
0.596149, 0.390249
0.596399, 0.390122
0.596649, 0.389995
0.596899, 0.389869
0.597149, 0.389742
0.597399, 0.389615
0.597649, 0.389489
0.597899, 0.389363
0.59815, 0.389236
0.5984, 0.38911
0.59865, 0.388984
0.5989, 0.388858
0.59915, 0.388732
0.5994, 0.388606
0.59965, 0.388481
0.5999, 0.388355
0.60015, 0.38823
0.6004, 0.388104
0.60065, 0.387979
0.6009, 0.387854
0.60115, 0.387728
0.6014, 0.387603
0.60165, 0.387478
0.6019, 0.387354
0.602151, 0.387229
0.602401, 0.387104
0.602651, 0.38698
0.602901, 0.386855
0.603151, 0.386731
0.603401, 0.386606
0.603651, 0.386482
0.603901, 0.386358
0.604151, 0.386234
0.604401, 0.38611
0.604651, 0.385986
0.604901, 0.385862
0.605151, 0.385739
0.605401, 0.385615
0.605651, 0.385492
0.605901, 0.385368
0.606152, 0.385245
0.606402, 0.385122
0.606652, 0.384999
0.606902, 0.384876
0.607152, 0.384753
0.607402, 0.38463
0.607652, 0.384507
0.607902, 0.384384
0.608152, 0.384262
0.608402, 0.384139
0.608652, 0.384017
0.608902, 0.383895
0.609152, 0.383772
0.609402, 0.38365
0.609652, 0.383528
0.609902, 0.383406
0.610153, 0.383285
0.610403, 0.383163
0.610653, 0.383041
0.610903, 0.38292
0.611153, 0.382798
0.611403, 0.382677
0.611653, 0.382555
0.611903, 0.382434
0.612153, 0.382313
0.612403, 0.382192
0.612653, 0.382071
0.612903, 0.38195
0.613153, 0.38183
0.613403, 0.381709
0.613653, 0.381588
0.613903, 0.381468
0.614154, 0.381348
0.614404, 0.381227
0.614654, 0.381107
0.614904, 0.380987
0.615154, 0.380867
0.615404, 0.380747
0.615654, 0.380627
0.615904, 0.380508
0.616154, 0.380388
0.616404, 0.380268
0.616654, 0.380149
0.616904, 0.38003
0.617154, 0.37991
0.617404, 0.379791
0.617654, 0.379672
0.617904, 0.379553
0.618155, 0.379434
0.618405, 0.379315
0.618655, 0.379197
0.618905, 0.379078
0.619155, 0.378959
0.619405, 0.378841
0.619655, 0.378723
0.619905, 0.378604
0.620155, 0.378486
0.620405, 0.378368
0.620655, 0.37825
0.620905, 0.378132
0.621155, 0.378014
0.621405, 0.377897
0.621655, 0.377779
0.621905, 0.377662
0.622156, 0.377544
0.622406, 0.377427
0.622656, 0.37731
0.622906, 0.377192
0.623156, 0.377075
0.623406, 0.376958
0.623656, 0.376841
0.623906, 0.376725
0.624156, 0.376608
0.624406, 0.376491
0.624656, 0.376375
0.624906, 0.376258
0.625156, 0.376142
0.625406, 0.376026
0.625656, 0.375909
0.625906, 0.375793
0.626157, 0.375677
0.626407, 0.375562
0.626657, 0.375446
0.626907, 0.37533
0.627157, 0.375214
0.627407, 0.375099
0.627657, 0.374983
0.627907, 0.374868
0.628157, 0.374753
0.628407, 0.374638
0.628657, 0.374523
0.628907, 0.374408
0.629157, 0.374293
0.629407, 0.374178
0.629657, 0.374063
0.629907, 0.373949
0.630158, 0.373834
0.630408, 0.37372
0.630658, 0.373605
0.630908, 0.373491
0.631158, 0.373377
0.631408, 0.373263
0.631658, 0.373149
0.631908, 0.373035
0.632158, 0.372921
0.632408, 0.372807
0.632658, 0.372694
0.632908, 0.37258
0.633158, 0.372467
0.633408, 0.372353
0.633658, 0.37224
0.633908, 0.372127
0.634159, 0.372014
0.634409, 0.371901
0.634659, 0.371788
0.634909, 0.371675
0.635159, 0.371562
0.635409, 0.37145
0.635659, 0.371337
0.635909, 0.371225
0.636159, 0.371113
0.636409, 0.371
0.636659, 0.370888
0.636909, 0.370776
0.637159, 0.370664
0.637409, 0.370552
0.637659, 0.37044
0.637909, 0.370329
0.63816, 0.370217
0.63841, 0.370105
0.63866, 0.369994
0.63891, 0.369883
0.63916, 0.369771
0.63941, 0.36966
0.63966, 0.369549
0.63991, 0.369438
0.64016, 0.369327
0.64041, 0.369216
0.64066, 0.369106
0.64091, 0.368995
0.64116, 0.368884
0.64141, 0.368774
0.64166, 0.368664
0.64191, 0.368553
0.642161, 0.368443
0.642411, 0.368333
0.642661, 0.368223
0.642911, 0.368113
0.643161, 0.368003
0.643411, 0.367894
0.643661, 0.367784
0.643911, 0.367674
0.644161, 0.367565
0.644411, 0.367456
0.644661, 0.367346
0.644911, 0.367237
0.645161, 0.367128
0.645411, 0.367019
0.645661, 0.36691
0.645911, 0.366801
0.646162, 0.366693
0.646412, 0.366584
0.646662, 0.366475
0.646912, 0.366367
0.647162, 0.366259
0.647412, 0.36615
0.647662, 0.366042
0.647912, 0.365934
0.648162, 0.365826
0.648412, 0.365718
0.648662, 0.36561
0.648912, 0.365502
0.649162, 0.365395
0.649412, 0.365287
0.649662, 0.36518
0.649912, 0.365072
0.650163, 0.364965
0.650413, 0.364858
0.650663, 0.364751
0.650913, 0.364644
0.651163, 0.364537
0.651413, 0.36443
0.651663, 0.364323
0.651913, 0.364217
0.652163, 0.36411
0.652413, 0.364004
0.652663, 0.363897
0.652913, 0.363791
0.653163, 0.363685
0.653413, 0.363579
0.653663, 0.363472
0.653913, 0.363367
0.654164, 0.363261
0.654414, 0.363155
0.654664, 0.363049
0.654914, 0.362944
0.655164, 0.362838
0.655414, 0.362733
0.655664, 0.362627
0.655914, 0.362522
0.656164, 0.362417
0.656414, 0.362312
0.656664, 0.362207
0.656914, 0.362102
0.657164, 0.361997
0.657414, 0.361893
0.657664, 0.361788
0.657914, 0.361684
0.658165, 0.361579
0.658415, 0.361475
0.658665, 0.361371
0.658915, 0.361267
0.659165, 0.361163
0.659415, 0.361059
0.659665, 0.360955
0.659915, 0.360851
0.660165, 0.360747
0.660415, 0.360644
0.660665, 0.36054
0.660915, 0.360437
0.661165, 0.360333
0.661415, 0.36023
0.661665, 0.360127
0.661915, 0.360024
0.662166, 0.359921
0.662416, 0.359818
0.662666, 0.359715
0.662916, 0.359612
0.663166, 0.35951
0.663416, 0.359407
0.663666, 0.359305
0.663916, 0.359202
0.664166, 0.3591
0.664416, 0.358998
0.664666, 0.358896
0.664916, 0.358794
0.665166, 0.358692
0.665416, 0.35859
0.665666, 0.358489
0.665916, 0.358387
0.666167, 0.358285
0.666417, 0.358184
0.666667, 0.358083
0.666917, 0.357981
0.667167, 0.35788
0.667417, 0.357779
0.667667, 0.357678
0.667917, 0.357577
0.668167, 0.357476
0.668417, 0.357375
0.668667, 0.357275
0.668917, 0.357174
0.669167, 0.357074
0.669417, 0.356973
0.669667, 0.356873
0.669917, 0.356773
0.670168, 0.356673
0.670418, 0.356573
0.670668, 0.356473
0.670918, 0.356373
0.671168, 0.356273
0.671418, 0.356173
0.671668, 0.356074
0.671918, 0.355974
0.672168, 0.355875
0.672418, 0.355776
0.672668, 0.355676
0.672918, 0.355577
0.673168, 0.355478
0.673418, 0.355379
0.673668, 0.35528
0.673918, 0.355182
0.674169, 0.355083
0.674419, 0.354984
0.674669, 0.354886
0.674919, 0.354787
0.675169, 0.354689
0.675419, 0.354591
0.675669, 0.354493
0.675919, 0.354395
0.676169, 0.354297
0.676419, 0.354199
0.676669, 0.354101
0.676919, 0.354003
0.677169, 0.353906
0.677419, 0.353808
0.677669, 0.353711
0.677919, 0.353613
0.67817, 0.353516
0.67842, 0.353419
0.67867, 0.353322
0.67892, 0.353225
0.67917, 0.353128
0.67942, 0.353031
0.67967, 0.352934
0.67992, 0.352838
0.68017, 0.352741
0.68042, 0.352645
0.68067, 0.352548
0.68092, 0.352452
0.68117, 0.352356
0.68142, 0.35226
0.68167, 0.352164
0.68192, 0.352068
0.682171, 0.351972
0.682421, 0.351876
0.682671, 0.351781
0.682921, 0.351685
0.683171, 0.35159
0.683421, 0.351494
0.683671, 0.351399
0.683921, 0.351304
0.684171, 0.351209
0.684421, 0.351113
0.684671, 0.351019
0.684921, 0.350924
0.685171, 0.350829
0.685421, 0.350734
0.685671, 0.35064
0.685921, 0.350545
0.686172, 0.350451
0.686422, 0.350356
0.686672, 0.350262
0.686922, 0.350168
0.687172, 0.350074
0.687422, 0.34998
0.687672, 0.349886
0.687922, 0.349792
0.688172, 0.349699
0.688422, 0.349605
0.688672, 0.349511
0.688922, 0.349418
0.689172, 0.349325
0.689422, 0.349231
0.689672, 0.349138
0.689922, 0.349045
0.690173, 0.348952
0.690423, 0.348859
0.690673, 0.348766
0.690923, 0.348674
0.691173, 0.348581
0.691423, 0.348488
0.691673, 0.348396
0.691923, 0.348304
0.692173, 0.348211
0.692423, 0.348119
0.692673, 0.348027
0.692923, 0.347935
0.693173, 0.347843
0.693423, 0.347751
0.693673, 0.347659
0.693923, 0.347568
0.694174, 0.347476
0.694424, 0.347385
0.694674, 0.347293
0.694924, 0.347202
0.695174, 0.347111
0.695424, 0.34702
0.695674, 0.346929
0.695924, 0.346838
0.696174, 0.346747
0.696424, 0.346656
0.696674, 0.346565
0.696924, 0.346475
0.697174, 0.346384
0.697424, 0.346294
0.697674, 0.346203
0.697924, 0.346113
0.698175, 0.346023
0.698425, 0.345933
0.698675, 0.345843
0.698925, 0.345753
0.699175, 0.345663
0.699425, 0.345573
0.699675, 0.345484
0.699925, 0.345394
0.700175, 0.345305
0.700425, 0.345215
0.700675, 0.345126
0.700925, 0.345037
0.701175, 0.344948
0.701425, 0.344859
0.701675, 0.34477
0.701925, 0.344681
0.702176, 0.344592
0.702426, 0.344504
0.702676, 0.344415
0.702926, 0.344327
0.703176, 0.344238
0.703426, 0.34415
0.703676, 0.344062
0.703926, 0.343974
0.704176, 0.343885
0.704426, 0.343798
0.704676, 0.34371
0.704926, 0.343622
0.705176, 0.343534
0.705426, 0.343447
0.705676, 0.343359
0.705926, 0.343272
0.706177, 0.343184
0.706427, 0.343097
0.706677, 0.34301
0.706927, 0.342923
0.707177, 0.342836
0.707427, 0.342749
0.707677, 0.342662
0.707927, 0.342575
0.708177, 0.342489
0.708427, 0.342402
0.708677, 0.342316
0.708927, 0.342229
0.709177, 0.342143
0.709427, 0.342057
0.709677, 0.341971
0.709927, 0.341885
0.710178, 0.341799
0.710428, 0.341713
0.710678, 0.341627
0.710928, 0.341542
0.711178, 0.341456
0.711428, 0.34137
0.711678, 0.341285
0.711928, 0.3412
0.712178, 0.341115
0.712428, 0.341029
0.712678, 0.340944
0.712928, 0.340859
0.713178, 0.340774
0.713428, 0.34069
0.713678, 0.340605
0.713928, 0.34052
0.714179, 0.340436
0.714429, 0.340351
0.714679, 0.340267
0.714929, 0.340183
0.715179, 0.340099
0.715429, 0.340015
0.715679, 0.339931
0.715929, 0.339847
0.716179, 0.339763
0.716429, 0.339679
0.716679, 0.339595
0.716929, 0.339512
0.717179, 0.339428
0.717429, 0.339345
0.717679, 0.339262
0.717929, 0.339179
0.71818, 0.339095
0.71843, 0.339012
0.71868, 0.338929
0.71893, 0.338847
0.71918, 0.338764
0.71943, 0.338681
0.71968, 0.338599
0.71993, 0.338516
0.72018, 0.338434
0.72043, 0.338351
0.72068, 0.338269
0.72093, 0.338187
0.72118, 0.338105
0.72143, 0.338023
0.72168, 0.337941
0.72193, 0.337859
0.722181, 0.337777
0.722431, 0.337696
0.722681, 0.337614
0.722931, 0.337533
0.723181, 0.337451
0.723431, 0.33737
0.723681, 0.337289
0.723931, 0.337208
0.724181, 0.337127
0.724431, 0.337046
0.724681, 0.336965
0.724931, 0.336884
0.725181, 0.336804
0.725431, 0.336723
0.725681, 0.336643
0.725931, 0.336562
0.726182, 0.336482
0.726432, 0.336402
0.726682, 0.336322
0.726932, 0.336242
0.727182, 0.336162
0.727432, 0.336082
0.727682, 0.336002
0.727932, 0.335922
0.728182, 0.335843
0.728432, 0.335763
0.728682, 0.335684
0.728932, 0.335604
0.729182, 0.335525
0.729432, 0.335446
0.729682, 0.335367
0.729932, 0.335288
0.730183, 0.335209
0.730433, 0.33513
0.730683, 0.335051
0.730933, 0.334973
0.731183, 0.334894
0.731433, 0.334816
0.731683, 0.334737
0.731933, 0.334659
0.732183, 0.334581
0.732433, 0.334503
0.732683, 0.334424
0.732933, 0.334347
0.733183, 0.334269
0.733433, 0.334191
0.733683, 0.334113
0.733933, 0.334036
0.734184, 0.333958
0.734434, 0.333881
0.734684, 0.333803
0.734934, 0.333726
0.735184, 0.333649
0.735434, 0.333572
0.735684, 0.333495
0.735934, 0.333418
0.736184, 0.333341
0.736434, 0.333264
0.736684, 0.333188
0.736934, 0.333111
0.737184, 0.333035
0.737434, 0.332958
0.737684, 0.332882
0.737934, 0.332806
0.738185, 0.33273
0.738435, 0.332654
0.738685, 0.332578
0.738935, 0.332502
0.739185, 0.332426
0.739435, 0.33235
0.739685, 0.332275
0.739935, 0.332199
0.740185, 0.332124
0.740435, 0.332049
0.740685, 0.331973
0.740935, 0.331898
0.741185, 0.331823
0.741435, 0.331748
0.741685, 0.331673
0.741935, 0.331598
0.742186, 0.331524
0.742436, 0.331449
0.742686, 0.331374
0.742936, 0.3313
0.743186, 0.331226
0.743436, 0.331151
0.743686, 0.331077
0.743936, 0.331003
0.744186, 0.330929
0.744436, 0.330855
0.744686, 0.330781
0.744936, 0.330707
0.745186, 0.330634
0.745436, 0.33056
0.745686, 0.330487
0.745936, 0.330413
0.746187, 0.33034
0.746437, 0.330267
0.746687, 0.330194
0.746937, 0.33012
0.747187, 0.330047
0.747437, 0.329975
0.747687, 0.329902
0.747937, 0.329829
0.748187, 0.329756
0.748437, 0.329684
0.748687, 0.329611
0.748937, 0.329539
0.749187, 0.329467
0.749437, 0.329395
0.749687, 0.329322
0.749937, 0.32925
0.750188, 0.329178
0.750438, 0.329107
0.750688, 0.329035
0.750938, 0.328963
0.751188, 0.328892
0.751438, 0.32882
0.751688, 0.328749
0.751938, 0.328677
0.752188, 0.328606
0.752438, 0.328535
0.752688, 0.328464
0.752938, 0.328393
0.753188, 0.328322
0.753438, 0.328251
0.753688, 0.32818
0.753938, 0.32811
0.754189, 0.328039
0.754439, 0.327969
0.754689, 0.327898
0.754939, 0.327828
0.755189, 0.327758
0.755439, 0.327688
0.755689, 0.327618
0.755939, 0.327548
0.756189, 0.327478
0.756439, 0.327408
0.756689, 0.327338
0.756939, 0.327269
0.757189, 0.327199
0.757439, 0.32713
0.757689, 0.327061
0.757939, 0.326991
0.75819, 0.326922
0.75844, 0.326853
0.75869, 0.326784
0.75894, 0.326715
0.75919, 0.326646
0.75944, 0.326578
0.75969, 0.326509
0.75994, 0.32644
0.76019, 0.326372
0.76044, 0.326304
0.76069, 0.326235
0.76094, 0.326167
0.76119, 0.326099
0.76144, 0.326031
0.76169, 0.325963
0.76194, 0.325895
0.762191, 0.325827
0.762441, 0.32576
0.762691, 0.325692
0.762941, 0.325625
0.763191, 0.325557
0.763441, 0.32549
0.763691, 0.325423
0.763941, 0.325355
0.764191, 0.325288
0.764441, 0.325221
0.764691, 0.325154
0.764941, 0.325088
0.765191, 0.325021
0.765441, 0.324954
0.765691, 0.324888
0.765941, 0.324821
0.766192, 0.324755
0.766442, 0.324688
0.766692, 0.324622
0.766942, 0.324556
0.767192, 0.32449
0.767442, 0.324424
0.767692, 0.324358
0.767942, 0.324292
0.768192, 0.324227
0.768442, 0.324161
0.768692, 0.324096
0.768942, 0.32403
0.769192, 0.323965
0.769442, 0.3239
0.769692, 0.323834
0.769942, 0.323769
0.770193, 0.323704
0.770443, 0.323639
0.770693, 0.323575
0.770943, 0.32351
0.771193, 0.323445
0.771443, 0.323381
0.771693, 0.323316
0.771943, 0.323252
0.772193, 0.323187
0.772443, 0.323123
0.772693, 0.323059
0.772943, 0.322995
0.773193, 0.322931
0.773443, 0.322867
0.773693, 0.322803
0.773943, 0.32274
0.774194, 0.322676
0.774444, 0.322612
0.774694, 0.322549
0.774944, 0.322486
0.775194, 0.322422
0.775444, 0.322359
0.775694, 0.322296
0.775944, 0.322233
0.776194, 0.32217
0.776444, 0.322107
0.776694, 0.322044
0.776944, 0.321982
0.777194, 0.321919
0.777444, 0.321857
0.777694, 0.321794
0.777944, 0.321732
0.778195, 0.32167
0.778445, 0.321608
0.778695, 0.321545
0.778945, 0.321483
0.779195, 0.321422
0.779445, 0.32136
0.779695, 0.321298
0.779945, 0.321236
0.780195, 0.321175
0.780445, 0.321113
0.780695, 0.321052
0.780945, 0.320991
0.781195, 0.320929
0.781445, 0.320868
0.781695, 0.320807
0.781945, 0.320746
0.782196, 0.320686
0.782446, 0.320625
0.782696, 0.320564
0.782946, 0.320503
0.783196, 0.320443
0.783446, 0.320382
0.783696, 0.320322
0.783946, 0.320262
0.784196, 0.320202
0.784446, 0.320142
0.784696, 0.320082
0.784946, 0.320022
0.785196, 0.319962
0.785446, 0.319902
0.785696, 0.319842
0.785946, 0.319783
0.786197, 0.319723
0.786447, 0.319664
0.786697, 0.319605
0.786947, 0.319545
0.787197, 0.319486
0.787447, 0.319427
0.787697, 0.319368
0.787947, 0.319309
0.788197, 0.319251
0.788447, 0.319192
0.788697, 0.319133
0.788947, 0.319075
0.789197, 0.319016
0.789447, 0.318958
0.789697, 0.3189
0.789947, 0.318841
0.790198, 0.318783
0.790448, 0.318725
0.790698, 0.318667
0.790948, 0.31861
0.791198, 0.318552
0.791448, 0.318494
0.791698, 0.318436
0.791948, 0.318379
0.792198, 0.318322
0.792448, 0.318264
0.792698, 0.318207
0.792948, 0.31815
0.793198, 0.318093
0.793448, 0.318036
0.793698, 0.317979
0.793948, 0.317922
0.794199, 0.317865
0.794449, 0.317809
0.794699, 0.317752
0.794949, 0.317696
0.795199, 0.317639
0.795449, 0.317583
0.795699, 0.317527
0.795949, 0.317471
0.796199, 0.317414
0.796449, 0.317359
0.796699, 0.317303
0.796949, 0.317247
0.797199, 0.317191
0.797449, 0.317136
0.797699, 0.31708
0.797949, 0.317025
0.7982, 0.316969
0.79845, 0.316914
0.7987, 0.316859
0.79895, 0.316804
0.7992, 0.316749
0.79945, 0.316694
0.7997, 0.316639
0.79995, 0.316584
0.8002, 0.316529
0.80045, 0.316475
0.8007, 0.31642
0.80095, 0.316366
0.8012, 0.316312
0.80145, 0.316257
0.8017, 0.316203
0.80195, 0.316149
0.802201, 0.316095
0.802451, 0.316041
0.802701, 0.315987
0.802951, 0.315934
0.803201, 0.31588
0.803451, 0.315826
0.803701, 0.315773
0.803951, 0.31572
0.804201, 0.315666
0.804451, 0.315613
0.804701, 0.31556
0.804951, 0.315507
0.805201, 0.315454
0.805451, 0.315401
0.805701, 0.315348
0.805951, 0.315296
0.806202, 0.315243
0.806452, 0.31519
0.806702, 0.315138
0.806952, 0.315086
0.807202, 0.315033
0.807452, 0.314981
0.807702, 0.314929
0.807952, 0.314877
0.808202, 0.314825
0.808452, 0.314773
0.808702, 0.314722
0.808952, 0.31467
0.809202, 0.314618
0.809452, 0.314567
0.809702, 0.314515
0.809952, 0.314464
0.810203, 0.314413
0.810453, 0.314362
0.810703, 0.314311
0.810953, 0.31426
0.811203, 0.314209
0.811453, 0.314158
0.811703, 0.314107
0.811953, 0.314057
0.812203, 0.314006
0.812453, 0.313956
0.812703, 0.313905
0.812953, 0.313855
0.813203, 0.313805
0.813453, 0.313754
0.813703, 0.313704
0.813953, 0.313654
0.814204, 0.313605
0.814454, 0.313555
0.814704, 0.313505
0.814954, 0.313455
0.815204, 0.313406
0.815454, 0.313357
0.815704, 0.313307
0.815954, 0.313258
0.816204, 0.313209
0.816454, 0.31316
0.816704, 0.313111
0.816954, 0.313062
0.817204, 0.313013
0.817454, 0.312964
0.817704, 0.312915
0.817954, 0.312867
0.818205, 0.312818
0.818455, 0.31277
0.818705, 0.312721
0.818955, 0.312673
0.819205, 0.312625
0.819455, 0.312577
0.819705, 0.312529
0.819955, 0.312481
0.820205, 0.312433
0.820455, 0.312386
0.820705, 0.312338
0.820955, 0.31229
0.821205, 0.312243
0.821455, 0.312195
0.821705, 0.312148
0.821955, 0.312101
0.822206, 0.312054
0.822456, 0.312007
0.822706, 0.31196
0.822956, 0.311913
0.823206, 0.311866
0.823456, 0.311819
0.823706, 0.311773
0.823956, 0.311726
0.824206, 0.31168
0.824456, 0.311633
0.824706, 0.311587
0.824956, 0.311541
0.825206, 0.311495
0.825456, 0.311449
0.825706, 0.311403
0.825956, 0.311357
0.826207, 0.311311
0.826457, 0.311266
0.826707, 0.31122
0.826957, 0.311174
0.827207, 0.311129
0.827457, 0.311084
0.827707, 0.311038
0.827957, 0.310993
0.828207, 0.310948
0.828457, 0.310903
0.828707, 0.310858
0.828957, 0.310813
0.829207, 0.310769
0.829457, 0.310724
0.829707, 0.310679
0.829957, 0.310635
0.830208, 0.31059
0.830458, 0.310546
0.830708, 0.310502
0.830958, 0.310458
0.831208, 0.310414
0.831458, 0.31037
0.831708, 0.310326
0.831958, 0.310282
0.832208, 0.310238
0.832458, 0.310195
0.832708, 0.310151
0.832958, 0.310108
0.833208, 0.310064
0.833458, 0.310021
0.833708, 0.309978
0.833958, 0.309935
0.834209, 0.309892
0.834459, 0.309849
0.834709, 0.309806
0.834959, 0.309763
0.835209, 0.30972
0.835459, 0.309678
0.835709, 0.309635
0.835959, 0.309593
0.836209, 0.30955
0.836459, 0.309508
0.836709, 0.309466
0.836959, 0.309424
0.837209, 0.309382
0.837459, 0.30934
0.837709, 0.309298
0.837959, 0.309256
0.83821, 0.309214
0.83846, 0.309173
0.83871, 0.309131
0.83896, 0.30909
0.83921, 0.309049
0.83946, 0.309007
0.83971, 0.308966
0.83996, 0.308925
0.84021, 0.308884
0.84046, 0.308843
0.84071, 0.308802
0.84096, 0.308762
0.84121, 0.308721
0.84146, 0.30868
0.84171, 0.30864
0.84196, 0.3086
0.842211, 0.308559
0.842461, 0.308519
0.842711, 0.308479
0.842961, 0.308439
0.843211, 0.308399
0.843461, 0.308359
0.843711, 0.308319
0.843961, 0.308279
0.844211, 0.30824
0.844461, 0.3082
0.844711, 0.308161
0.844961, 0.308121
0.845211, 0.308082
0.845461, 0.308043
0.845711, 0.308004
0.845961, 0.307965
0.846212, 0.307926
0.846462, 0.307887
0.846712, 0.307848
0.846962, 0.307809
0.847212, 0.307771
0.847462, 0.307732
0.847712, 0.307694
0.847962, 0.307655
0.848212, 0.307617
0.848462, 0.307579
0.848712, 0.307541
0.848962, 0.307503
0.849212, 0.307465
0.849462, 0.307427
0.849712, 0.307389
0.849962, 0.307352
0.850213, 0.307314
0.850463, 0.307277
0.850713, 0.307239
0.850963, 0.307202
0.851213, 0.307165
0.851463, 0.307127
0.851713, 0.30709
0.851963, 0.307053
0.852213, 0.307016
0.852463, 0.30698
0.852713, 0.306943
0.852963, 0.306906
0.853213, 0.30687
0.853463, 0.306833
0.853713, 0.306797
0.853963, 0.30676
0.854214, 0.306724
0.854464, 0.306688
0.854714, 0.306652
0.854964, 0.306616
0.855214, 0.30658
0.855464, 0.306544
0.855714, 0.306509
0.855964, 0.306473
0.856214, 0.306437
0.856464, 0.306402
0.856714, 0.306366
0.856964, 0.306331
0.857214, 0.306296
0.857464, 0.306261
0.857714, 0.306226
0.857964, 0.306191
0.858215, 0.306156
0.858465, 0.306121
0.858715, 0.306086
0.858965, 0.306052
0.859215, 0.306017
0.859465, 0.305983
0.859715, 0.305949
0.859965, 0.305914
0.860215, 0.30588
0.860465, 0.305846
0.860715, 0.305812
0.860965, 0.305778
0.861215, 0.305744
0.861465, 0.30571
0.861715, 0.305677
0.861965, 0.305643
0.862216, 0.30561
0.862466, 0.305576
0.862716, 0.305543
0.862966, 0.30551
0.863216, 0.305476
0.863466, 0.305443
0.863716, 0.30541
0.863966, 0.305377
0.864216, 0.305344
0.864466, 0.305312
0.864716, 0.305279
0.864966, 0.305246
0.865216, 0.305214
0.865466, 0.305182
0.865716, 0.305149
0.865966, 0.305117
0.866217, 0.305085
0.866467, 0.305053
0.866717, 0.305021
0.866967, 0.304989
0.867217, 0.304957
0.867467, 0.304925
0.867717, 0.304894
0.867967, 0.304862
0.868217, 0.304831
0.868467, 0.304799
0.868717, 0.304768
0.868967, 0.304737
0.869217, 0.304706
0.869467, 0.304675
0.869717, 0.304644
0.869967, 0.304613
0.870218, 0.304582
0.870468, 0.304551
0.870718, 0.304521
0.870968, 0.30449
0.871218, 0.30446
0.871468, 0.304429
0.871718, 0.304399
0.871968, 0.304369
0.872218, 0.304339
0.872468, 0.304308
0.872718, 0.304279
0.872968, 0.304249
0.873218, 0.304219
0.873468, 0.304189
0.873718, 0.30416
0.873968, 0.30413
0.874219, 0.304101
0.874469, 0.304071
0.874719, 0.304042
0.874969, 0.304013
0.875219, 0.303984
0.875469, 0.303955
0.875719, 0.303926
0.875969, 0.303897
0.876219, 0.303868
0.876469, 0.303839
0.876719, 0.303811
0.876969, 0.303782
0.877219, 0.303754
0.877469, 0.303726
0.877719, 0.303697
0.877969, 0.303669
0.87822, 0.303641
0.87847, 0.303613
0.87872, 0.303585
0.87897, 0.303557
0.87922, 0.30353
0.87947, 0.303502
0.87972, 0.303474
0.87997, 0.303447
0.88022, 0.303419
0.88047, 0.303392
0.88072, 0.303365
0.88097, 0.303338
0.88122, 0.303311
0.88147, 0.303284
0.88172, 0.303257
0.88197, 0.30323
0.882221, 0.303203
0.882471, 0.303176
0.882721, 0.30315
0.882971, 0.303123
0.883221, 0.303097
0.883471, 0.303071
0.883721, 0.303045
0.883971, 0.303018
0.884221, 0.302992
0.884471, 0.302966
0.884721, 0.30294
0.884971, 0.302915
0.885221, 0.302889
0.885471, 0.302863
0.885721, 0.302838
0.885971, 0.302812
0.886222, 0.302787
0.886472, 0.302762
0.886722, 0.302736
0.886972, 0.302711
0.887222, 0.302686
0.887472, 0.302661
0.887722, 0.302636
0.887972, 0.302612
0.888222, 0.302587
0.888472, 0.302562
0.888722, 0.302538
0.888972, 0.302513
0.889222, 0.302489
0.889472, 0.302465
0.889722, 0.302441
0.889972, 0.302416
0.890223, 0.302392
0.890473, 0.302368
0.890723, 0.302345
0.890973, 0.302321
0.891223, 0.302297
0.891473, 0.302274
0.891723, 0.30225
0.891973, 0.302227
0.892223, 0.302203
0.892473, 0.30218
0.892723, 0.302157
0.892973, 0.302134
0.893223, 0.302111
0.893473, 0.302088
0.893723, 0.302065
0.893973, 0.302042
0.894224, 0.30202
0.894474, 0.301997
0.894724, 0.301974
0.894974, 0.301952
0.895224, 0.30193
0.895474, 0.301907
0.895724, 0.301885
0.895974, 0.301863
0.896224, 0.301841
0.896474, 0.301819
0.896724, 0.301797
0.896974, 0.301776
0.897224, 0.301754
0.897474, 0.301732
0.897724, 0.301711
0.897974, 0.30169
0.898225, 0.301668
0.898475, 0.301647
0.898725, 0.301626
0.898975, 0.301605
0.899225, 0.301584
0.899475, 0.301563
0.899725, 0.301542
0.899975, 0.301521
0.900225, 0.301501
0.900475, 0.30148
0.900725, 0.30146
0.900975, 0.301439
0.901225, 0.301419
0.901475, 0.301399
0.901725, 0.301379
0.901975, 0.301359
0.902226, 0.301339
0.902476, 0.301319
0.902726, 0.301299
0.902976, 0.301279
0.903226, 0.30126
0.903476, 0.30124
0.903726, 0.301221
0.903976, 0.301201
0.904226, 0.301182
0.904476, 0.301163
0.904726, 0.301144
0.904976, 0.301125
0.905226, 0.301106
0.905476, 0.301087
0.905726, 0.301068
0.905976, 0.301049
0.906227, 0.301031
0.906477, 0.301012
0.906727, 0.300994
0.906977, 0.300975
0.907227, 0.300957
0.907477, 0.300939
0.907727, 0.300921
0.907977, 0.300903
0.908227, 0.300885
0.908477, 0.300867
0.908727, 0.300849
0.908977, 0.300832
0.909227, 0.300814
0.909477, 0.300796
0.909727, 0.300779
0.909977, 0.300762
0.910228, 0.300744
0.910478, 0.300727
0.910728, 0.30071
0.910978, 0.300693
0.911228, 0.300676
0.911478, 0.300659
0.911728, 0.300643
0.911978, 0.300626
0.912228, 0.300609
0.912478, 0.300593
0.912728, 0.300576
0.912978, 0.30056
0.913228, 0.300544
0.913478, 0.300528
0.913728, 0.300512
0.913978, 0.300496
0.914229, 0.30048
0.914479, 0.300464
0.914729, 0.300448
0.914979, 0.300433
0.915229, 0.300417
0.915479, 0.300401
0.915729, 0.300386
0.915979, 0.300371
0.916229, 0.300356
0.916479, 0.30034
0.916729, 0.300325
0.916979, 0.30031
0.917229, 0.300295
0.917479, 0.300281
0.917729, 0.300266
0.917979, 0.300251
0.91823, 0.300237
0.91848, 0.300222
0.91873, 0.300208
0.91898, 0.300194
0.91923, 0.300179
0.91948, 0.300165
0.91973, 0.300151
0.91998, 0.300137
0.92023, 0.300123
0.92048, 0.300109
0.92073, 0.300096
0.92098, 0.300082
0.92123, 0.300069
0.92148, 0.300055
0.92173, 0.300042
0.92198, 0.300028
0.922231, 0.300015
0.922481, 0.300002
0.922731, 0.299989
0.922981, 0.299976
0.923231, 0.299963
0.923481, 0.29995
0.923731, 0.299938
0.923981, 0.299925
0.924231, 0.299913
0.924481, 0.2999
0.924731, 0.299888
0.924981, 0.299876
0.925231, 0.299863
0.925481, 0.299851
0.925731, 0.299839
0.925981, 0.299827
0.926232, 0.299815
0.926482, 0.299804
0.926732, 0.299792
0.926982, 0.29978
0.927232, 0.299769
0.927482, 0.299757
0.927732, 0.299746
0.927982, 0.299735
0.928232, 0.299724
0.928482, 0.299712
0.928732, 0.299701
0.928982, 0.299691
0.929232, 0.29968
0.929482, 0.299669
0.929732, 0.299658
0.929982, 0.299648
0.930233, 0.299637
0.930483, 0.299627
0.930733, 0.299616
0.930983, 0.299606
0.931233, 0.299596
0.931483, 0.299586
0.931733, 0.299576
0.931983, 0.299566
0.932233, 0.299556
0.932483, 0.299546
0.932733, 0.299537
0.932983, 0.299527
0.933233, 0.299518
0.933483, 0.299508
0.933733, 0.299499
0.933983, 0.29949
0.934234, 0.29948
0.934484, 0.299471
0.934734, 0.299462
0.934984, 0.299454
0.935234, 0.299445
0.935484, 0.299436
0.935734, 0.299427
0.935984, 0.299419
0.936234, 0.29941
0.936484, 0.299402
0.936734, 0.299394
0.936984, 0.299385
0.937234, 0.299377
0.937484, 0.299369
0.937734, 0.299361
0.937984, 0.299353
0.938235, 0.299345
0.938485, 0.299338
0.938735, 0.29933
0.938985, 0.299323
0.939235, 0.299315
0.939485, 0.299308
0.939735, 0.2993
0.939985, 0.299293
0.940235, 0.299286
0.940485, 0.299279
0.940735, 0.299272
0.940985, 0.299265
0.941235, 0.299258
0.941485, 0.299252
0.941735, 0.299245
0.941985, 0.299238
0.942236, 0.299232
0.942486, 0.299226
0.942736, 0.299219
0.942986, 0.299213
0.943236, 0.299207
0.943486, 0.299201
0.943736, 0.299195
0.943986, 0.299189
0.944236, 0.299183
0.944486, 0.299178
0.944736, 0.299172
0.944986, 0.299167
0.945236, 0.299161
0.945486, 0.299156
0.945736, 0.29915
0.945986, 0.299145
0.946237, 0.29914
0.946487, 0.299135
0.946737, 0.29913
0.946987, 0.299125
0.947237, 0.299121
0.947487, 0.299116
0.947737, 0.299111
0.947987, 0.299107
0.948237, 0.299102
0.948487, 0.299098
0.948737, 0.299094
0.948987, 0.29909
0.949237, 0.299085
0.949487, 0.299081
0.949737, 0.299077
0.949987, 0.299074
0.950238, 0.29907
0.950488, 0.299066
0.950738, 0.299063
0.950988, 0.299059
0.951238, 0.299056
0.951488, 0.299052
0.951738, 0.299049
0.951988, 0.299046
0.952238, 0.299043
0.952488, 0.29904
0.952738, 0.299037
0.952988, 0.299034
0.953238, 0.299031
0.953488, 0.299029
0.953738, 0.299026
0.953988, 0.299024
0.954239, 0.299021
0.954489, 0.299019
0.954739, 0.299017
0.954989, 0.299014
0.955239, 0.299012
0.955489, 0.29901
0.955739, 0.299009
0.955989, 0.299007
0.956239, 0.299005
0.956489, 0.299003
0.956739, 0.299002
0.956989, 0.299
0.957239, 0.298999
0.957489, 0.298998
0.957739, 0.298996
0.957989, 0.298995
0.95824, 0.298994
0.95849, 0.298993
0.95874, 0.298992
0.95899, 0.298991
0.95924, 0.298991
0.95949, 0.29899
0.95974, 0.29899
0.95999, 0.298989
0.96024, 0.298989
0.96049, 0.298988
0.96074, 0.298988
0.96099, 0.298988
0.96124, 0.298988
0.96149, 0.298988
0.96174, 0.298988
0.96199, 0.298988
0.962241, 0.298989
0.962491, 0.298989
0.962741, 0.298989
0.962991, 0.29899
0.963241, 0.298991
0.963491, 0.298991
0.963741, 0.298992
0.963991, 0.298993
0.964241, 0.298994
0.964491, 0.298995
0.964741, 0.298996
0.964991, 0.298997
0.965241, 0.298999
0.965491, 0.299
0.965741, 0.299001
0.965991, 0.299003
0.966242, 0.299005
0.966492, 0.299006
0.966742, 0.299008
0.966992, 0.29901
0.967242, 0.299012
0.967492, 0.299014
0.967742, 0.299016
0.967992, 0.299019
0.968242, 0.299021
0.968492, 0.299023
0.968742, 0.299026
0.968992, 0.299028
0.969242, 0.299031
0.969492, 0.299034
0.969742, 0.299036
0.969992, 0.299039
0.970243, 0.299042
0.970493, 0.299045
0.970743, 0.299049
0.970993, 0.299052
0.971243, 0.299055
0.971493, 0.299059
0.971743, 0.299062
0.971993, 0.299066
0.972243, 0.299069
0.972493, 0.299073
0.972743, 0.299077
0.972993, 0.299081
0.973243, 0.299085
0.973493, 0.299089
0.973743, 0.299093
0.973993, 0.299097
0.974244, 0.299102
0.974494, 0.299106
0.974744, 0.299111
0.974994, 0.299115
0.975244, 0.29912
0.975494, 0.299125
0.975744, 0.299129
0.975994, 0.299134
0.976244, 0.299139
0.976494, 0.299144
0.976744, 0.29915
0.976994, 0.299155
0.977244, 0.29916
0.977494, 0.299166
0.977744, 0.299171
0.977994, 0.299177
0.978245, 0.299182
0.978495, 0.299188
0.978745, 0.299194
0.978995, 0.2992
0.979245, 0.299206
0.979495, 0.299212
0.979745, 0.299218
0.979995, 0.299225
0.980245, 0.299231
0.980495, 0.299237
0.980745, 0.299244
0.980995, 0.299251
0.981245, 0.299257
0.981495, 0.299264
0.981745, 0.299271
0.981995, 0.299278
0.982246, 0.299285
0.982496, 0.299292
0.982746, 0.299299
0.982996, 0.299306
0.983246, 0.299314
0.983496, 0.299321
0.983746, 0.299329
0.983996, 0.299336
0.984246, 0.299344
0.984496, 0.299352
0.984746, 0.29936
0.984996, 0.299368
0.985246, 0.299376
0.985496, 0.299384
0.985746, 0.299392
0.985996, 0.299401
0.986247, 0.299409
0.986497, 0.299417
0.986747, 0.299426
0.986997, 0.299435
0.987247, 0.299443
0.987497, 0.299452
0.987747, 0.299461
0.987997, 0.29947
0.988247, 0.299479
0.988497, 0.299488
0.988747, 0.299497
0.988997, 0.299507
0.989247, 0.299516
0.989497, 0.299526
0.989747, 0.299535
0.989997, 0.299545
0.990248, 0.299555
0.990498, 0.299564
0.990748, 0.299574
0.990998, 0.299584
0.991248, 0.299594
0.991498, 0.299604
0.991748, 0.299615
0.991998, 0.299625
0.992248, 0.299635
0.992498, 0.299646
0.992748, 0.299657
0.992998, 0.299667
0.993248, 0.299678
0.993498, 0.299689
0.993748, 0.2997
0.993998, 0.299711
0.994249, 0.299722
0.994499, 0.299733
0.994749, 0.299744
0.994999, 0.299756
0.995249, 0.299767
0.995499, 0.299778
0.995749, 0.29979
0.995999, 0.299802
0.996249, 0.299813
0.996499, 0.299825
0.996749, 0.299837
0.996999, 0.299849
0.997249, 0.299861
0.997499, 0.299874
0.997749, 0.299886
0.997999, 0.299898
0.99825, 0.299911
0.9985, 0.299923
0.99875, 0.299936
0.999, 0.299948
0.99925, 0.299961
0.9995, 0.299974
0.99975, 0.299987
1, 0.3

