0, 1
0.000250063, 0.999716
0.000500125, 0.999432
0.000750188, 0.999148
0.00100025, 0.998865
0.00125031, 0.998581
0.00150038, 0.998298
0.00175044, 0.998015
0.0020005, 0.997732
0.00225056, 0.99745
0.00250063, 0.997167
0.00275069, 0.996885
0.00300075, 0.996603
0.00325081, 0.996321
0.00350088, 0.996039
0.00375094, 0.995757
0.004001, 0.995476
0.00425106, 0.995194
0.00450113, 0.994913
0.00475119, 0.994632
0.00500125, 0.994351
0.00525131, 0.994071
0.00550138, 0.99379
0.00575144, 0.99351
0.0060015, 0.99323
0.00625156, 0.99295
0.00650163, 0.99267
0.00675169, 0.99239
0.00700175, 0.992111
0.00725181, 0.991831
0.00750188, 0.991552
0.00775194, 0.991273
0.008002, 0.990995
0.00825206, 0.990716
0.00850213, 0.990437
0.00875219, 0.990159
0.00900225, 0.989881
0.00925231, 0.989603
0.00950238, 0.989325
0.00975244, 0.989048
0.0100025, 0.98877
0.0102526, 0.988493
0.0105026, 0.988216
0.0107527, 0.987939
0.0110028, 0.987662
0.0112528, 0.987385
0.0115029, 0.987109
0.0117529, 0.986833
0.012003, 0.986557
0.0122531, 0.986281
0.0125031, 0.986005
0.0127532, 0.985729
0.0130033, 0.985454
0.0132533, 0.985179
0.0135034, 0.984903
0.0137534, 0.984628
0.0140035, 0.984354
0.0142536, 0.984079
0.0145036, 0.983805
0.0147537, 0.98353
0.0150038, 0.983256
0.0152538, 0.982982
0.0155039, 0.982709
0.0157539, 0.982435
0.016004, 0.982162
0.0162541, 0.981888
0.0165041, 0.981615
0.0167542, 0.981342
0.0170043, 0.981069
0.0172543, 0.980797
0.0175044, 0.980524
0.0177544, 0.980252
0.0180045, 0.97998
0.0182546, 0.979708
0.0185046, 0.979436
0.0187547, 0.979165
0.0190048, 0.978893
0.0192548, 0.978622
0.0195049, 0.978351
0.0197549, 0.97808
0.020005, 0.977809
0.0202551, 0.977539
0.0205051, 0.977268
0.0207552, 0.976998
0.0210053, 0.976728
0.0212553, 0.976458
0.0215054, 0.976188
0.0217554, 0.975919
0.0220055, 0.975649
0.0222556, 0.97538
0.0225056, 0.975111
0.0227557, 0.974842
0.0230058, 0.974573
0.0232558, 0.974304
0.0235059, 0.974036
0.0237559, 0.973768
0.024006, 0.9735
0.0242561, 0.973232
0.0245061, 0.972964
0.0247562, 0.972696
0.0250063, 0.972429
0.0252563, 0.972161
0.0255064, 0.971894
0.0257564, 0.971627
0.0260065, 0.971361
0.0262566, 0.971094
0.0265066, 0.970828
0.0267567, 0.970561
0.0270068, 0.970295
0.0272568, 0.970029
0.0275069, 0.969763
0.0277569, 0.969498
0.028007, 0.969232
0.0282571, 0.968967
0.0285071, 0.968702
0.0287572, 0.968437
0.0290073, 0.968172
0.0292573, 0.967907
0.0295074, 0.967643
0.0297574, 0.967379
0.0300075, 0.967114
0.0302576, 0.96685
0.0305076, 0.966587
0.0307577, 0.966323
0.0310078, 0.966059
0.0312578, 0.965796
0.0315079, 0.965533
0.0317579, 0.96527
0.032008, 0.965007
0.0322581, 0.964744
0.0325081, 0.964482
0.0327582, 0.96422
0.0330083, 0.963957
0.0332583, 0.963695
0.0335084, 0.963433
0.0337584, 0.963172
0.0340085, 0.96291
0.0342586, 0.962649
0.0345086, 0.962388
0.0347587, 0.962127
0.0350088, 0.961866
0.0352588, 0.961605
0.0355089, 0.961345
0.0357589, 0.961084
0.036009, 0.960824
0.0362591, 0.960564
0.0365091, 0.960304
0.0367592, 0.960044
0.0370093, 0.959785
0.0372593, 0.959525
0.0375094, 0.959266
0.0377594, 0.959007
0.0380095, 0.958748
0.0382596, 0.958489
0.0385096, 0.958231
0.0387597, 0.957972
0.0390098, 0.957714
0.0392598, 0.957456
0.0395099, 0.957198
0.0397599, 0.95694
0.04001, 0.956683
0.0402601, 0.956425
0.0405101, 0.956168
0.0407602, 0.955911
0.0410103, 0.955654
0.0412603, 0.955397
0.0415104, 0.95514
0.0417604, 0.954884
0.0420105, 0.954628
0.0422606, 0.954372
0.0425106, 0.954116
0.0427607, 0.95386
0.0430108, 0.953604
0.0432608, 0.953349
0.0435109, 0.953093
0.0437609, 0.952838
0.044011, 0.952583
0.0442611, 0.952328
0.0445111, 0.952074
0.0447612, 0.951819
0.0450113, 0.951565
0.0452613, 0.95131
0.0455114, 0.951056
0.0457614, 0.950803
0.0460115, 0.950549
0.0462616, 0.950295
0.0465116, 0.950042
0.0467617, 0.949789
0.0470118, 0.949536
0.0472618, 0.949283
0.0475119, 0.94903
0.0477619, 0.948777
0.048012, 0.948525
0.0482621, 0.948273
0.0485121, 0.948021
0.0487622, 0.947769
0.0490123, 0.947517
0.0492623, 0.947265
0.0495124, 0.947014
0.0497624, 0.946763
0.0500125, 0.946511
0.0502626, 0.94626
0.0505126, 0.94601
0.0507627, 0.945759
0.0510128, 0.945508
0.0512628, 0.945258
0.0515129, 0.945008
0.0517629, 0.944758
0.052013, 0.944508
0.0522631, 0.944258
0.0525131, 0.944009
0.0527632, 0.94376
0.0530133, 0.94351
0.0532633, 0.943261
0.0535134, 0.943012
0.0537634, 0.942764
0.0540135, 0.942515
0.0542636, 0.942267
0.0545136, 0.942019
0.0547637, 0.94177
0.0550138, 0.941523
0.0552638, 0.941275
0.0555139, 0.941027
0.0557639, 0.94078
0.056014, 0.940533
0.0562641, 0.940285
0.0565141, 0.940038
0.0567642, 0.939792
0.0570143, 0.939545
0.0572643, 0.939299
0.0575144, 0.939052
0.0577644, 0.938806
0.0580145, 0.93856
0.0582646, 0.938314
0.0585146, 0.938069
0.0587647, 0.937823
0.0590148, 0.937578
0.0592648, 0.937333
0.0595149, 0.937087
0.0597649, 0.936843
0.060015, 0.936598
0.0602651, 0.936353
0.0605151, 0.936109
0.0607652, 0.935865
0.0610153, 0.935621
0.0612653, 0.935377
0.0615154, 0.935133
0.0617654, 0.934889
0.0620155, 0.934646
0.0622656, 0.934403
0.0625156, 0.93416
0.0627657, 0.933917
0.0630158, 0.933674
0.0632658, 0.933431
0.0635159, 0.933189
0.0637659, 0.932946
0.064016, 0.932704
0.0642661, 0.932462
0.0645161, 0.93222
0.0647662, 0.931979
0.0650163, 0.931737
0.0652663, 0.931496
0.0655164, 0.931254
0.0657664, 0.931013
0.0660165, 0.930773
0.0662666, 0.930532
0.0665166, 0.930291
0.0667667, 0.930051
0.0670168, 0.929811
0.0672668, 0.92957
0.0675169, 0.92933
0.0677669, 0.929091
0.068017, 0.928851
0.0682671, 0.928612
0.0685171, 0.928372
0.0687672, 0.928133
0.0690173, 0.927894
0.0692673, 0.927655
0.0695174, 0.927417
0.0697674, 0.927178
0.0700175, 0.92694
0.0702676, 0.926701
0.0705176, 0.926463
0.0707677, 0.926226
0.0710178, 0.925988
0.0712678, 0.92575
0.0715179, 0.925513
0.0717679, 0.925276
0.072018, 0.925038
0.0722681, 0.924802
0.0725181, 0.924565
0.0727682, 0.924328
0.0730183, 0.924092
0.0732683, 0.923855
0.0735184, 0.923619
0.0737684, 0.923383
0.0740185, 0.923147
0.0742686, 0.922912
0.0745186, 0.922676
0.0747687, 0.922441
0.0750188, 0.922206
0.0752688, 0.92197
0.0755189, 0.921736
0.0757689, 0.921501
0.076019, 0.921266
0.0762691, 0.921032
0.0765191, 0.920798
0.0767692, 0.920563
0.0770193, 0.92033
0.0772693, 0.920096
0.0775194, 0.919862
0.0777694, 0.919629
0.0780195, 0.919395
0.0782696, 0.919162
0.0785196, 0.918929
0.0787697, 0.918696
0.0790198, 0.918464
0.0792698, 0.918231
0.0795199, 0.917999
0.0797699, 0.917766
0.08002, 0.917534
0.0802701, 0.917302
0.0805201, 0.917071
0.0807702, 0.916839
0.0810203, 0.916608
0.0812703, 0.916376
0.0815204, 0.916145
0.0817704, 0.915914
0.0820205, 0.915683
0.0822706, 0.915453
0.0825206, 0.915222
0.0827707, 0.914992
0.0830208, 0.914762
0.0832708, 0.914532
0.0835209, 0.914302
0.0837709, 0.914072
0.084021, 0.913842
0.0842711, 0.913613
0.0845211, 0.913384
0.0847712, 0.913155
0.0850213, 0.912926
0.0852713, 0.912697
0.0855214, 0.912468
0.0857714, 0.91224
0.0860215, 0.912011
0.0862716, 0.911783
0.0865216, 0.911555
0.0867717, 0.911327
0.0870218, 0.9111
0.0872718, 0.910872
0.0875219, 0.910645
0.0877719, 0.910417
0.088022, 0.91019
0.0882721, 0.909963
0.0885221, 0.909737
0.0887722, 0.90951
0.0890223, 0.909284
0.0892723, 0.909057
0.0895224, 0.908831
0.0897724, 0.908605
0.0900225, 0.908379
0.0902726, 0.908154
0.0905226, 0.907928
0.0907727, 0.907703
0.0910228, 0.907478
0.0912728, 0.907252
0.0915229, 0.907028
0.0917729, 0.906803
0.092023, 0.906578
0.0922731, 0.906354
0.0925231, 0.906129
0.0927732, 0.905905
0.0930233, 0.905681
0.0932733, 0.905458
0.0935234, 0.905234
0.0937734, 0.90501
0.0940235, 0.904787
0.0942736, 0.904564
0.0945236, 0.904341
0.0947737, 0.904118
0.0950238, 0.903895
0.0952738, 0.903672
0.0955239, 0.90345
0.0957739, 0.903228
0.096024, 0.903006
0.0962741, 0.902784
0.0965241, 0.902562
0.0967742, 0.90234
0.0970243, 0.902119
0.0972743, 0.901897
0.0975244, 0.901676
0.0977744, 0.901455
0.0980245, 0.901234
0.0982746, 0.901013
0.0985246, 0.900793
0.0987747, 0.900572
0.0990248, 0.900352
0.0992748, 0.900132
0.0995249, 0.899912
0.0997749, 0.899692
0.100025, 0.899473
0.100275, 0.899253
0.100525, 0.899034
0.100775, 0.898814
0.101025, 0.898595
0.101275, 0.898377
0.101525, 0.898158
0.101775, 0.897939
0.102026, 0.897721
0.102276, 0.897502
0.102526, 0.897284
0.102776, 0.897066
0.103026, 0.896849
0.103276, 0.896631
0.103526, 0.896413
0.103776, 0.896196
0.104026, 0.895979
0.104276, 0.895762
0.104526, 0.895545
0.104776, 0.895328
0.105026, 0.895112
0.105276, 0.894895
0.105526, 0.894679
0.105776, 0.894463
0.106027, 0.894247
0.106277, 0.894031
0.106527, 0.893815
0.106777, 0.8936
0.107027, 0.893384
0.107277, 0.893169
0.107527, 0.892954
0.107777, 0.892739
0.108027, 0.892524
0.108277, 0.89231
0.108527, 0.892095
0.108777, 0.891881
0.109027, 0.891667
0.109277, 0.891453
0.109527, 0.891239
0.109777, 0.891025
0.110028, 0.890812
0.110278, 0.890598
0.110528, 0.890385
0.110778, 0.890172
0.111028, 0.889959
0.111278, 0.889746
0.111528, 0.889534
0.111778, 0.889321
0.112028, 0.889109
0.112278, 0.888897
0.112528, 0.888685
0.112778, 0.888473
0.113028, 0.888261
0.113278, 0.88805
0.113528, 0.887838
0.113778, 0.887627
0.114029, 0.887416
0.114279, 0.887205
0.114529, 0.886994
0.114779, 0.886783
0.115029, 0.886573
0.115279, 0.886363
0.115529, 0.886152
0.115779, 0.885942
0.116029, 0.885732
0.116279, 0.885523
0.116529, 0.885313
0.116779, 0.885104
0.117029, 0.884894
0.117279, 0.884685
0.117529, 0.884476
0.117779, 0.884267
0.11803, 0.884059
0.11828, 0.88385
0.11853, 0.883642
0.11878, 0.883434
0.11903, 0.883226
0.11928, 0.883018
0.11953, 0.88281
0.11978, 0.882602
0.12003, 0.882395
0.12028, 0.882187
0.12053, 0.88198
0.12078, 0.881773
0.12103, 0.881566
0.12128, 0.88136
0.12153, 0.881153
0.12178, 0.880947
0.122031, 0.88074
0.122281, 0.880534
0.122531, 0.880328
0.122781, 0.880123
0.123031, 0.879917
0.123281, 0.879711
0.123531, 0.879506
0.123781, 0.879301
0.124031, 0.879096
0.124281, 0.878891
0.124531, 0.878686
0.124781, 0.878481
0.125031, 0.878277
0.125281, 0.878073
0.125531, 0.877869
0.125781, 0.877665
0.126032, 0.877461
0.126282, 0.877257
0.126532, 0.877053
0.126782, 0.87685
0.127032, 0.876647
0.127282, 0.876444
0.127532, 0.876241
0.127782, 0.876038
0.128032, 0.875835
0.128282, 0.875633
0.128532, 0.87543
0.128782, 0.875228
0.129032, 0.875026
0.129282, 0.874824
0.129532, 0.874623
0.129782, 0.874421
0.130033, 0.87422
0.130283, 0.874018
0.130533, 0.873817
0.130783, 0.873616
0.131033, 0.873415
0.131283, 0.873215
0.131533, 0.873014
0.131783, 0.872814
0.132033, 0.872613
0.132283, 0.872413
0.132533, 0.872213
0.132783, 0.872013
0.133033, 0.871814
0.133283, 0.871614
0.133533, 0.871415
0.133783, 0.871216
0.134034, 0.871017
0.134284, 0.870818
0.134534, 0.870619
0.134784, 0.87042
0.135034, 0.870222
0.135284, 0.870024
0.135534, 0.869826
0.135784, 0.869628
0.136034, 0.86943
0.136284, 0.869232
0.136534, 0.869034
0.136784, 0.868837
0.137034, 0.86864
0.137284, 0.868443
0.137534, 0.868246
0.137784, 0.868049
0.138035, 0.867852
0.138285, 0.867656
0.138535, 0.867459
0.138785, 0.867263
0.139035, 0.867067
0.139285, 0.866871
0.139535, 0.866675
0.139785, 0.86648
0.140035, 0.866284
0.140285, 0.866089
0.140535, 0.865894
0.140785, 0.865699
0.141035, 0.865504
0.141285, 0.865309
0.141535, 0.865114
0.141785, 0.86492
0.142036, 0.864726
0.142286, 0.864532
0.142536, 0.864338
0.142786, 0.864144
0.143036, 0.86395
0.143286, 0.863756
0.143536, 0.863563
0.143786, 0.86337
0.144036, 0.863177
0.144286, 0.862984
0.144536, 0.862791
0.144786, 0.862598
0.145036, 0.862406
0.145286, 0.862213
0.145536, 0.862021
0.145786, 0.861829
0.146037, 0.861637
0.146287, 0.861445
0.146537, 0.861254
0.146787, 0.861062
0.147037, 0.860871
0.147287, 0.86068
0.147537, 0.860489
0.147787, 0.860298
0.148037, 0.860107
0.148287, 0.859917
0.148537, 0.859726
0.148787, 0.859536
0.149037, 0.859346
0.149287, 0.859156
0.149537, 0.858966
0.149787, 0.858776
0.150038, 0.858587
0.150288, 0.858397
0.150538, 0.858208
0.150788, 0.858019
0.151038, 0.85783
0.151288, 0.857641
0.151538, 0.857453
0.151788, 0.857264
0.152038, 0.857076
0.152288, 0.856887
0.152538, 0.856699
0.152788, 0.856511
0.153038, 0.856324
0.153288, 0.856136
0.153538, 0.855948
0.153788, 0.855761
0.154039, 0.855574
0.154289, 0.855387
0.154539, 0.8552
0.154789, 0.855013
0.155039, 0.854827
0.155289, 0.85464
0.155539, 0.854454
0.155789, 0.854268
0.156039, 0.854082
0.156289, 0.853896
0.156539, 0.85371
0.156789, 0.853525
0.157039, 0.853339
0.157289, 0.853154
0.157539, 0.852969
0.157789, 0.852784
0.15804, 0.852599
0.15829, 0.852414
0.15854, 0.85223
0.15879, 0.852045
0.15904, 0.851861
0.15929, 0.851677
0.15954, 0.851493
0.15979, 0.851309
0.16004, 0.851125
0.16029, 0.850942
0.16054, 0.850758
0.16079, 0.850575
0.16104, 0.850392
0.16129, 0.850209
0.16154, 0.850026
0.16179, 0.849844
0.162041, 0.849661
0.162291, 0.849479
0.162541, 0.849297
0.162791, 0.849115
0.163041, 0.848933
0.163291, 0.848751
0.163541, 0.848569
0.163791, 0.848388
0.164041, 0.848207
0.164291, 0.848025
0.164541, 0.847844
0.164791, 0.847663
0.165041, 0.847483
0.165291, 0.847302
0.165541, 0.847122
0.165791, 0.846941
0.166042, 0.846761
0.166292, 0.846581
0.166542, 0.846401
0.166792, 0.846222
0.167042, 0.846042
0.167292, 0.845863
0.167542, 0.845683
0.167792, 0.845504
0.168042, 0.845325
0.168292, 0.845146
0.168542, 0.844968
0.168792, 0.844789
0.169042, 0.844611
0.169292, 0.844432
0.169542, 0.844254
0.169792, 0.844076
0.170043, 0.843898
0.170293, 0.843721
0.170543, 0.843543
0.170793, 0.843366
0.171043, 0.843189
0.171293, 0.843011
0.171543, 0.842834
0.171793, 0.842658
0.172043, 0.842481
0.172293, 0.842304
0.172543, 0.842128
0.172793, 0.841952
0.173043, 0.841776
0.173293, 0.8416
0.173543, 0.841424
0.173793, 0.841248
0.174044, 0.841073
0.174294, 0.840897
0.174544, 0.840722
0.174794, 0.840547
0.175044, 0.840372
0.175294, 0.840197
0.175544, 0.840023
0.175794, 0.839848
0.176044, 0.839674
0.176294, 0.8395
0.176544, 0.839326
0.176794, 0.839152
0.177044, 0.838978
0.177294, 0.838804
0.177544, 0.838631
0.177794, 0.838458
0.178045, 0.838284
0.178295, 0.838111
0.178545, 0.837938
0.178795, 0.837766
0.179045, 0.837593
0.179295, 0.837421
0.179545, 0.837248
0.179795, 0.837076
0.180045, 0.836904
0.180295, 0.836732
0.180545, 0.83656
0.180795, 0.836389
0.181045, 0.836217
0.181295, 0.836046
0.181545, 0.835875
0.181795, 0.835704
0.182046, 0.835533
0.182296, 0.835362
0.182546, 0.835192
0.182796, 0.835021
0.183046, 0.834851
0.183296, 0.834681
0.183546, 0.834511
0.183796, 0.834341
0.184046, 0.834171
0.184296, 0.834002
0.184546, 0.833832
0.184796, 0.833663
0.185046, 0.833494
0.185296, 0.833325
0.185546, 0.833156
0.185796, 0.832987
0.186047, 0.832818
0.186297, 0.83265
0.186547, 0.832482
0.186797, 0.832314
0.187047, 0.832146
0.187297, 0.831978
0.187547, 0.83181
0.187797, 0.831642
0.188047, 0.831475
0.188297, 0.831308
0.188547, 0.831141
0.188797, 0.830974
0.189047, 0.830807
0.189297, 0.83064
0.189547, 0.830473
0.189797, 0.830307
0.190048, 0.830141
0.190298, 0.829975
0.190548, 0.829809
0.190798, 0.829643
0.191048, 0.829477
0.191298, 0.829312
0.191548, 0.829146
0.191798, 0.828981
0.192048, 0.828816
0.192298, 0.828651
0.192548, 0.828486
0.192798, 0.828321
0.193048, 0.828157
0.193298, 0.827992
0.193548, 0.827828
0.193798, 0.827664
0.194049, 0.8275
0.194299, 0.827336
0.194549, 0.827172
0.194799, 0.827009
0.195049, 0.826845
0.195299, 0.826682
0.195549, 0.826519
0.195799, 0.826356
0.196049, 0.826193
0.196299, 0.82603
0.196549, 0.825868
0.196799, 0.825705
0.197049, 0.825543
0.197299, 0.825381
0.197549, 0.825219
0.197799, 0.825057
0.19805, 0.824895
0.1983, 0.824734
0.19855, 0.824572
0.1988, 0.824411
0.19905, 0.82425
0.1993, 0.824089
0.19955, 0.823928
0.1998, 0.823768
0.20005, 0.823607
0.2003, 0.823447
0.20055, 0.823286
0.2008, 0.823126
0.20105, 0.822966
0.2013, 0.822806
0.20155, 0.822647
0.2018, 0.822487
0.202051, 0.822328
0.202301, 0.822168
0.202551, 0.822009
0.202801, 0.82185
0.203051, 0.821691
0.203301, 0.821533
0.203551, 0.821374
0.203801, 0.821216
0.204051, 0.821057
0.204301, 0.820899
0.204551, 0.820741
0.204801, 0.820583
0.205051, 0.820426
0.205301, 0.820268
0.205551, 0.820111
0.205801, 0.819953
0.206052, 0.819796
0.206302, 0.819639
0.206552, 0.819482
0.206802, 0.819326
0.207052, 0.819169
0.207302, 0.819013
0.207552, 0.818856
0.207802, 0.8187
0.208052, 0.818544
0.208302, 0.818388
0.208552, 0.818233
0.208802, 0.818077
0.209052, 0.817922
0.209302, 0.817766
0.209552, 0.817611
0.209802, 0.817456
0.210053, 0.817301
0.210303, 0.817146
0.210553, 0.816992
0.210803, 0.816837
0.211053, 0.816683
0.211303, 0.816529
0.211553, 0.816375
0.211803, 0.816221
0.212053, 0.816067
0.212303, 0.815914
0.212553, 0.81576
0.212803, 0.815607
0.213053, 0.815454
0.213303, 0.815301
0.213553, 0.815148
0.213803, 0.814995
0.214054, 0.814842
0.214304, 0.81469
0.214554, 0.814538
0.214804, 0.814385
0.215054, 0.814233
0.215304, 0.814081
0.215554, 0.81393
0.215804, 0.813778
0.216054, 0.813627
0.216304, 0.813475
0.216554, 0.813324
0.216804, 0.813173
0.217054, 0.813022
0.217304, 0.812871
0.217554, 0.812721
0.217804, 0.81257
0.218055, 0.81242
0.218305, 0.81227
0.218555, 0.812119
0.218805, 0.81197
0.219055, 0.81182
0.219305, 0.81167
0.219555, 0.811521
0.219805, 0.811371
0.220055, 0.811222
0.220305, 0.811073
0.220555, 0.810924
0.220805, 0.810775
0.221055, 0.810626
0.221305, 0.810478
0.221555, 0.81033
0.221805, 0.810181
0.222056, 0.810033
0.222306, 0.809885
0.222556, 0.809737
0.222806, 0.80959
0.223056, 0.809442
0.223306, 0.809295
0.223556, 0.809147
0.223806, 0.809
0.224056, 0.808853
0.224306, 0.808707
0.224556, 0.80856
0.224806, 0.808413
0.225056, 0.808267
0.225306, 0.808121
0.225556, 0.807974
0.225806, 0.807828
0.226057, 0.807683
0.226307, 0.807537
0.226557, 0.807391
0.226807, 0.807246
0.227057, 0.807101
0.227307, 0.806955
0.227557, 0.80681
0.227807, 0.806665
0.228057, 0.806521
0.228307, 0.806376
0.228557, 0.806232
0.228807, 0.806087
0.229057, 0.805943
0.229307, 0.805799
0.229557, 0.805655
0.229807, 0.805511
0.230058, 0.805368
0.230308, 0.805224
0.230558, 0.805081
0.230808, 0.804938
0.231058, 0.804795
0.231308, 0.804652
0.231558, 0.804509
0.231808, 0.804366
0.232058, 0.804224
0.232308, 0.804082
0.232558, 0.803939
0.232808, 0.803797
0.233058, 0.803655
0.233308, 0.803514
0.233558, 0.803372
0.233808, 0.80323
0.234059, 0.803089
0.234309, 0.802948
0.234559, 0.802807
0.234809, 0.802666
0.235059, 0.802525
0.235309, 0.802384
0.235559, 0.802244
0.235809, 0.802103
0.236059, 0.801963
0.236309, 0.801823
0.236559, 0.801683
0.236809, 0.801543
0.237059, 0.801403
0.237309, 0.801264
0.237559, 0.801124
0.237809, 0.800985
0.23806, 0.800846
0.23831, 0.800707
0.23856, 0.800568
0.23881, 0.800429
0.23906, 0.800291
0.23931, 0.800152
0.23956, 0.800014
0.23981, 0.799876
0.24006, 0.799738
0.24031, 0.7996
0.24056, 0.799462
0.24081, 0.799324
0.24106, 0.799187
0.24131, 0.79905
0.24156, 0.798912
0.24181, 0.798775
0.242061, 0.798638
0.242311, 0.798502
0.242561, 0.798365
0.242811, 0.798228
0.243061, 0.798092
0.243311, 0.797956
0.243561, 0.79782
0.243811, 0.797684
0.244061, 0.797548
0.244311, 0.797412
0.244561, 0.797277
0.244811, 0.797141
0.245061, 0.797006
0.245311, 0.796871
0.245561, 0.796736
0.245811, 0.796601
0.246062, 0.796466
0.246312, 0.796332
0.246562, 0.796198
0.246812, 0.796063
0.247062, 0.795929
0.247312, 0.795795
0.247562, 0.795661
0.247812, 0.795527
0.248062, 0.795394
0.248312, 0.79526
0.248562, 0.795127
0.248812, 0.794994
0.249062, 0.794861
0.249312, 0.794728
0.249562, 0.794595
0.249812, 0.794463
0.250063, 0.79433
0.250313, 0.794198
0.250563, 0.794066
0.250813, 0.793933
0.251063, 0.793802
0.251313, 0.79367
0.251563, 0.793538
0.251813, 0.793407
0.252063, 0.793275
0.252313, 0.793144
0.252563, 0.793013
0.252813, 0.792882
0.253063, 0.792751
0.253313, 0.79262
0.253563, 0.79249
0.253813, 0.792359
0.254064, 0.792229
0.254314, 0.792099
0.254564, 0.791969
0.254814, 0.791839
0.255064, 0.791709
0.255314, 0.79158
0.255564, 0.79145
0.255814, 0.791321
0.256064, 0.791192
0.256314, 0.791063
0.256564, 0.790934
0.256814, 0.790805
0.257064, 0.790677
0.257314, 0.790548
0.257564, 0.79042
0.257814, 0.790292
0.258065, 0.790163
0.258315, 0.790036
0.258565, 0.789908
0.258815, 0.78978
0.259065, 0.789653
0.259315, 0.789525
0.259565, 0.789398
0.259815, 0.789271
0.260065, 0.789144
0.260315, 0.789017
0.260565, 0.78889
0.260815, 0.788764
0.261065, 0.788637
0.261315, 0.788511
0.261565, 0.788385
0.261815, 0.788259
0.262066, 0.788133
0.262316, 0.788007
0.262566, 0.787882
0.262816, 0.787756
0.263066, 0.787631
0.263316, 0.787506
0.263566, 0.787381
0.263816, 0.787256
0.264066, 0.787131
0.264316, 0.787007
0.264566, 0.786882
0.264816, 0.786758
0.265066, 0.786633
0.265316, 0.786509
0.265566, 0.786385
0.265816, 0.786262
0.266067, 0.786138
0.266317, 0.786014
0.266567, 0.785891
0.266817, 0.785768
0.267067, 0.785645
0.267317, 0.785522
0.267567, 0.785399
0.267817, 0.785276
0.268067, 0.785154
0.268317, 0.785031
0.268567, 0.784909
0.268817, 0.784787
0.269067, 0.784665
0.269317, 0.784543
0.269567, 0.784421
0.269817, 0.784299
0.270068, 0.784178
0.270318, 0.784057
0.270568, 0.783935
0.270818, 0.783814
0.271068, 0.783693
0.271318, 0.783573
0.271568, 0.783452
0.271818, 0.783332
0.272068, 0.783211
0.272318, 0.783091
0.272568, 0.782971
0.272818, 0.782851
0.273068, 0.782731
0.273318, 0.782611
0.273568, 0.782492
0.273818, 0.782372
0.274069, 0.782253
0.274319, 0.782134
0.274569, 0.782015
0.274819, 0.781896
0.275069, 0.781777
0.275319, 0.781659
0.275569, 0.78154
0.275819, 0.781422
0.276069, 0.781304
0.276319, 0.781186
0.276569, 0.781068
0.276819, 0.78095
0.277069, 0.780832
0.277319, 0.780715
0.277569, 0.780597
0.277819, 0.78048
0.27807, 0.780363
0.27832, 0.780246
0.27857, 0.780129
0.27882, 0.780013
0.27907, 0.779896
0.27932, 0.77978
0.27957, 0.779663
0.27982, 0.779547
0.28007, 0.779431
0.28032, 0.779315
0.28057, 0.7792
0.28082, 0.779084
0.28107, 0.778969
0.28132, 0.778853
0.28157, 0.778738
0.28182, 0.778623
0.282071, 0.778508
0.282321, 0.778393
0.282571, 0.778279
0.282821, 0.778164
0.283071, 0.77805
0.283321, 0.777936
0.283571, 0.777822
0.283821, 0.777708
0.284071, 0.777594
0.284321, 0.77748
0.284571, 0.777366
0.284821, 0.777253
0.285071, 0.77714
0.285321, 0.777027
0.285571, 0.776914
0.285821, 0.776801
0.286072, 0.776688
0.286322, 0.776575
0.286572, 0.776463
0.286822, 0.776351
0.287072, 0.776238
0.287322, 0.776126
0.287572, 0.776014
0.287822, 0.775903
0.288072, 0.775791
0.288322, 0.775679
0.288572, 0.775568
0.288822, 0.775457
0.289072, 0.775346
0.289322, 0.775235
0.289572, 0.775124
0.289822, 0.775013
0.290073, 0.774903
0.290323, 0.774792
0.290573, 0.774682
0.290823, 0.774572
0.291073, 0.774462
0.291323, 0.774352
0.291573, 0.774242
0.291823, 0.774133
0.292073, 0.774023
0.292323, 0.773914
0.292573, 0.773804
0.292823, 0.773695
0.293073, 0.773586
0.293323, 0.773478
0.293573, 0.773369
0.293823, 0.77326
0.294074, 0.773152
0.294324, 0.773044
0.294574, 0.772936
0.294824, 0.772828
0.295074, 0.77272
0.295324, 0.772612
0.295574, 0.772505
0.295824, 0.772397
0.296074, 0.77229
0.296324, 0.772183
0.296574, 0.772076
0.296824, 0.771969
0.297074, 0.771862
0.297324, 0.771755
0.297574, 0.771649
0.297824, 0.771542
0.298075, 0.771436
0.298325, 0.77133
0.298575, 0.771224
0.298825, 0.771118
0.299075, 0.771013
0.299325, 0.770907
0.299575, 0.770802
0.299825, 0.770696
0.300075, 0.770591
0.300325, 0.770486
0.300575, 0.770381
0.300825, 0.770277
0.301075, 0.770172
0.301325, 0.770068
0.301575, 0.769963
0.301825, 0.769859
0.302076, 0.769755
0.302326, 0.769651
0.302576, 0.769547
0.302826, 0.769444
0.303076, 0.76934
0.303326, 0.769237
0.303576, 0.769133
0.303826, 0.76903
0.304076, 0.768927
0.304326, 0.768824
0.304576, 0.768722
0.304826, 0.768619
0.305076, 0.768517
0.305326, 0.768414
0.305576, 0.768312
0.305826, 0.76821
0.306077, 0.768108
0.306327, 0.768006
0.306577, 0.767905
0.306827, 0.767803
0.307077, 0.767702
0.307327, 0.767601
0.307577, 0.7675
0.307827, 0.767399
0.308077, 0.767298
0.308327, 0.767197
0.308577, 0.767097
0.308827, 0.766996
0.309077, 0.766896
0.309327, 0.766796
0.309577, 0.766696
0.309827, 0.766596
0.310078, 0.766496
0.310328, 0.766396
0.310578, 0.766297
0.310828, 0.766198
0.311078, 0.766098
0.311328, 0.765999
0.311578, 0.7659
0.311828, 0.765801
0.312078, 0.765703
0.312328, 0.765604
0.312578, 0.765506
0.312828, 0.765408
0.313078, 0.765309
0.313328, 0.765211
0.313578, 0.765114
0.313828, 0.765016
0.314079, 0.764918
0.314329, 0.764821
0.314579, 0.764723
0.314829, 0.764626
0.315079, 0.764529
0.315329, 0.764432
0.315579, 0.764335
0.315829, 0.764239
0.316079, 0.764142
0.316329, 0.764046
0.316579, 0.76395
0.316829, 0.763853
0.317079, 0.763758
0.317329, 0.763662
0.317579, 0.763566
0.317829, 0.76347
0.31808, 0.763375
0.31833, 0.76328
0.31858, 0.763184
0.31883, 0.763089
0.31908, 0.762994
0.31933, 0.7629
0.31958, 0.762805
0.31983, 0.76271
0.32008, 0.762616
0.32033, 0.762522
0.32058, 0.762428
0.32083, 0.762334
0.32108, 0.76224
0.32133, 0.762146
0.32158, 0.762053
0.32183, 0.761959
0.322081, 0.761866
0.322331, 0.761773
0.322581, 0.76168
0.322831, 0.761587
0.323081, 0.761494
0.323331, 0.761401
0.323581, 0.761309
0.323831, 0.761216
0.324081, 0.761124
0.324331, 0.761032
0.324581, 0.76094
0.324831, 0.760848
0.325081, 0.760757
0.325331, 0.760665
0.325581, 0.760574
0.325831, 0.760482
0.326082, 0.760391
0.326332, 0.7603
0.326582, 0.760209
0.326832, 0.760118
0.327082, 0.760028
0.327332, 0.759937
0.327582, 0.759847
0.327832, 0.759757
0.328082, 0.759667
0.328332, 0.759577
0.328582, 0.759487
0.328832, 0.759397
0.329082, 0.759308
0.329332, 0.759218
0.329582, 0.759129
0.329832, 0.75904
0.330083, 0.758951
0.330333, 0.758862
0.330583, 0.758773
0.330833, 0.758684
0.331083, 0.758596
0.331333, 0.758508
0.331583, 0.758419
0.331833, 0.758331
0.332083, 0.758243
0.332333, 0.758155
0.332583, 0.758068
0.332833, 0.75798
0.333083, 0.757893
0.333333, 0.757805
0.333583, 0.757718
0.333833, 0.757631
0.334084, 0.757544
0.334334, 0.757458
0.334584, 0.757371
0.334834, 0.757285
0.335084, 0.757198
0.335334, 0.757112
0.335584, 0.757026
0.335834, 0.75694
0.336084, 0.756854
0.336334, 0.756768
0.336584, 0.756683
0.336834, 0.756597
0.337084, 0.756512
0.337334, 0.756427
0.337584, 0.756342
0.337834, 0.756257
0.338085, 0.756172
0.338335, 0.756088
0.338585, 0.756003
0.338835, 0.755919
0.339085, 0.755835
0.339335, 0.75575
0.339585, 0.755667
0.339835, 0.755583
0.340085, 0.755499
0.340335, 0.755415
0.340585, 0.755332
0.340835, 0.755249
0.341085, 0.755166
0.341335, 0.755083
0.341585, 0.755
0.341835, 0.754917
0.342086, 0.754834
0.342336, 0.754752
0.342586, 0.754669
0.342836, 0.754587
0.343086, 0.754505
0.343336, 0.754423
0.343586, 0.754341
0.343836, 0.75426
0.344086, 0.754178
0.344336, 0.754097
0.344586, 0.754015
0.344836, 0.753934
0.345086, 0.753853
0.345336, 0.753772
0.345586, 0.753691
0.345836, 0.753611
0.346087, 0.75353
0.346337, 0.75345
0.346587, 0.75337
0.346837, 0.75329
0.347087, 0.75321
0.347337, 0.75313
0.347587, 0.75305
0.347837, 0.75297
0.348087, 0.752891
0.348337, 0.752812
0.348587, 0.752733
0.348837, 0.752654
0.349087, 0.752575
0.349337, 0.752496
0.349587, 0.752417
0.349837, 0.752339
0.350088, 0.75226
0.350338, 0.752182
0.350588, 0.752104
0.350838, 0.752026
0.351088, 0.751948
0.351338, 0.75187
0.351588, 0.751793
0.351838, 0.751715
0.352088, 0.751638
0.352338, 0.751561
0.352588, 0.751484
0.352838, 0.751407
0.353088, 0.75133
0.353338, 0.751253
0.353588, 0.751177
0.353838, 0.751101
0.354089, 0.751024
0.354339, 0.750948
0.354589, 0.750872
0.354839, 0.750796
0.355089, 0.750721
0.355339, 0.750645
0.355589, 0.75057
0.355839, 0.750494
0.356089, 0.750419
0.356339, 0.750344
0.356589, 0.750269
0.356839, 0.750194
0.357089, 0.75012
0.357339, 0.750045
0.357589, 0.749971
0.357839, 0.749896
0.35809, 0.749822
0.35834, 0.749748
0.35859, 0.749674
0.35884, 0.749601
0.35909, 0.749527
0.35934, 0.749454
0.35959, 0.74938
0.35984, 0.749307
0.36009, 0.749234
0.36034, 0.749161
0.36059, 0.749088
0.36084, 0.749015
0.36109, 0.748943
0.36134, 0.74887
0.36159, 0.748798
0.36184, 0.748726
0.362091, 0.748654
0.362341, 0.748582
0.362591, 0.74851
0.362841, 0.748439
0.363091, 0.748367
0.363341, 0.748296
0.363591, 0.748225
0.363841, 0.748154
0.364091, 0.748083
0.364341, 0.748012
0.364591, 0.747941
0.364841, 0.747871
0.365091, 0.7478
0.365341, 0.74773
0.365591, 0.74766
0.365841, 0.74759
0.366092, 0.74752
0.366342, 0.74745
0.366592, 0.74738
0.366842, 0.747311
0.367092, 0.747241
0.367342, 0.747172
0.367592, 0.747103
0.367842, 0.747034
0.368092, 0.746965
0.368342, 0.746896
0.368592, 0.746828
0.368842, 0.746759
0.369092, 0.746691
0.369342, 0.746623
0.369592, 0.746555
0.369842, 0.746487
0.370093, 0.746419
0.370343, 0.746351
0.370593, 0.746284
0.370843, 0.746217
0.371093, 0.746149
0.371343, 0.746082
0.371593, 0.746015
0.371843, 0.745948
0.372093, 0.745882
0.372343, 0.745815
0.372593, 0.745748
0.372843, 0.745682
0.373093, 0.745616
0.373343, 0.74555
0.373593, 0.745484
0.373843, 0.745418
0.374094, 0.745352
0.374344, 0.745287
0.374594, 0.745221
0.374844, 0.745156
0.375094, 0.745091
0.375344, 0.745026
0.375594, 0.744961
0.375844, 0.744896
0.376094, 0.744832
0.376344, 0.744767
0.376594, 0.744703
0.376844, 0.744638
0.377094, 0.744574
0.377344, 0.74451
0.377594, 0.744447
0.377844, 0.744383
0.378095, 0.744319
0.378345, 0.744256
0.378595, 0.744193
0.378845, 0.744129
0.379095, 0.744066
0.379345, 0.744003
0.379595, 0.743941
0.379845, 0.743878
0.380095, 0.743815
0.380345, 0.743753
0.380595, 0.743691
0.380845, 0.743629
0.381095, 0.743567
0.381345, 0.743505
0.381595, 0.743443
0.381845, 0.743381
0.382096, 0.74332
0.382346, 0.743259
0.382596, 0.743197
0.382846, 0.743136
0.383096, 0.743075
0.383346, 0.743015
0.383596, 0.742954
0.383846, 0.742893
0.384096, 0.742833
0.384346, 0.742773
0.384596, 0.742712
0.384846, 0.742652
0.385096, 0.742593
0.385346, 0.742533
0.385596, 0.742473
0.385846, 0.742414
0.386097, 0.742354
0.386347, 0.742295
0.386597, 0.742236
0.386847, 0.742177
0.387097, 0.742118
0.387347, 0.742059
0.387597, 0.742001
0.387847, 0.741942
0.388097, 0.741884
0.388347, 0.741826
0.388597, 0.741768
0.388847, 0.74171
0.389097, 0.741652
0.389347, 0.741594
0.389597, 0.741537
0.389847, 0.741479
0.390098, 0.741422
0.390348, 0.741365
0.390598, 0.741308
0.390848, 0.741251
0.391098, 0.741194
0.391348, 0.741138
0.391598, 0.741081
0.391848, 0.741025
0.392098, 0.740969
0.392348, 0.740913
0.392598, 0.740857
0.392848, 0.740801
0.393098, 0.740745
0.393348, 0.74069
0.393598, 0.740634
0.393848, 0.740579
0.394099, 0.740524
0.394349, 0.740469
0.394599, 0.740414
0.394849, 0.740359
0.395099, 0.740304
0.395349, 0.74025
0.395599, 0.740195
0.395849, 0.740141
0.396099, 0.740087
0.396349, 0.740033
0.396599, 0.739979
0.396849, 0.739926
0.397099, 0.739872
0.397349, 0.739818
0.397599, 0.739765
0.397849, 0.739712
0.3981, 0.739659
0.39835, 0.739606
0.3986, 0.739553
0.39885, 0.7395
0.3991, 0.739448
0.39935, 0.739395
0.3996, 0.739343
0.39985, 0.739291
0.4001, 0.739239
0.40035, 0.739187
0.4006, 0.739135
0.40085, 0.739084
0.4011, 0.739032
0.40135, 0.738981
0.4016, 0.73893
0.40185, 0.738878
0.402101, 0.738827
0.402351, 0.738777
0.402601, 0.738726
0.402851, 0.738675
0.403101, 0.738625
0.403351, 0.738575
0.403601, 0.738524
0.403851, 0.738474
0.404101, 0.738424
0.404351, 0.738375
0.404601, 0.738325
0.404851, 0.738275
0.405101, 0.738226
0.405351, 0.738177
0.405601, 0.738128
0.405851, 0.738079
0.406102, 0.73803
0.406352, 0.737981
0.406602, 0.737932
0.406852, 0.737884
0.407102, 0.737835
0.407352, 0.737787
0.407602, 0.737739
0.407852, 0.737691
0.408102, 0.737643
0.408352, 0.737596
0.408602, 0.737548
0.408852, 0.737501
0.409102, 0.737453
0.409352, 0.737406
0.409602, 0.737359
0.409852, 0.737312
0.410103, 0.737265
0.410353, 0.737219
0.410603, 0.737172
0.410853, 0.737126
0.411103, 0.737079
0.411353, 0.737033
0.411603, 0.736987
0.411853, 0.736941
0.412103, 0.736896
0.412353, 0.73685
0.412603, 0.736805
0.412853, 0.736759
0.413103, 0.736714
0.413353, 0.736669
0.413603, 0.736624
0.413853, 0.736579
0.414104, 0.736534
0.414354, 0.73649
0.414604, 0.736445
0.414854, 0.736401
0.415104, 0.736357
0.415354, 0.736313
0.415604, 0.736269
0.415854, 0.736225
0.416104, 0.736182
0.416354, 0.736138
0.416604, 0.736095
0.416854, 0.736051
0.417104, 0.736008
0.417354, 0.735965
0.417604, 0.735922
0.417854, 0.73588
0.418105, 0.735837
0.418355, 0.735794
0.418605, 0.735752
0.418855, 0.73571
0.419105, 0.735668
0.419355, 0.735626
0.419605, 0.735584
0.419855, 0.735542
0.420105, 0.735501
0.420355, 0.735459
0.420605, 0.735418
0.420855, 0.735377
0.421105, 0.735336
0.421355, 0.735295
0.421605, 0.735254
0.421855, 0.735213
0.422106, 0.735173
0.422356, 0.735133
0.422606, 0.735092
0.422856, 0.735052
0.423106, 0.735012
0.423356, 0.734972
0.423606, 0.734933
0.423856, 0.734893
0.424106, 0.734853
0.424356, 0.734814
0.424606, 0.734775
0.424856, 0.734736
0.425106, 0.734697
0.425356, 0.734658
0.425606, 0.734619
0.425856, 0.734581
0.426107, 0.734542
0.426357, 0.734504
0.426607, 0.734466
0.426857, 0.734428
0.427107, 0.73439
0.427357, 0.734352
0.427607, 0.734314
0.427857, 0.734277
0.428107, 0.734239
0.428357, 0.734202
0.428607, 0.734165
0.428857, 0.734128
0.429107, 0.734091
0.429357, 0.734054
0.429607, 0.734018
0.429857, 0.733981
0.430108, 0.733945
0.430358, 0.733909
0.430608, 0.733873
0.430858, 0.733837
0.431108, 0.733801
0.431358, 0.733765
0.431608, 0.73373
0.431858, 0.733694
0.432108, 0.733659
0.432358, 0.733624
0.432608, 0.733589
0.432858, 0.733554
0.433108, 0.733519
0.433358, 0.733484
0.433608, 0.73345
0.433858, 0.733415
0.434109, 0.733381
0.434359, 0.733347
0.434609, 0.733313
0.434859, 0.733279
0.435109, 0.733245
0.435359, 0.733212
0.435609, 0.733178
0.435859, 0.733145
0.436109, 0.733112
0.436359, 0.733078
0.436609, 0.733046
0.436859, 0.733013
0.437109, 0.73298
0.437359, 0.732947
0.437609, 0.732915
0.437859, 0.732883
0.43811, 0.73285
0.43836, 0.732818
0.43861, 0.732786
0.43886, 0.732755
0.43911, 0.732723
0.43936, 0.732691
0.43961, 0.73266
0.43986, 0.732629
0.44011, 0.732598
0.44036, 0.732567
0.44061, 0.732536
0.44086, 0.732505
0.44111, 0.732474
0.44136, 0.732444
0.44161, 0.732414
0.44186, 0.732383
0.442111, 0.732353
0.442361, 0.732323
0.442611, 0.732293
0.442861, 0.732264
0.443111, 0.732234
0.443361, 0.732205
0.443611, 0.732175
0.443861, 0.732146
0.444111, 0.732117
0.444361, 0.732088
0.444611, 0.732059
0.444861, 0.732031
0.445111, 0.732002
0.445361, 0.731974
0.445611, 0.731945
0.445861, 0.731917
0.446112, 0.731889
0.446362, 0.731861
0.446612, 0.731834
0.446862, 0.731806
0.447112, 0.731778
0.447362, 0.731751
0.447612, 0.731724
0.447862, 0.731697
0.448112, 0.73167
0.448362, 0.731643
0.448612, 0.731616
0.448862, 0.731589
0.449112, 0.731563
0.449362, 0.731537
0.449612, 0.73151
0.449862, 0.731484
0.450113, 0.731458
0.450363, 0.731433
0.450613, 0.731407
0.450863, 0.731381
0.451113, 0.731356
0.451363, 0.731331
0.451613, 0.731306
0.451863, 0.73128
0.452113, 0.731256
0.452363, 0.731231
0.452613, 0.731206
0.452863, 0.731182
0.453113, 0.731157
0.453363, 0.731133
0.453613, 0.731109
0.453863, 0.731085
0.454114, 0.731061
0.454364, 0.731037
0.454614, 0.731014
0.454864, 0.73099
0.455114, 0.730967
0.455364, 0.730944
0.455614, 0.730921
0.455864, 0.730898
0.456114, 0.730875
0.456364, 0.730852
0.456614, 0.730829
0.456864, 0.730807
0.457114, 0.730785
0.457364, 0.730763
0.457614, 0.730741
0.457864, 0.730719
0.458115, 0.730697
0.458365, 0.730675
0.458615, 0.730654
0.458865, 0.730632
0.459115, 0.730611
0.459365, 0.73059
0.459615, 0.730569
0.459865, 0.730548
0.460115, 0.730527
0.460365, 0.730507
0.460615, 0.730486
0.460865, 0.730466
0.461115, 0.730445
0.461365, 0.730425
0.461615, 0.730405
0.461865, 0.730386
0.462116, 0.730366
0.462366, 0.730346
0.462616, 0.730327
0.462866, 0.730308
0.463116, 0.730288
0.463366, 0.730269
0.463616, 0.73025
0.463866, 0.730232
0.464116, 0.730213
0.464366, 0.730194
0.464616, 0.730176
0.464866, 0.730158
0.465116, 0.730139
0.465366, 0.730121
0.465616, 0.730104
0.465866, 0.730086
0.466117, 0.730068
0.466367, 0.730051
0.466617, 0.730033
0.466867, 0.730016
0.467117, 0.729999
0.467367, 0.729982
0.467617, 0.729965
0.467867, 0.729948
0.468117, 0.729932
0.468367, 0.729915
0.468617, 0.729899
0.468867, 0.729883
0.469117, 0.729867
0.469367, 0.729851
0.469617, 0.729835
0.469867, 0.729819
0.470118, 0.729804
0.470368, 0.729788
0.470618, 0.729773
0.470868, 0.729758
0.471118, 0.729743
0.471368, 0.729728
0.471618, 0.729713
0.471868, 0.729698
0.472118, 0.729684
0.472368, 0.729669
0.472618, 0.729655
0.472868, 0.729641
0.473118, 0.729627
0.473368, 0.729613
0.473618, 0.729599
0.473868, 0.729586
0.474119, 0.729572
0.474369, 0.729559
0.474619, 0.729546
0.474869, 0.729533
0.475119, 0.72952
0.475369, 0.729507
0.475619, 0.729494
0.475869, 0.729482
0.476119, 0.729469
0.476369, 0.729457
0.476619, 0.729445
0.476869, 0.729433
0.477119, 0.729421
0.477369, 0.729409
0.477619, 0.729397
0.477869, 0.729386
0.47812, 0.729374
0.47837, 0.729363
0.47862, 0.729352
0.47887, 0.729341
0.47912, 0.72933
0.47937, 0.729319
0.47962, 0.729309
0.47987, 0.729298
0.48012, 0.729288
0.48037, 0.729277
0.48062, 0.729267
0.48087, 0.729257
0.48112, 0.729247
0.48137, 0.729238
0.48162, 0.729228
0.48187, 0.729219
0.482121, 0.729209
0.482371, 0.7292
0.482621, 0.729191
0.482871, 0.729182
0.483121, 0.729173
0.483371, 0.729165
0.483621, 0.729156
0.483871, 0.729148
0.484121, 0.729139
0.484371, 0.729131
0.484621, 0.729123
0.484871, 0.729115
0.485121, 0.729107
0.485371, 0.7291
0.485621, 0.729092
0.485871, 0.729085
0.486122, 0.729078
0.486372, 0.729071
0.486622, 0.729064
0.486872, 0.729057
0.487122, 0.72905
0.487372, 0.729043
0.487622, 0.729037
0.487872, 0.72903
0.488122, 0.729024
0.488372, 0.729018
0.488622, 0.729012
0.488872, 0.729006
0.489122, 0.729001
0.489372, 0.728995
0.489622, 0.72899
0.489872, 0.728984
0.490123, 0.728979
0.490373, 0.728974
0.490623, 0.728969
0.490873, 0.728964
0.491123, 0.72896
0.491373, 0.728955
0.491623, 0.728951
0.491873, 0.728947
0.492123, 0.728942
0.492373, 0.728938
0.492623, 0.728934
0.492873, 0.728931
0.493123, 0.728927
0.493373, 0.728924
0.493623, 0.72892
0.493873, 0.728917
0.494124, 0.728914
0.494374, 0.728911
0.494624, 0.728908
0.494874, 0.728905
0.495124, 0.728903
0.495374, 0.7289
0.495624, 0.728898
0.495874, 0.728896
0.496124, 0.728894
0.496374, 0.728892
0.496624, 0.72889
0.496874, 0.728888
0.497124, 0.728887
0.497374, 0.728885
0.497624, 0.728884
0.497874, 0.728883
0.498125, 0.728882
0.498375, 0.728881
0.498625, 0.72888
0.498875, 0.728879
0.499125, 0.728879
0.499375, 0.728878
0.499625, 0.728878
0.499875, 0.728878
0.500125, 0.728878
0.500375, 0.728878
0.500625, 0.728878
0.500875, 0.728879
0.501125, 0.728879
0.501375, 0.72888
0.501625, 0.728881
0.501875, 0.728882
0.502126, 0.728883
0.502376, 0.728884
0.502626, 0.728885
0.502876, 0.728887
0.503126, 0.728888
0.503376, 0.72889
0.503626, 0.728892
0.503876, 0.728894
0.504126, 0.728896
0.504376, 0.728898
0.504626, 0.7289
0.504876, 0.728903
0.505126, 0.728905
0.505376, 0.728908
0.505626, 0.728911
0.505876, 0.728914
0.506127, 0.728917
0.506377, 0.72892
0.506627, 0.728924
0.506877, 0.728927
0.507127, 0.728931
0.507377, 0.728934
0.507627, 0.728938
0.507877, 0.728942
0.508127, 0.728947
0.508377, 0.728951
0.508627, 0.728955
0.508877, 0.72896
0.509127, 0.728964
0.509377, 0.728969
0.509627, 0.728974
0.509877, 0.728979
0.510128, 0.728984
0.510378, 0.72899
0.510628, 0.728995
0.510878, 0.729001
0.511128, 0.729006
0.511378, 0.729012
0.511628, 0.729018
0.511878, 0.729024
0.512128, 0.72903
0.512378, 0.729037
0.512628, 0.729043
0.512878, 0.72905
0.513128, 0.729057
0.513378, 0.729064
0.513628, 0.729071
0.513878, 0.729078
0.514129, 0.729085
0.514379, 0.729092
0.514629, 0.7291
0.514879, 0.729107
0.515129, 0.729115
0.515379, 0.729123
0.515629, 0.729131
0.515879, 0.729139
0.516129, 0.729148
0.516379, 0.729156
0.516629, 0.729165
0.516879, 0.729173
0.517129, 0.729182
0.517379, 0.729191
0.517629, 0.7292
0.517879, 0.729209
0.51813, 0.729219
0.51838, 0.729228
0.51863, 0.729238
0.51888, 0.729247
0.51913, 0.729257
0.51938, 0.729267
0.51963, 0.729277
0.51988, 0.729288
0.52013, 0.729298
0.52038, 0.729309
0.52063, 0.729319
0.52088, 0.72933
0.52113, 0.729341
0.52138, 0.729352
0.52163, 0.729363
0.52188, 0.729374
0.522131, 0.729386
0.522381, 0.729397
0.522631, 0.729409
0.522881, 0.729421
0.523131, 0.729433
0.523381, 0.729445
0.523631, 0.729457
0.523881, 0.729469
0.524131, 0.729482
0.524381, 0.729494
0.524631, 0.729507
0.524881, 0.72952
0.525131, 0.729533
0.525381, 0.729546
0.525631, 0.729559
0.525881, 0.729572
0.526132, 0.729586
0.526382, 0.729599
0.526632, 0.729613
0.526882, 0.729627
0.527132, 0.729641
0.527382, 0.729655
0.527632, 0.729669
0.527882, 0.729684
0.528132, 0.729698
0.528382, 0.729713
0.528632, 0.729728
0.528882, 0.729743
0.529132, 0.729758
0.529382, 0.729773
0.529632, 0.729788
0.529882, 0.729804
0.530133, 0.729819
0.530383, 0.729835
0.530633, 0.729851
0.530883, 0.729867
0.531133, 0.729883
0.531383, 0.729899
0.531633, 0.729915
0.531883, 0.729932
0.532133, 0.729948
0.532383, 0.729965
0.532633, 0.729982
0.532883, 0.729999
0.533133, 0.730016
0.533383, 0.730033
0.533633, 0.730051
0.533883, 0.730068
0.534134, 0.730086
0.534384, 0.730104
0.534634, 0.730121
0.534884, 0.730139
0.535134, 0.730158
0.535384, 0.730176
0.535634, 0.730194
0.535884, 0.730213
0.536134, 0.730232
0.536384, 0.73025
0.536634, 0.730269
0.536884, 0.730288
0.537134, 0.730308
0.537384, 0.730327
0.537634, 0.730346
0.537884, 0.730366
0.538135, 0.730386
0.538385, 0.730405
0.538635, 0.730425
0.538885, 0.730445
0.539135, 0.730466
0.539385, 0.730486
0.539635, 0.730507
0.539885, 0.730527
0.540135, 0.730548
0.540385, 0.730569
0.540635, 0.73059
0.540885, 0.730611
0.541135, 0.730632
0.541385, 0.730654
0.541635, 0.730675
0.541885, 0.730697
0.542136, 0.730719
0.542386, 0.730741
0.542636, 0.730763
0.542886, 0.730785
0.543136, 0.730807
0.543386, 0.730829
0.543636, 0.730852
0.543886, 0.730875
0.544136, 0.730898
0.544386, 0.730921
0.544636, 0.730944
0.544886, 0.730967
0.545136, 0.73099
0.545386, 0.731014
0.545636, 0.731037
0.545886, 0.731061
0.546137, 0.731085
0.546387, 0.731109
0.546637, 0.731133
0.546887, 0.731157
0.547137, 0.731182
0.547387, 0.731206
0.547637, 0.731231
0.547887, 0.731256
0.548137, 0.73128
0.548387, 0.731306
0.548637, 0.731331
0.548887, 0.731356
0.549137, 0.731381
0.549387, 0.731407
0.549637, 0.731433
0.549887, 0.731458
0.550138, 0.731484
0.550388, 0.73151
0.550638, 0.731537
0.550888, 0.731563
0.551138, 0.731589
0.551388, 0.731616
0.551638, 0.731643
0.551888, 0.73167
0.552138, 0.731697
0.552388, 0.731724
0.552638, 0.731751
0.552888, 0.731778
0.553138, 0.731806
0.553388, 0.731834
0.553638, 0.731861
0.553888, 0.731889
0.554139, 0.731917
0.554389, 0.731945
0.554639, 0.731974
0.554889, 0.732002
0.555139, 0.732031
0.555389, 0.732059
0.555639, 0.732088
0.555889, 0.732117
0.556139, 0.732146
0.556389, 0.732175
0.556639, 0.732205
0.556889, 0.732234
0.557139, 0.732264
0.557389, 0.732293
0.557639, 0.732323
0.557889, 0.732353
0.55814, 0.732383
0.55839, 0.732414
0.55864, 0.732444
0.55889, 0.732474
0.55914, 0.732505
0.55939, 0.732536
0.55964, 0.732567
0.55989, 0.732598
0.56014, 0.732629
0.56039, 0.73266
0.56064, 0.732691
0.56089, 0.732723
0.56114, 0.732755
0.56139, 0.732786
0.56164, 0.732818
0.56189, 0.73285
0.562141, 0.732883
0.562391, 0.732915
0.562641, 0.732947
0.562891, 0.73298
0.563141, 0.733013
0.563391, 0.733046
0.563641, 0.733078
0.563891, 0.733112
0.564141, 0.733145
0.564391, 0.733178
0.564641, 0.733212
0.564891, 0.733245
0.565141, 0.733279
0.565391, 0.733313
0.565641, 0.733347
0.565891, 0.733381
0.566142, 0.733415
0.566392, 0.73345
0.566642, 0.733484
0.566892, 0.733519
0.567142, 0.733554
0.567392, 0.733589
0.567642, 0.733624
0.567892, 0.733659
0.568142, 0.733694
0.568392, 0.73373
0.568642, 0.733765
0.568892, 0.733801
0.569142, 0.733837
0.569392, 0.733873
0.569642, 0.733909
0.569892, 0.733945
0.570143, 0.733981
0.570393, 0.734018
0.570643, 0.734054
0.570893, 0.734091
0.571143, 0.734128
0.571393, 0.734165
0.571643, 0.734202
0.571893, 0.734239
0.572143, 0.734277
0.572393, 0.734314
0.572643, 0.734352
0.572893, 0.73439
0.573143, 0.734428
0.573393, 0.734466
0.573643, 0.734504
0.573893, 0.734542
0.574144, 0.734581
0.574394, 0.734619
0.574644, 0.734658
0.574894, 0.734697
0.575144, 0.734736
0.575394, 0.734775
0.575644, 0.734814
0.575894, 0.734853
0.576144, 0.734893
0.576394, 0.734933
0.576644, 0.734972
0.576894, 0.735012
0.577144, 0.735052
0.577394, 0.735092
0.577644, 0.735133
0.577894, 0.735173
0.578145, 0.735213
0.578395, 0.735254
0.578645, 0.735295
0.578895, 0.735336
0.579145, 0.735377
0.579395, 0.735418
0.579645, 0.735459
0.579895, 0.735501
0.580145, 0.735542
0.580395, 0.735584
0.580645, 0.735626
0.580895, 0.735668
0.581145, 0.73571
0.581395, 0.735752
0.581645, 0.735794
0.581895, 0.735837
0.582146, 0.73588
0.582396, 0.735922
0.582646, 0.735965
0.582896, 0.736008
0.583146, 0.736051
0.583396, 0.736095
0.583646, 0.736138
0.583896, 0.736182
0.584146, 0.736225
0.584396, 0.736269
0.584646, 0.736313
0.584896, 0.736357
0.585146, 0.736401
0.585396, 0.736445
0.585646, 0.73649
0.585896, 0.736534
0.586147, 0.736579
0.586397, 0.736624
0.586647, 0.736669
0.586897, 0.736714
0.587147, 0.736759
0.587397, 0.736805
0.587647, 0.73685
0.587897, 0.736896
0.588147, 0.736941
0.588397, 0.736987
0.588647, 0.737033
0.588897, 0.737079
0.589147, 0.737126
0.589397, 0.737172
0.589647, 0.737219
0.589897, 0.737265
0.590148, 0.737312
0.590398, 0.737359
0.590648, 0.737406
0.590898, 0.737453
0.591148, 0.737501
0.591398, 0.737548
0.591648, 0.737596
0.591898, 0.737643
0.592148, 0.737691
0.592398, 0.737739
0.592648, 0.737787
0.592898, 0.737835
0.593148, 0.737884
0.593398, 0.737932
0.593648, 0.737981
0.593898, 0.73803
0.594149, 0.738079
0.594399, 0.738128
0.594649, 0.738177
0.594899, 0.738226
0.595149, 0.738275
0.595399, 0.738325
0.595649, 0.738375
0.595899, 0.738424
0.596149, 0.738474
0.596399, 0.738524
0.596649, 0.738575
0.596899, 0.738625
0.597149, 0.738675
0.597399, 0.738726
0.597649, 0.738777
0.597899, 0.738827
0.59815, 0.738878
0.5984, 0.73893
0.59865, 0.738981
0.5989, 0.739032
0.59915, 0.739084
0.5994, 0.739135
0.59965, 0.739187
0.5999, 0.739239
0.60015, 0.739291
0.6004, 0.739343
0.60065, 0.739395
0.6009, 0.739448
0.60115, 0.7395
0.6014, 0.739553
0.60165, 0.739606
0.6019, 0.739659
0.602151, 0.739712
0.602401, 0.739765
0.602651, 0.739818
0.602901, 0.739872
0.603151, 0.739926
0.603401, 0.739979
0.603651, 0.740033
0.603901, 0.740087
0.604151, 0.740141
0.604401, 0.740195
0.604651, 0.74025
0.604901, 0.740304
0.605151, 0.740359
0.605401, 0.740414
0.605651, 0.740469
0.605901, 0.740524
0.606152, 0.740579
0.606402, 0.740634
0.606652, 0.74069
0.606902, 0.740745
0.607152, 0.740801
0.607402, 0.740857
0.607652, 0.740913
0.607902, 0.740969
0.608152, 0.741025
0.608402, 0.741081
0.608652, 0.741138
0.608902, 0.741194
0.609152, 0.741251
0.609402, 0.741308
0.609652, 0.741365
0.609902, 0.741422
0.610153, 0.741479
0.610403, 0.741537
0.610653, 0.741594
0.610903, 0.741652
0.611153, 0.74171
0.611403, 0.741768
0.611653, 0.741826
0.611903, 0.741884
0.612153, 0.741942
0.612403, 0.742001
0.612653, 0.742059
0.612903, 0.742118
0.613153, 0.742177
0.613403, 0.742236
0.613653, 0.742295
0.613903, 0.742354
0.614154, 0.742414
0.614404, 0.742473
0.614654, 0.742533
0.614904, 0.742593
0.615154, 0.742652
0.615404, 0.742712
0.615654, 0.742773
0.615904, 0.742833
0.616154, 0.742893
0.616404, 0.742954
0.616654, 0.743015
0.616904, 0.743075
0.617154, 0.743136
0.617404, 0.743197
0.617654, 0.743259
0.617904, 0.74332
0.618155, 0.743381
0.618405, 0.743443
0.618655, 0.743505
0.618905, 0.743567
0.619155, 0.743629
0.619405, 0.743691
0.619655, 0.743753
0.619905, 0.743815
0.620155, 0.743878
0.620405, 0.743941
0.620655, 0.744003
0.620905, 0.744066
0.621155, 0.744129
0.621405, 0.744193
0.621655, 0.744256
0.621905, 0.744319
0.622156, 0.744383
0.622406, 0.744447
0.622656, 0.74451
0.622906, 0.744574
0.623156, 0.744638
0.623406, 0.744703
0.623656, 0.744767
0.623906, 0.744832
0.624156, 0.744896
0.624406, 0.744961
0.624656, 0.745026
0.624906, 0.745091
0.625156, 0.745156
0.625406, 0.745221
0.625656, 0.745287
0.625906, 0.745352
0.626157, 0.745418
0.626407, 0.745484
0.626657, 0.74555
0.626907, 0.745616
0.627157, 0.745682
0.627407, 0.745748
0.627657, 0.745815
0.627907, 0.745882
0.628157, 0.745948
0.628407, 0.746015
0.628657, 0.746082
0.628907, 0.746149
0.629157, 0.746217
0.629407, 0.746284
0.629657, 0.746351
0.629907, 0.746419
0.630158, 0.746487
0.630408, 0.746555
0.630658, 0.746623
0.630908, 0.746691
0.631158, 0.746759
0.631408, 0.746828
0.631658, 0.746896
0.631908, 0.746965
0.632158, 0.747034
0.632408, 0.747103
0.632658, 0.747172
0.632908, 0.747241
0.633158, 0.747311
0.633408, 0.74738
0.633658, 0.74745
0.633908, 0.74752
0.634159, 0.74759
0.634409, 0.74766
0.634659, 0.74773
0.634909, 0.7478
0.635159, 0.747871
0.635409, 0.747941
0.635659, 0.748012
0.635909, 0.748083
0.636159, 0.748154
0.636409, 0.748225
0.636659, 0.748296
0.636909, 0.748367
0.637159, 0.748439
0.637409, 0.74851
0.637659, 0.748582
0.637909, 0.748654
0.63816, 0.748726
0.63841, 0.748798
0.63866, 0.74887
0.63891, 0.748943
0.63916, 0.749015
0.63941, 0.749088
0.63966, 0.749161
0.63991, 0.749234
0.64016, 0.749307
0.64041, 0.74938
0.64066, 0.749454
0.64091, 0.749527
0.64116, 0.749601
0.64141, 0.749674
0.64166, 0.749748
0.64191, 0.749822
0.642161, 0.749896
0.642411, 0.749971
0.642661, 0.750045
0.642911, 0.75012
0.643161, 0.750194
0.643411, 0.750269
0.643661, 0.750344
0.643911, 0.750419
0.644161, 0.750494
0.644411, 0.75057
0.644661, 0.750645
0.644911, 0.750721
0.645161, 0.750796
0.645411, 0.750872
0.645661, 0.750948
0.645911, 0.751024
0.646162, 0.751101
0.646412, 0.751177
0.646662, 0.751253
0.646912, 0.75133
0.647162, 0.751407
0.647412, 0.751484
0.647662, 0.751561
0.647912, 0.751638
0.648162, 0.751715
0.648412, 0.751793
0.648662, 0.75187
0.648912, 0.751948
0.649162, 0.752026
0.649412, 0.752104
0.649662, 0.752182
0.649912, 0.75226
0.650163, 0.752339
0.650413, 0.752417
0.650663, 0.752496
0.650913, 0.752575
0.651163, 0.752654
0.651413, 0.752733
0.651663, 0.752812
0.651913, 0.752891
0.652163, 0.75297
0.652413, 0.75305
0.652663, 0.75313
0.652913, 0.75321
0.653163, 0.75329
0.653413, 0.75337
0.653663, 0.75345
0.653913, 0.75353
0.654164, 0.753611
0.654414, 0.753691
0.654664, 0.753772
0.654914, 0.753853
0.655164, 0.753934
0.655414, 0.754015
0.655664, 0.754097
0.655914, 0.754178
0.656164, 0.75426
0.656414, 0.754341
0.656664, 0.754423
0.656914, 0.754505
0.657164, 0.754587
0.657414, 0.754669
0.657664, 0.754752
0.657914, 0.754834
0.658165, 0.754917
0.658415, 0.755
0.658665, 0.755083
0.658915, 0.755166
0.659165, 0.755249
0.659415, 0.755332
0.659665, 0.755415
0.659915, 0.755499
0.660165, 0.755583
0.660415, 0.755667
0.660665, 0.75575
0.660915, 0.755835
0.661165, 0.755919
0.661415, 0.756003
0.661665, 0.756088
0.661915, 0.756172
0.662166, 0.756257
0.662416, 0.756342
0.662666, 0.756427
0.662916, 0.756512
0.663166, 0.756597
0.663416, 0.756683
0.663666, 0.756768
0.663916, 0.756854
0.664166, 0.75694
0.664416, 0.757026
0.664666, 0.757112
0.664916, 0.757198
0.665166, 0.757285
0.665416, 0.757371
0.665666, 0.757458
0.665916, 0.757544
0.666167, 0.757631
0.666417, 0.757718
0.666667, 0.757805
0.666917, 0.757893
0.667167, 0.75798
0.667417, 0.758068
0.667667, 0.758155
0.667917, 0.758243
0.668167, 0.758331
0.668417, 0.758419
0.668667, 0.758508
0.668917, 0.758596
0.669167, 0.758684
0.669417, 0.758773
0.669667, 0.758862
0.669917, 0.758951
0.670168, 0.75904
0.670418, 0.759129
0.670668, 0.759218
0.670918, 0.759308
0.671168, 0.759397
0.671418, 0.759487
0.671668, 0.759577
0.671918, 0.759667
0.672168, 0.759757
0.672418, 0.759847
0.672668, 0.759937
0.672918, 0.760028
0.673168, 0.760118
0.673418, 0.760209
0.673668, 0.7603
0.673918, 0.760391
0.674169, 0.760482
0.674419, 0.760574
0.674669, 0.760665
0.674919, 0.760757
0.675169, 0.760848
0.675419, 0.76094
0.675669, 0.761032
0.675919, 0.761124
0.676169, 0.761216
0.676419, 0.761309
0.676669, 0.761401
0.676919, 0.761494
0.677169, 0.761587
0.677419, 0.76168
0.677669, 0.761773
0.677919, 0.761866
0.67817, 0.761959
0.67842, 0.762053
0.67867, 0.762146
0.67892, 0.76224
0.67917, 0.762334
0.67942, 0.762428
0.67967, 0.762522
0.67992, 0.762616
0.68017, 0.76271
0.68042, 0.762805
0.68067, 0.7629
0.68092, 0.762994
0.68117, 0.763089
0.68142, 0.763184
0.68167, 0.76328
0.68192, 0.763375
0.682171, 0.76347
0.682421, 0.763566
0.682671, 0.763662
0.682921, 0.763758
0.683171, 0.763853
0.683421, 0.76395
0.683671, 0.764046
0.683921, 0.764142
0.684171, 0.764239
0.684421, 0.764335
0.684671, 0.764432
0.684921, 0.764529
0.685171, 0.764626
0.685421, 0.764723
0.685671, 0.764821
0.685921, 0.764918
0.686172, 0.765016
0.686422, 0.765114
0.686672, 0.765211
0.686922, 0.765309
0.687172, 0.765408
0.687422, 0.765506
0.687672, 0.765604
0.687922, 0.765703
0.688172, 0.765801
0.688422, 0.7659
0.688672, 0.765999
0.688922, 0.766098
0.689172, 0.766198
0.689422, 0.766297
0.689672, 0.766396
0.689922, 0.766496
0.690173, 0.766596
0.690423, 0.766696
0.690673, 0.766796
0.690923, 0.766896
0.691173, 0.766996
0.691423, 0.767097
0.691673, 0.767197
0.691923, 0.767298
0.692173, 0.767399
0.692423, 0.7675
0.692673, 0.767601
0.692923, 0.767702
0.693173, 0.767803
0.693423, 0.767905
0.693673, 0.768006
0.693923, 0.768108
0.694174, 0.76821
0.694424, 0.768312
0.694674, 0.768414
0.694924, 0.768517
0.695174, 0.768619
0.695424, 0.768722
0.695674, 0.768824
0.695924, 0.768927
0.696174, 0.76903
0.696424, 0.769133
0.696674, 0.769237
0.696924, 0.76934
0.697174, 0.769444
0.697424, 0.769547
0.697674, 0.769651
0.697924, 0.769755
0.698175, 0.769859
0.698425, 0.769963
0.698675, 0.770068
0.698925, 0.770172
0.699175, 0.770277
0.699425, 0.770381
0.699675, 0.770486
0.699925, 0.770591
0.700175, 0.770696
0.700425, 0.770802
0.700675, 0.770907
0.700925, 0.771013
0.701175, 0.771118
0.701425, 0.771224
0.701675, 0.77133
0.701925, 0.771436
0.702176, 0.771542
0.702426, 0.771649
0.702676, 0.771755
0.702926, 0.771862
0.703176, 0.771969
0.703426, 0.772076
0.703676, 0.772183
0.703926, 0.77229
0.704176, 0.772397
0.704426, 0.772505
0.704676, 0.772612
0.704926, 0.77272
0.705176, 0.772828
0.705426, 0.772936
0.705676, 0.773044
0.705926, 0.773152
0.706177, 0.77326
0.706427, 0.773369
0.706677, 0.773478
0.706927, 0.773586
0.707177, 0.773695
0.707427, 0.773804
0.707677, 0.773914
0.707927, 0.774023
0.708177, 0.774133
0.708427, 0.774242
0.708677, 0.774352
0.708927, 0.774462
0.709177, 0.774572
0.709427, 0.774682
0.709677, 0.774792
0.709927, 0.774903
0.710178, 0.775013
0.710428, 0.775124
0.710678, 0.775235
0.710928, 0.775346
0.711178, 0.775457
0.711428, 0.775568
0.711678, 0.775679
0.711928, 0.775791
0.712178, 0.775903
0.712428, 0.776014
0.712678, 0.776126
0.712928, 0.776238
0.713178, 0.776351
0.713428, 0.776463
0.713678, 0.776575
0.713928, 0.776688
0.714179, 0.776801
0.714429, 0.776914
0.714679, 0.777027
0.714929, 0.77714
0.715179, 0.777253
0.715429, 0.777366
0.715679, 0.77748
0.715929, 0.777594
0.716179, 0.777708
0.716429, 0.777822
0.716679, 0.777936
0.716929, 0.77805
0.717179, 0.778164
0.717429, 0.778279
0.717679, 0.778393
0.717929, 0.778508
0.71818, 0.778623
0.71843, 0.778738
0.71868, 0.778853
0.71893, 0.778969
0.71918, 0.779084
0.71943, 0.7792
0.71968, 0.779315
0.71993, 0.779431
0.72018, 0.779547
0.72043, 0.779663
0.72068, 0.77978
0.72093, 0.779896
0.72118, 0.780013
0.72143, 0.780129
0.72168, 0.780246
0.72193, 0.780363
0.722181, 0.78048
0.722431, 0.780597
0.722681, 0.780715
0.722931, 0.780832
0.723181, 0.78095
0.723431, 0.781068
0.723681, 0.781186
0.723931, 0.781304
0.724181, 0.781422
0.724431, 0.78154
0.724681, 0.781659
0.724931, 0.781777
0.725181, 0.781896
0.725431, 0.782015
0.725681, 0.782134
0.725931, 0.782253
0.726182, 0.782372
0.726432, 0.782492
0.726682, 0.782611
0.726932, 0.782731
0.727182, 0.782851
0.727432, 0.782971
0.727682, 0.783091
0.727932, 0.783211
0.728182, 0.783332
0.728432, 0.783452
0.728682, 0.783573
0.728932, 0.783693
0.729182, 0.783814
0.729432, 0.783935
0.729682, 0.784057
0.729932, 0.784178
0.730183, 0.784299
0.730433, 0.784421
0.730683, 0.784543
0.730933, 0.784665
0.731183, 0.784787
0.731433, 0.784909
0.731683, 0.785031
0.731933, 0.785154
0.732183, 0.785276
0.732433, 0.785399
0.732683, 0.785522
0.732933, 0.785645
0.733183, 0.785768
0.733433, 0.785891
0.733683, 0.786014
0.733933, 0.786138
0.734184, 0.786262
0.734434, 0.786385
0.734684, 0.786509
0.734934, 0.786633
0.735184, 0.786758
0.735434, 0.786882
0.735684, 0.787007
0.735934, 0.787131
0.736184, 0.787256
0.736434, 0.787381
0.736684, 0.787506
0.736934, 0.787631
0.737184, 0.787756
0.737434, 0.787882
0.737684, 0.788007
0.737934, 0.788133
0.738185, 0.788259
0.738435, 0.788385
0.738685, 0.788511
0.738935, 0.788637
0.739185, 0.788764
0.739435, 0.78889
0.739685, 0.789017
0.739935, 0.789144
0.740185, 0.789271
0.740435, 0.789398
0.740685, 0.789525
0.740935, 0.789653
0.741185, 0.78978
0.741435, 0.789908
0.741685, 0.790036
0.741935, 0.790163
0.742186, 0.790292
0.742436, 0.79042
0.742686, 0.790548
0.742936, 0.790677
0.743186, 0.790805
0.743436, 0.790934
0.743686, 0.791063
0.743936, 0.791192
0.744186, 0.791321
0.744436, 0.79145
0.744686, 0.79158
0.744936, 0.791709
0.745186, 0.791839
0.745436, 0.791969
0.745686, 0.792099
0.745936, 0.792229
0.746187, 0.792359
0.746437, 0.79249
0.746687, 0.79262
0.746937, 0.792751
0.747187, 0.792882
0.747437, 0.793013
0.747687, 0.793144
0.747937, 0.793275
0.748187, 0.793407
0.748437, 0.793538
0.748687, 0.79367
0.748937, 0.793802
0.749187, 0.793933
0.749437, 0.794066
0.749687, 0.794198
0.749937, 0.79433
0.750188, 0.794463
0.750438, 0.794595
0.750688, 0.794728
0.750938, 0.794861
0.751188, 0.794994
0.751438, 0.795127
0.751688, 0.79526
0.751938, 0.795394
0.752188, 0.795527
0.752438, 0.795661
0.752688, 0.795795
0.752938, 0.795929
0.753188, 0.796063
0.753438, 0.796198
0.753688, 0.796332
0.753938, 0.796466
0.754189, 0.796601
0.754439, 0.796736
0.754689, 0.796871
0.754939, 0.797006
0.755189, 0.797141
0.755439, 0.797277
0.755689, 0.797412
0.755939, 0.797548
0.756189, 0.797684
0.756439, 0.79782
0.756689, 0.797956
0.756939, 0.798092
0.757189, 0.798228
0.757439, 0.798365
0.757689, 0.798502
0.757939, 0.798638
0.75819, 0.798775
0.75844, 0.798912
0.75869, 0.79905
0.75894, 0.799187
0.75919, 0.799324
0.75944, 0.799462
0.75969, 0.7996
0.75994, 0.799738
0.76019, 0.799876
0.76044, 0.800014
0.76069, 0.800152
0.76094, 0.800291
0.76119, 0.800429
0.76144, 0.800568
0.76169, 0.800707
0.76194, 0.800846
0.762191, 0.800985
0.762441, 0.801124
0.762691, 0.801264
0.762941, 0.801403
0.763191, 0.801543
0.763441, 0.801683
0.763691, 0.801823
0.763941, 0.801963
0.764191, 0.802103
0.764441, 0.802244
0.764691, 0.802384
0.764941, 0.802525
0.765191, 0.802666
0.765441, 0.802807
0.765691, 0.802948
0.765941, 0.803089
0.766192, 0.80323
0.766442, 0.803372
0.766692, 0.803514
0.766942, 0.803655
0.767192, 0.803797
0.767442, 0.803939
0.767692, 0.804082
0.767942, 0.804224
0.768192, 0.804366
0.768442, 0.804509
0.768692, 0.804652
0.768942, 0.804795
0.769192, 0.804938
0.769442, 0.805081
0.769692, 0.805224
0.769942, 0.805368
0.770193, 0.805511
0.770443, 0.805655
0.770693, 0.805799
0.770943, 0.805943
0.771193, 0.806087
0.771443, 0.806232
0.771693, 0.806376
0.771943, 0.806521
0.772193, 0.806665
0.772443, 0.80681
0.772693, 0.806955
0.772943, 0.807101
0.773193, 0.807246
0.773443, 0.807391
0.773693, 0.807537
0.773943, 0.807683
0.774194, 0.807828
0.774444, 0.807974
0.774694, 0.808121
0.774944, 0.808267
0.775194, 0.808413
0.775444, 0.80856
0.775694, 0.808707
0.775944, 0.808853
0.776194, 0.809
0.776444, 0.809147
0.776694, 0.809295
0.776944, 0.809442
0.777194, 0.80959
0.777444, 0.809737
0.777694, 0.809885
0.777944, 0.810033
0.778195, 0.810181
0.778445, 0.81033
0.778695, 0.810478
0.778945, 0.810626
0.779195, 0.810775
0.779445, 0.810924
0.779695, 0.811073
0.779945, 0.811222
0.780195, 0.811371
0.780445, 0.811521
0.780695, 0.81167
0.780945, 0.81182
0.781195, 0.81197
0.781445, 0.812119
0.781695, 0.81227
0.781945, 0.81242
0.782196, 0.81257
0.782446, 0.812721
0.782696, 0.812871
0.782946, 0.813022
0.783196, 0.813173
0.783446, 0.813324
0.783696, 0.813475
0.783946, 0.813627
0.784196, 0.813778
0.784446, 0.81393
0.784696, 0.814081
0.784946, 0.814233
0.785196, 0.814385
0.785446, 0.814538
0.785696, 0.81469
0.785946, 0.814842
0.786197, 0.814995
0.786447, 0.815148
0.786697, 0.815301
0.786947, 0.815454
0.787197, 0.815607
0.787447, 0.81576
0.787697, 0.815914
0.787947, 0.816067
0.788197, 0.816221
0.788447, 0.816375
0.788697, 0.816529
0.788947, 0.816683
0.789197, 0.816837
0.789447, 0.816992
0.789697, 0.817146
0.789947, 0.817301
0.790198, 0.817456
0.790448, 0.817611
0.790698, 0.817766
0.790948, 0.817922
0.791198, 0.818077
0.791448, 0.818233
0.791698, 0.818388
0.791948, 0.818544
0.792198, 0.8187
0.792448, 0.818856
0.792698, 0.819013
0.792948, 0.819169
0.793198, 0.819326
0.793448, 0.819482
0.793698, 0.819639
0.793948, 0.819796
0.794199, 0.819953
0.794449, 0.820111
0.794699, 0.820268
0.794949, 0.820426
0.795199, 0.820583
0.795449, 0.820741
0.795699, 0.820899
0.795949, 0.821057
0.796199, 0.821216
0.796449, 0.821374
0.796699, 0.821533
0.796949, 0.821691
0.797199, 0.82185
0.797449, 0.822009
0.797699, 0.822168
0.797949, 0.822328
0.7982, 0.822487
0.79845, 0.822647
0.7987, 0.822806
0.79895, 0.822966
0.7992, 0.823126
0.79945, 0.823286
0.7997, 0.823447
0.79995, 0.823607
0.8002, 0.823768
0.80045, 0.823928
0.8007, 0.824089
0.80095, 0.82425
0.8012, 0.824411
0.80145, 0.824572
0.8017, 0.824734
0.80195, 0.824895
0.802201, 0.825057
0.802451, 0.825219
0.802701, 0.825381
0.802951, 0.825543
0.803201, 0.825705
0.803451, 0.825868
0.803701, 0.82603
0.803951, 0.826193
0.804201, 0.826356
0.804451, 0.826519
0.804701, 0.826682
0.804951, 0.826845
0.805201, 0.827009
0.805451, 0.827172
0.805701, 0.827336
0.805951, 0.8275
0.806202, 0.827664
0.806452, 0.827828
0.806702, 0.827992
0.806952, 0.828157
0.807202, 0.828321
0.807452, 0.828486
0.807702, 0.828651
0.807952, 0.828816
0.808202, 0.828981
0.808452, 0.829146
0.808702, 0.829312
0.808952, 0.829477
0.809202, 0.829643
0.809452, 0.829809
0.809702, 0.829975
0.809952, 0.830141
0.810203, 0.830307
0.810453, 0.830473
0.810703, 0.83064
0.810953, 0.830807
0.811203, 0.830974
0.811453, 0.831141
0.811703, 0.831308
0.811953, 0.831475
0.812203, 0.831642
0.812453, 0.83181
0.812703, 0.831978
0.812953, 0.832146
0.813203, 0.832314
0.813453, 0.832482
0.813703, 0.83265
0.813953, 0.832818
0.814204, 0.832987
0.814454, 0.833156
0.814704, 0.833325
0.814954, 0.833494
0.815204, 0.833663
0.815454, 0.833832
0.815704, 0.834002
0.815954, 0.834171
0.816204, 0.834341
0.816454, 0.834511
0.816704, 0.834681
0.816954, 0.834851
0.817204, 0.835021
0.817454, 0.835192
0.817704, 0.835362
0.817954, 0.835533
0.818205, 0.835704
0.818455, 0.835875
0.818705, 0.836046
0.818955, 0.836217
0.819205, 0.836389
0.819455, 0.83656
0.819705, 0.836732
0.819955, 0.836904
0.820205, 0.837076
0.820455, 0.837248
0.820705, 0.837421
0.820955, 0.837593
0.821205, 0.837766
0.821455, 0.837938
0.821705, 0.838111
0.821955, 0.838284
0.822206, 0.838458
0.822456, 0.838631
0.822706, 0.838804
0.822956, 0.838978
0.823206, 0.839152
0.823456, 0.839326
0.823706, 0.8395
0.823956, 0.839674
0.824206, 0.839848
0.824456, 0.840023
0.824706, 0.840197
0.824956, 0.840372
0.825206, 0.840547
0.825456, 0.840722
0.825706, 0.840897
0.825956, 0.841073
0.826207, 0.841248
0.826457, 0.841424
0.826707, 0.8416
0.826957, 0.841776
0.827207, 0.841952
0.827457, 0.842128
0.827707, 0.842304
0.827957, 0.842481
0.828207, 0.842658
0.828457, 0.842834
0.828707, 0.843011
0.828957, 0.843189
0.829207, 0.843366
0.829457, 0.843543
0.829707, 0.843721
0.829957, 0.843898
0.830208, 0.844076
0.830458, 0.844254
0.830708, 0.844432
0.830958, 0.844611
0.831208, 0.844789
0.831458, 0.844968
0.831708, 0.845146
0.831958, 0.845325
0.832208, 0.845504
0.832458, 0.845683
0.832708, 0.845863
0.832958, 0.846042
0.833208, 0.846222
0.833458, 0.846401
0.833708, 0.846581
0.833958, 0.846761
0.834209, 0.846941
0.834459, 0.847122
0.834709, 0.847302
0.834959, 0.847483
0.835209, 0.847663
0.835459, 0.847844
0.835709, 0.848025
0.835959, 0.848207
0.836209, 0.848388
0.836459, 0.848569
0.836709, 0.848751
0.836959, 0.848933
0.837209, 0.849115
0.837459, 0.849297
0.837709, 0.849479
0.837959, 0.849661
0.83821, 0.849844
0.83846, 0.850026
0.83871, 0.850209
0.83896, 0.850392
0.83921, 0.850575
0.83946, 0.850758
0.83971, 0.850942
0.83996, 0.851125
0.84021, 0.851309
0.84046, 0.851493
0.84071, 0.851677
0.84096, 0.851861
0.84121, 0.852045
0.84146, 0.85223
0.84171, 0.852414
0.84196, 0.852599
0.842211, 0.852784
0.842461, 0.852969
0.842711, 0.853154
0.842961, 0.853339
0.843211, 0.853525
0.843461, 0.85371
0.843711, 0.853896
0.843961, 0.854082
0.844211, 0.854268
0.844461, 0.854454
0.844711, 0.85464
0.844961, 0.854827
0.845211, 0.855013
0.845461, 0.8552
0.845711, 0.855387
0.845961, 0.855574
0.846212, 0.855761
0.846462, 0.855948
0.846712, 0.856136
0.846962, 0.856324
0.847212, 0.856511
0.847462, 0.856699
0.847712, 0.856887
0.847962, 0.857076
0.848212, 0.857264
0.848462, 0.857453
0.848712, 0.857641
0.848962, 0.85783
0.849212, 0.858019
0.849462, 0.858208
0.849712, 0.858397
0.849962, 0.858587
0.850213, 0.858776
0.850463, 0.858966
0.850713, 0.859156
0.850963, 0.859346
0.851213, 0.859536
0.851463, 0.859726
0.851713, 0.859917
0.851963, 0.860107
0.852213, 0.860298
0.852463, 0.860489
0.852713, 0.86068
0.852963, 0.860871
0.853213, 0.861062
0.853463, 0.861254
0.853713, 0.861445
0.853963, 0.861637
0.854214, 0.861829
0.854464, 0.862021
0.854714, 0.862213
0.854964, 0.862406
0.855214, 0.862598
0.855464, 0.862791
0.855714, 0.862984
0.855964, 0.863177
0.856214, 0.86337
0.856464, 0.863563
0.856714, 0.863756
0.856964, 0.86395
0.857214, 0.864144
0.857464, 0.864338
0.857714, 0.864532
0.857964, 0.864726
0.858215, 0.86492
0.858465, 0.865114
0.858715, 0.865309
0.858965, 0.865504
0.859215, 0.865699
0.859465, 0.865894
0.859715, 0.866089
0.859965, 0.866284
0.860215, 0.86648
0.860465, 0.866675
0.860715, 0.866871
0.860965, 0.867067
0.861215, 0.867263
0.861465, 0.867459
0.861715, 0.867656
0.861965, 0.867852
0.862216, 0.868049
0.862466, 0.868246
0.862716, 0.868443
0.862966, 0.86864
0.863216, 0.868837
0.863466, 0.869034
0.863716, 0.869232
0.863966, 0.86943
0.864216, 0.869628
0.864466, 0.869826
0.864716, 0.870024
0.864966, 0.870222
0.865216, 0.87042
0.865466, 0.870619
0.865716, 0.870818
0.865966, 0.871017
0.866217, 0.871216
0.866467, 0.871415
0.866717, 0.871614
0.866967, 0.871814
0.867217, 0.872013
0.867467, 0.872213
0.867717, 0.872413
0.867967, 0.872613
0.868217, 0.872814
0.868467, 0.873014
0.868717, 0.873215
0.868967, 0.873415
0.869217, 0.873616
0.869467, 0.873817
0.869717, 0.874018
0.869967, 0.87422
0.870218, 0.874421
0.870468, 0.874623
0.870718, 0.874824
0.870968, 0.875026
0.871218, 0.875228
0.871468, 0.87543
0.871718, 0.875633
0.871968, 0.875835
0.872218, 0.876038
0.872468, 0.876241
0.872718, 0.876444
0.872968, 0.876647
0.873218, 0.87685
0.873468, 0.877053
0.873718, 0.877257
0.873968, 0.877461
0.874219, 0.877665
0.874469, 0.877869
0.874719, 0.878073
0.874969, 0.878277
0.875219, 0.878481
0.875469, 0.878686
0.875719, 0.878891
0.875969, 0.879096
0.876219, 0.879301
0.876469, 0.879506
0.876719, 0.879711
0.876969, 0.879917
0.877219, 0.880123
0.877469, 0.880328
0.877719, 0.880534
0.877969, 0.88074
0.87822, 0.880947
0.87847, 0.881153
0.87872, 0.88136
0.87897, 0.881566
0.87922, 0.881773
0.87947, 0.88198
0.87972, 0.882187
0.87997, 0.882395
0.88022, 0.882602
0.88047, 0.88281
0.88072, 0.883018
0.88097, 0.883226
0.88122, 0.883434
0.88147, 0.883642
0.88172, 0.88385
0.88197, 0.884059
0.882221, 0.884267
0.882471, 0.884476
0.882721, 0.884685
0.882971, 0.884894
0.883221, 0.885104
0.883471, 0.885313
0.883721, 0.885523
0.883971, 0.885732
0.884221, 0.885942
0.884471, 0.886152
0.884721, 0.886363
0.884971, 0.886573
0.885221, 0.886783
0.885471, 0.886994
0.885721, 0.887205
0.885971, 0.887416
0.886222, 0.887627
0.886472, 0.887838
0.886722, 0.88805
0.886972, 0.888261
0.887222, 0.888473
0.887472, 0.888685
0.887722, 0.888897
0.887972, 0.889109
0.888222, 0.889321
0.888472, 0.889534
0.888722, 0.889746
0.888972, 0.889959
0.889222, 0.890172
0.889472, 0.890385
0.889722, 0.890598
0.889972, 0.890812
0.890223, 0.891025
0.890473, 0.891239
0.890723, 0.891453
0.890973, 0.891667
0.891223, 0.891881
0.891473, 0.892095
0.891723, 0.89231
0.891973, 0.892524
0.892223, 0.892739
0.892473, 0.892954
0.892723, 0.893169
0.892973, 0.893384
0.893223, 0.8936
0.893473, 0.893815
0.893723, 0.894031
0.893973, 0.894247
0.894224, 0.894463
0.894474, 0.894679
0.894724, 0.894895
0.894974, 0.895112
0.895224, 0.895328
0.895474, 0.895545
0.895724, 0.895762
0.895974, 0.895979
0.896224, 0.896196
0.896474, 0.896413
0.896724, 0.896631
0.896974, 0.896849
0.897224, 0.897066
0.897474, 0.897284
0.897724, 0.897502
0.897974, 0.897721
0.898225, 0.897939
0.898475, 0.898158
0.898725, 0.898377
0.898975, 0.898595
0.899225, 0.898814
0.899475, 0.899034
0.899725, 0.899253
0.899975, 0.899473
0.900225, 0.899692
0.900475, 0.899912
0.900725, 0.900132
0.900975, 0.900352
0.901225, 0.900572
0.901475, 0.900793
0.901725, 0.901013
0.901975, 0.901234
0.902226, 0.901455
0.902476, 0.901676
0.902726, 0.901897
0.902976, 0.902119
0.903226, 0.90234
0.903476, 0.902562
0.903726, 0.902784
0.903976, 0.903006
0.904226, 0.903228
0.904476, 0.90345
0.904726, 0.903672
0.904976, 0.903895
0.905226, 0.904118
0.905476, 0.904341
0.905726, 0.904564
0.905976, 0.904787
0.906227, 0.90501
0.906477, 0.905234
0.906727, 0.905458
0.906977, 0.905681
0.907227, 0.905905
0.907477, 0.906129
0.907727, 0.906354
0.907977, 0.906578
0.908227, 0.906803
0.908477, 0.907028
0.908727, 0.907252
0.908977, 0.907478
0.909227, 0.907703
0.909477, 0.907928
0.909727, 0.908154
0.909977, 0.908379
0.910228, 0.908605
0.910478, 0.908831
0.910728, 0.909057
0.910978, 0.909284
0.911228, 0.90951
0.911478, 0.909737
0.911728, 0.909963
0.911978, 0.91019
0.912228, 0.910417
0.912478, 0.910645
0.912728, 0.910872
0.912978, 0.9111
0.913228, 0.911327
0.913478, 0.911555
0.913728, 0.911783
0.913978, 0.912011
0.914229, 0.91224
0.914479, 0.912468
0.914729, 0.912697
0.914979, 0.912926
0.915229, 0.913155
0.915479, 0.913384
0.915729, 0.913613
0.915979, 0.913842
0.916229, 0.914072
0.916479, 0.914302
0.916729, 0.914532
0.916979, 0.914762
0.917229, 0.914992
0.917479, 0.915222
0.917729, 0.915453
0.917979, 0.915683
0.91823, 0.915914
0.91848, 0.916145
0.91873, 0.916376
0.91898, 0.916608
0.91923, 0.916839
0.91948, 0.917071
0.91973, 0.917302
0.91998, 0.917534
0.92023, 0.917766
0.92048, 0.917999
0.92073, 0.918231
0.92098, 0.918464
0.92123, 0.918696
0.92148, 0.918929
0.92173, 0.919162
0.92198, 0.919395
0.922231, 0.919629
0.922481, 0.919862
0.922731, 0.920096
0.922981, 0.92033
0.923231, 0.920563
0.923481, 0.920798
0.923731, 0.921032
0.923981, 0.921266
0.924231, 0.921501
0.924481, 0.921736
0.924731, 0.92197
0.924981, 0.922206
0.925231, 0.922441
0.925481, 0.922676
0.925731, 0.922912
0.925981, 0.923147
0.926232, 0.923383
0.926482, 0.923619
0.926732, 0.923855
0.926982, 0.924092
0.927232, 0.924328
0.927482, 0.924565
0.927732, 0.924802
0.927982, 0.925038
0.928232, 0.925276
0.928482, 0.925513
0.928732, 0.92575
0.928982, 0.925988
0.929232, 0.926226
0.929482, 0.926463
0.929732, 0.926701
0.929982, 0.92694
0.930233, 0.927178
0.930483, 0.927417
0.930733, 0.927655
0.930983, 0.927894
0.931233, 0.928133
0.931483, 0.928372
0.931733, 0.928612
0.931983, 0.928851
0.932233, 0.929091
0.932483, 0.92933
0.932733, 0.92957
0.932983, 0.929811
0.933233, 0.930051
0.933483, 0.930291
0.933733, 0.930532
0.933983, 0.930773
0.934234, 0.931013
0.934484, 0.931254
0.934734, 0.931496
0.934984, 0.931737
0.935234, 0.931979
0.935484, 0.93222
0.935734, 0.932462
0.935984, 0.932704
0.936234, 0.932946
0.936484, 0.933189
0.936734, 0.933431
0.936984, 0.933674
0.937234, 0.933917
0.937484, 0.93416
0.937734, 0.934403
0.937984, 0.934646
0.938235, 0.934889
0.938485, 0.935133
0.938735, 0.935377
0.938985, 0.935621
0.939235, 0.935865
0.939485, 0.936109
0.939735, 0.936353
0.939985, 0.936598
0.940235, 0.936843
0.940485, 0.937087
0.940735, 0.937333
0.940985, 0.937578
0.941235, 0.937823
0.941485, 0.938069
0.941735, 0.938314
0.941985, 0.93856
0.942236, 0.938806
0.942486, 0.939052
0.942736, 0.939299
0.942986, 0.939545
0.943236, 0.939792
0.943486, 0.940038
0.943736, 0.940285
0.943986, 0.940533
0.944236, 0.94078
0.944486, 0.941027
0.944736, 0.941275
0.944986, 0.941523
0.945236, 0.94177
0.945486, 0.942019
0.945736, 0.942267
0.945986, 0.942515
0.946237, 0.942764
0.946487, 0.943012
0.946737, 0.943261
0.946987, 0.94351
0.947237, 0.94376
0.947487, 0.944009
0.947737, 0.944258
0.947987, 0.944508
0.948237, 0.944758
0.948487, 0.945008
0.948737, 0.945258
0.948987, 0.945508
0.949237, 0.945759
0.949487, 0.94601
0.949737, 0.94626
0.949987, 0.946511
0.950238, 0.946763
0.950488, 0.947014
0.950738, 0.947265
0.950988, 0.947517
0.951238, 0.947769
0.951488, 0.948021
0.951738, 0.948273
0.951988, 0.948525
0.952238, 0.948777
0.952488, 0.94903
0.952738, 0.949283
0.952988, 0.949536
0.953238, 0.949789
0.953488, 0.950042
0.953738, 0.950295
0.953988, 0.950549
0.954239, 0.950803
0.954489, 0.951056
0.954739, 0.95131
0.954989, 0.951565
0.955239, 0.951819
0.955489, 0.952074
0.955739, 0.952328
0.955989, 0.952583
0.956239, 0.952838
0.956489, 0.953093
0.956739, 0.953349
0.956989, 0.953604
0.957239, 0.95386
0.957489, 0.954116
0.957739, 0.954372
0.957989, 0.954628
0.95824, 0.954884
0.95849, 0.95514
0.95874, 0.955397
0.95899, 0.955654
0.95924, 0.955911
0.95949, 0.956168
0.95974, 0.956425
0.95999, 0.956683
0.96024, 0.95694
0.96049, 0.957198
0.96074, 0.957456
0.96099, 0.957714
0.96124, 0.957972
0.96149, 0.958231
0.96174, 0.958489
0.96199, 0.958748
0.962241, 0.959007
0.962491, 0.959266
0.962741, 0.959525
0.962991, 0.959785
0.963241, 0.960044
0.963491, 0.960304
0.963741, 0.960564
0.963991, 0.960824
0.964241, 0.961084
0.964491, 0.961345
0.964741, 0.961605
0.964991, 0.961866
0.965241, 0.962127
0.965491, 0.962388
0.965741, 0.962649
0.965991, 0.96291
0.966242, 0.963172
0.966492, 0.963433
0.966742, 0.963695
0.966992, 0.963957
0.967242, 0.96422
0.967492, 0.964482
0.967742, 0.964744
0.967992, 0.965007
0.968242, 0.96527
0.968492, 0.965533
0.968742, 0.965796
0.968992, 0.966059
0.969242, 0.966323
0.969492, 0.966587
0.969742, 0.96685
0.969992, 0.967114
0.970243, 0.967379
0.970493, 0.967643
0.970743, 0.967907
0.970993, 0.968172
0.971243, 0.968437
0.971493, 0.968702
0.971743, 0.968967
0.971993, 0.969232
0.972243, 0.969498
0.972493, 0.969763
0.972743, 0.970029
0.972993, 0.970295
0.973243, 0.970561
0.973493, 0.970828
0.973743, 0.971094
0.973993, 0.971361
0.974244, 0.971627
0.974494, 0.971894
0.974744, 0.972161
0.974994, 0.972429
0.975244, 0.972696
0.975494, 0.972964
0.975744, 0.973232
0.975994, 0.9735
0.976244, 0.973768
0.976494, 0.974036
0.976744, 0.974304
0.976994, 0.974573
0.977244, 0.974842
0.977494, 0.975111
0.977744, 0.97538
0.977994, 0.975649
0.978245, 0.975919
0.978495, 0.976188
0.978745, 0.976458
0.978995, 0.976728
0.979245, 0.976998
0.979495, 0.977268
0.979745, 0.977539
0.979995, 0.977809
0.980245, 0.97808
0.980495, 0.978351
0.980745, 0.978622
0.980995, 0.978893
0.981245, 0.979165
0.981495, 0.979436
0.981745, 0.979708
0.981995, 0.97998
0.982246, 0.980252
0.982496, 0.980524
0.982746, 0.980797
0.982996, 0.981069
0.983246, 0.981342
0.983496, 0.981615
0.983746, 0.981888
0.983996, 0.982162
0.984246, 0.982435
0.984496, 0.982709
0.984746, 0.982982
0.984996, 0.983256
0.985246, 0.98353
0.985496, 0.983805
0.985746, 0.984079
0.985996, 0.984354
0.986247, 0.984628
0.986497, 0.984903
0.986747, 0.985179
0.986997, 0.985454
0.987247, 0.985729
0.987497, 0.986005
0.987747, 0.986281
0.987997, 0.986557
0.988247, 0.986833
0.988497, 0.987109
0.988747, 0.987385
0.988997, 0.987662
0.989247, 0.987939
0.989497, 0.988216
0.989747, 0.988493
0.989997, 0.98877
0.990248, 0.989048
0.990498, 0.989325
0.990748, 0.989603
0.990998, 0.989881
0.991248, 0.990159
0.991498, 0.990437
0.991748, 0.990716
0.991998, 0.990995
0.992248, 0.991273
0.992498, 0.991552
0.992748, 0.991831
0.992998, 0.992111
0.993248, 0.99239
0.993498, 0.99267
0.993748, 0.99295
0.993998, 0.99323
0.994249, 0.99351
0.994499, 0.99379
0.994749, 0.994071
0.994999, 0.994351
0.995249, 0.994632
0.995499, 0.994913
0.995749, 0.995194
0.995999, 0.995476
0.996249, 0.995757
0.996499, 0.996039
0.996749, 0.996321
0.996999, 0.996603
0.997249, 0.996885
0.997499, 0.997167
0.997749, 0.99745
0.997999, 0.997732
0.99825, 0.998015
0.9985, 0.998298
0.99875, 0.998581
0.999, 0.998865
0.99925, 0.999148
0.9995, 0.999432
0.99975, 0.999716
1, 1

