0, 1
0.000250063, 0.999567
0.000500125, 0.999134
0.000750188, 0.998701
0.00100025, 0.998268
0.00125031, 0.997836
0.00150038, 0.997404
0.00175044, 0.996971
0.0020005, 0.996539
0.00225056, 0.996108
0.00250063, 0.995676
0.00275069, 0.995244
0.00300075, 0.994813
0.00325081, 0.994382
0.00350088, 0.993951
0.00375094, 0.99352
0.004001, 0.99309
0.00425106, 0.992659
0.00450113, 0.992229
0.00475119, 0.991799
0.00500125, 0.991369
0.00525131, 0.990939
0.00550138, 0.990509
0.00575144, 0.99008
0.0060015, 0.989651
0.00625156, 0.989222
0.00650163, 0.988793
0.00675169, 0.988364
0.00700175, 0.987935
0.00725181, 0.987507
0.00750188, 0.987079
0.00775194, 0.98665
0.008002, 0.986223
0.00825206, 0.985795
0.00850213, 0.985367
0.00875219, 0.98494
0.00900225, 0.984513
0.00925231, 0.984085
0.00950238, 0.983658
0.00975244, 0.983232
0.0100025, 0.982805
0.0102526, 0.982379
0.0105026, 0.981952
0.0107527, 0.981526
0.0110028, 0.9811
0.0112528, 0.980675
0.0115029, 0.980249
0.0117529, 0.979824
0.012003, 0.979398
0.0122531, 0.978973
0.0125031, 0.978548
0.0127532, 0.978124
0.0130033, 0.977699
0.0132533, 0.977275
0.0135034, 0.97685
0.0137534, 0.976426
0.0140035, 0.976002
0.0142536, 0.975579
0.0145036, 0.975155
0.0147537, 0.974731
0.0150038, 0.974308
0.0152538, 0.973885
0.0155039, 0.973462
0.0157539, 0.973039
0.016004, 0.972617
0.0162541, 0.972194
0.0165041, 0.971772
0.0167542, 0.97135
0.0170043, 0.970928
0.0172543, 0.970506
0.0175044, 0.970085
0.0177544, 0.969663
0.0180045, 0.969242
0.0182546, 0.968821
0.0185046, 0.9684
0.0187547, 0.967979
0.0190048, 0.967558
0.0192548, 0.967138
0.0195049, 0.966718
0.0197549, 0.966298
0.020005, 0.965878
0.0202551, 0.965458
0.0205051, 0.965038
0.0207552, 0.964619
0.0210053, 0.964199
0.0212553, 0.96378
0.0215054, 0.963361
0.0217554, 0.962942
0.0220055, 0.962524
0.0222556, 0.962105
0.0225056, 0.961687
0.0227557, 0.961269
0.0230058, 0.960851
0.0232558, 0.960433
0.0235059, 0.960015
0.0237559, 0.959598
0.024006, 0.95918
0.0242561, 0.958763
0.0245061, 0.958346
0.0247562, 0.957929
0.0250063, 0.957513
0.0252563, 0.957096
0.0255064, 0.95668
0.0257564, 0.956264
0.0260065, 0.955848
0.0262566, 0.955432
0.0265066, 0.955016
0.0267567, 0.9546
0.0270068, 0.954185
0.0272568, 0.95377
0.0275069, 0.953355
0.0277569, 0.95294
0.028007, 0.952525
0.0282571, 0.95211
0.0285071, 0.951696
0.0287572, 0.951282
0.0290073, 0.950868
0.0292573, 0.950454
0.0295074, 0.95004
0.0297574, 0.949626
0.0300075, 0.949213
0.0302576, 0.9488
0.0305076, 0.948386
0.0307577, 0.947974
0.0310078, 0.947561
0.0312578, 0.947148
0.0315079, 0.946736
0.0317579, 0.946323
0.032008, 0.945911
0.0322581, 0.945499
0.0325081, 0.945087
0.0327582, 0.944676
0.0330083, 0.944264
0.0332583, 0.943853
0.0335084, 0.943442
0.0337584, 0.943031
0.0340085, 0.94262
0.0342586, 0.942209
0.0345086, 0.941798
0.0347587, 0.941388
0.0350088, 0.940978
0.0352588, 0.940568
0.0355089, 0.940158
0.0357589, 0.939748
0.036009, 0.939338
0.0362591, 0.938929
0.0365091, 0.93852
0.0367592, 0.938111
0.0370093, 0.937702
0.0372593, 0.937293
0.0375094, 0.936884
0.0377594, 0.936476
0.0380095, 0.936067
0.0382596, 0.935659
0.0385096, 0.935251
0.0387597, 0.934844
0.0390098, 0.934436
0.0392598, 0.934028
0.0395099, 0.933621
0.0397599, 0.933214
0.04001, 0.932807
0.0402601, 0.9324
0.0405101, 0.931993
0.0407602, 0.931587
0.0410103, 0.93118
0.0412603, 0.930774
0.0415104, 0.930368
0.0417604, 0.929962
0.0420105, 0.929556
0.0422606, 0.929151
0.0425106, 0.928745
0.0427607, 0.92834
0.0430108, 0.927935
0.0432608, 0.92753
0.0435109, 0.927125
0.0437609, 0.92672
0.044011, 0.926316
0.0442611, 0.925911
0.0445111, 0.925507
0.0447612, 0.925103
0.0450113, 0.924699
0.0452613, 0.924296
0.0455114, 0.923892
0.0457614, 0.923489
0.0460115, 0.923085
0.0462616, 0.922682
0.0465116, 0.922279
0.0467617, 0.921877
0.0470118, 0.921474
0.0472618, 0.921072
0.0475119, 0.920669
0.0477619, 0.920267
0.048012, 0.919865
0.0482621, 0.919463
0.0485121, 0.919062
0.0487622, 0.91866
0.0490123, 0.918259
0.0492623, 0.917858
0.0495124, 0.917456
0.0497624, 0.917056
0.0500125, 0.916655
0.0502626, 0.916254
0.0505126, 0.915854
0.0507627, 0.915454
0.0510128, 0.915053
0.0512628, 0.914654
0.0515129, 0.914254
0.0517629, 0.913854
0.052013, 0.913455
0.0522631, 0.913055
0.0525131, 0.912656
0.0527632, 0.912257
0.0530133, 0.911858
0.0532633, 0.91146
0.0535134, 0.911061
0.0537634, 0.910663
0.0540135, 0.910264
0.0542636, 0.909866
0.0545136, 0.909468
0.0547637, 0.909071
0.0550138, 0.908673
0.0552638, 0.908276
0.0555139, 0.907878
0.0557639, 0.907481
0.056014, 0.907084
0.0562641, 0.906687
0.0565141, 0.906291
0.0567642, 0.905894
0.0570143, 0.905498
0.0572643, 0.905101
0.0575144, 0.904705
0.0577644, 0.904309
0.0580145, 0.903914
0.0582646, 0.903518
0.0585146, 0.903123
0.0587647, 0.902727
0.0590148, 0.902332
0.0592648, 0.901937
0.0595149, 0.901542
0.0597649, 0.901148
0.060015, 0.900753
0.0602651, 0.900359
0.0605151, 0.899965
0.0607652, 0.899571
0.0610153, 0.899177
0.0612653, 0.898783
0.0615154, 0.898389
0.0617654, 0.897996
0.0620155, 0.897603
0.0622656, 0.897209
0.0625156, 0.896816
0.0627657, 0.896424
0.0630158, 0.896031
0.0632658, 0.895638
0.0635159, 0.895246
0.0637659, 0.894854
0.064016, 0.894462
0.0642661, 0.89407
0.0645161, 0.893678
0.0647662, 0.893286
0.0650163, 0.892895
0.0652663, 0.892504
0.0655164, 0.892113
0.0657664, 0.891722
0.0660165, 0.891331
0.0662666, 0.89094
0.0665166, 0.890549
0.0667667, 0.890159
0.0670168, 0.889769
0.0672668, 0.889379
0.0675169, 0.888989
0.0677669, 0.888599
0.068017, 0.888209
0.0682671, 0.88782
0.0685171, 0.887431
0.0687672, 0.887041
0.0690173, 0.886652
0.0692673, 0.886264
0.0695174, 0.885875
0.0697674, 0.885486
0.0700175, 0.885098
0.0702676, 0.88471
0.0705176, 0.884321
0.0707677, 0.883934
0.0710178, 0.883546
0.0712678, 0.883158
0.0715179, 0.882771
0.0717679, 0.882383
0.072018, 0.881996
0.0722681, 0.881609
0.0725181, 0.881222
0.0727682, 0.880835
0.0730183, 0.880449
0.0732683, 0.880062
0.0735184, 0.879676
0.0737684, 0.87929
0.0740185, 0.878904
0.0742686, 0.878518
0.0745186, 0.878132
0.0747687, 0.877747
0.0750188, 0.877361
0.0752688, 0.876976
0.0755189, 0.876591
0.0757689, 0.876206
0.076019, 0.875821
0.0762691, 0.875437
0.0765191, 0.875052
0.0767692, 0.874668
0.0770193, 0.874284
0.0772693, 0.8739
0.0775194, 0.873516
0.0777694, 0.873132
0.0780195, 0.872748
0.0782696, 0.872365
0.0785196, 0.871982
0.0787697, 0.871598
0.0790198, 0.871215
0.0792698, 0.870833
0.0795199, 0.87045
0.0797699, 0.870067
0.08002, 0.869685
0.0802701, 0.869303
0.0805201, 0.868921
0.0807702, 0.868539
0.0810203, 0.868157
0.0812703, 0.867775
0.0815204, 0.867394
0.0817704, 0.867012
0.0820205, 0.866631
0.0822706, 0.86625
0.0825206, 0.865869
0.0827707, 0.865488
0.0830208, 0.865108
0.0832708, 0.864727
0.0835209, 0.864347
0.0837709, 0.863967
0.084021, 0.863587
0.0842711, 0.863207
0.0845211, 0.862827
0.0847712, 0.862448
0.0850213, 0.862068
0.0852713, 0.861689
0.0855214, 0.86131
0.0857714, 0.860931
0.0860215, 0.860552
0.0862716, 0.860173
0.0865216, 0.859795
0.0867717, 0.859416
0.0870218, 0.859038
0.0872718, 0.85866
0.0875219, 0.858282
0.0877719, 0.857904
0.088022, 0.857527
0.0882721, 0.857149
0.0885221, 0.856772
0.0887722, 0.856395
0.0890223, 0.856018
0.0892723, 0.855641
0.0895224, 0.855264
0.0897724, 0.854887
0.0900225, 0.854511
0.0902726, 0.854134
0.0905226, 0.853758
0.0907727, 0.853382
0.0910228, 0.853006
0.0912728, 0.852631
0.0915229, 0.852255
0.0917729, 0.85188
0.092023, 0.851504
0.0922731, 0.851129
0.0925231, 0.850754
0.0927732, 0.850379
0.0930233, 0.850005
0.0932733, 0.84963
0.0935234, 0.849256
0.0937734, 0.848881
0.0940235, 0.848507
0.0942736, 0.848133
0.0945236, 0.847759
0.0947737, 0.847386
0.0950238, 0.847012
0.0952738, 0.846639
0.0955239, 0.846265
0.0957739, 0.845892
0.096024, 0.845519
0.0962741, 0.845147
0.0965241, 0.844774
0.0967742, 0.844401
0.0970243, 0.844029
0.0972743, 0.843657
0.0975244, 0.843285
0.0977744, 0.842913
0.0980245, 0.842541
0.0982746, 0.842169
0.0985246, 0.841798
0.0987747, 0.841426
0.0990248, 0.841055
0.0992748, 0.840684
0.0995249, 0.840313
0.0997749, 0.839942
0.100025, 0.839572
0.100275, 0.839201
0.100525, 0.838831
0.100775, 0.838461
0.101025, 0.838091
0.101275, 0.837721
0.101525, 0.837351
0.101775, 0.836981
0.102026, 0.836612
0.102276, 0.836242
0.102526, 0.835873
0.102776, 0.835504
0.103026, 0.835135
0.103276, 0.834767
0.103526, 0.834398
0.103776, 0.83403
0.104026, 0.833661
0.104276, 0.833293
0.104526, 0.832925
0.104776, 0.832557
0.105026, 0.832189
0.105276, 0.831822
0.105526, 0.831454
0.105776, 0.831087
0.106027, 0.83072
0.106277, 0.830353
0.106527, 0.829986
0.106777, 0.829619
0.107027, 0.829252
0.107277, 0.828886
0.107527, 0.82852
0.107777, 0.828154
0.108027, 0.827787
0.108277, 0.827422
0.108527, 0.827056
0.108777, 0.82669
0.109027, 0.826325
0.109277, 0.825959
0.109527, 0.825594
0.109777, 0.825229
0.110028, 0.824864
0.110278, 0.8245
0.110528, 0.824135
0.110778, 0.823771
0.111028, 0.823406
0.111278, 0.823042
0.111528, 0.822678
0.111778, 0.822314
0.112028, 0.82195
0.112278, 0.821587
0.112528, 0.821223
0.112778, 0.82086
0.113028, 0.820497
0.113278, 0.820134
0.113528, 0.819771
0.113778, 0.819408
0.114029, 0.819046
0.114279, 0.818683
0.114529, 0.818321
0.114779, 0.817959
0.115029, 0.817596
0.115279, 0.817235
0.115529, 0.816873
0.115779, 0.816511
0.116029, 0.81615
0.116279, 0.815788
0.116529, 0.815427
0.116779, 0.815066
0.117029, 0.814705
0.117279, 0.814344
0.117529, 0.813984
0.117779, 0.813623
0.11803, 0.813263
0.11828, 0.812903
0.11853, 0.812543
0.11878, 0.812183
0.11903, 0.811823
0.11928, 0.811463
0.11953, 0.811104
0.11978, 0.810745
0.12003, 0.810385
0.12028, 0.810026
0.12053, 0.809667
0.12078, 0.809308
0.12103, 0.80895
0.12128, 0.808591
0.12153, 0.808233
0.12178, 0.807875
0.122031, 0.807517
0.122281, 0.807159
0.122531, 0.806801
0.122781, 0.806443
0.123031, 0.806086
0.123281, 0.805728
0.123531, 0.805371
0.123781, 0.805014
0.124031, 0.804657
0.124281, 0.8043
0.124531, 0.803943
0.124781, 0.803587
0.125031, 0.80323
0.125281, 0.802874
0.125531, 0.802518
0.125781, 0.802162
0.126032, 0.801806
0.126282, 0.80145
0.126532, 0.801095
0.126782, 0.800739
0.127032, 0.800384
0.127282, 0.800029
0.127532, 0.799674
0.127782, 0.799319
0.128032, 0.798964
0.128282, 0.79861
0.128532, 0.798255
0.128782, 0.797901
0.129032, 0.797547
0.129282, 0.797193
0.129532, 0.796839
0.129782, 0.796485
0.130033, 0.796131
0.130283, 0.795778
0.130533, 0.795424
0.130783, 0.795071
0.131033, 0.794718
0.131283, 0.794365
0.131533, 0.794012
0.131783, 0.79366
0.132033, 0.793307
0.132283, 0.792955
0.132533, 0.792602
0.132783, 0.79225
0.133033, 0.791898
0.133283, 0.791547
0.133533, 0.791195
0.133783, 0.790843
0.134034, 0.790492
0.134284, 0.790141
0.134534, 0.789789
0.134784, 0.789438
0.135034, 0.789088
0.135284, 0.788737
0.135534, 0.788386
0.135784, 0.788036
0.136034, 0.787685
0.136284, 0.787335
0.136534, 0.786985
0.136784, 0.786635
0.137034, 0.786286
0.137284, 0.785936
0.137534, 0.785586
0.137784, 0.785237
0.138035, 0.784888
0.138285, 0.784539
0.138535, 0.78419
0.138785, 0.783841
0.139035, 0.783492
0.139285, 0.783144
0.139535, 0.782795
0.139785, 0.782447
0.140035, 0.782099
0.140285, 0.781751
0.140535, 0.781403
0.140785, 0.781055
0.141035, 0.780708
0.141285, 0.78036
0.141535, 0.780013
0.141785, 0.779666
0.142036, 0.779319
0.142286, 0.778972
0.142536, 0.778625
0.142786, 0.778279
0.143036, 0.777932
0.143286, 0.777586
0.143536, 0.777239
0.143786, 0.776893
0.144036, 0.776547
0.144286, 0.776202
0.144536, 0.775856
0.144786, 0.77551
0.145036, 0.775165
0.145286, 0.77482
0.145536, 0.774475
0.145786, 0.77413
0.146037, 0.773785
0.146287, 0.77344
0.146537, 0.773095
0.146787, 0.772751
0.147037, 0.772407
0.147287, 0.772062
0.147537, 0.771718
0.147787, 0.771375
0.148037, 0.771031
0.148287, 0.770687
0.148537, 0.770344
0.148787, 0.77
0.149037, 0.769657
0.149287, 0.769314
0.149537, 0.768971
0.149787, 0.768628
0.150038, 0.768285
0.150288, 0.767943
0.150538, 0.7676
0.150788, 0.767258
0.151038, 0.766916
0.151288, 0.766574
0.151538, 0.766232
0.151788, 0.76589
0.152038, 0.765549
0.152288, 0.765207
0.152538, 0.764866
0.152788, 0.764525
0.153038, 0.764184
0.153288, 0.763843
0.153538, 0.763502
0.153788, 0.763161
0.154039, 0.762821
0.154289, 0.76248
0.154539, 0.76214
0.154789, 0.7618
0.155039, 0.76146
0.155289, 0.76112
0.155539, 0.76078
0.155789, 0.76044
0.156039, 0.760101
0.156289, 0.759762
0.156539, 0.759422
0.156789, 0.759083
0.157039, 0.758744
0.157289, 0.758406
0.157539, 0.758067
0.157789, 0.757728
0.15804, 0.75739
0.15829, 0.757052
0.15854, 0.756714
0.15879, 0.756376
0.15904, 0.756038
0.15929, 0.7557
0.15954, 0.755362
0.15979, 0.755025
0.16004, 0.754688
0.16029, 0.75435
0.16054, 0.754013
0.16079, 0.753676
0.16104, 0.75334
0.16129, 0.753003
0.16154, 0.752666
0.16179, 0.75233
0.162041, 0.751994
0.162291, 0.751657
0.162541, 0.751321
0.162791, 0.750986
0.163041, 0.75065
0.163291, 0.750314
0.163541, 0.749979
0.163791, 0.749643
0.164041, 0.749308
0.164291, 0.748973
0.164541, 0.748638
0.164791, 0.748303
0.165041, 0.747969
0.165291, 0.747634
0.165541, 0.7473
0.165791, 0.746965
0.166042, 0.746631
0.166292, 0.746297
0.166542, 0.745963
0.166792, 0.74563
0.167042, 0.745296
0.167292, 0.744962
0.167542, 0.744629
0.167792, 0.744296
0.168042, 0.743963
0.168292, 0.74363
0.168542, 0.743297
0.168792, 0.742964
0.169042, 0.742632
0.169292, 0.742299
0.169542, 0.741967
0.169792, 0.741635
0.170043, 0.741303
0.170293, 0.740971
0.170543, 0.740639
0.170793, 0.740307
0.171043, 0.739976
0.171293, 0.739644
0.171543, 0.739313
0.171793, 0.738982
0.172043, 0.738651
0.172293, 0.73832
0.172543, 0.737989
0.172793, 0.737659
0.173043, 0.737328
0.173293, 0.736998
0.173543, 0.736668
0.173793, 0.736337
0.174044, 0.736007
0.174294, 0.735678
0.174544, 0.735348
0.174794, 0.735018
0.175044, 0.734689
0.175294, 0.73436
0.175544, 0.73403
0.175794, 0.733701
0.176044, 0.733373
0.176294, 0.733044
0.176544, 0.732715
0.176794, 0.732387
0.177044, 0.732058
0.177294, 0.73173
0.177544, 0.731402
0.177794, 0.731074
0.178045, 0.730746
0.178295, 0.730418
0.178545, 0.73009
0.178795, 0.729763
0.179045, 0.729436
0.179295, 0.729108
0.179545, 0.728781
0.179795, 0.728454
0.180045, 0.728128
0.180295, 0.727801
0.180545, 0.727474
0.180795, 0.727148
0.181045, 0.726821
0.181295, 0.726495
0.181545, 0.726169
0.181795, 0.725843
0.182046, 0.725517
0.182296, 0.725192
0.182546, 0.724866
0.182796, 0.724541
0.183046, 0.724216
0.183296, 0.72389
0.183546, 0.723565
0.183796, 0.72324
0.184046, 0.722916
0.184296, 0.722591
0.184546, 0.722267
0.184796, 0.721942
0.185046, 0.721618
0.185296, 0.721294
0.185546, 0.72097
0.185796, 0.720646
0.186047, 0.720322
0.186297, 0.719999
0.186547, 0.719675
0.186797, 0.719352
0.187047, 0.719028
0.187297, 0.718705
0.187547, 0.718382
0.187797, 0.71806
0.188047, 0.717737
0.188297, 0.717414
0.188547, 0.717092
0.188797, 0.716769
0.189047, 0.716447
0.189297, 0.716125
0.189547, 0.715803
0.189797, 0.715481
0.190048, 0.71516
0.190298, 0.714838
0.190548, 0.714517
0.190798, 0.714195
0.191048, 0.713874
0.191298, 0.713553
0.191548, 0.713232
0.191798, 0.712911
0.192048, 0.712591
0.192298, 0.71227
0.192548, 0.71195
0.192798, 0.71163
0.193048, 0.711309
0.193298, 0.710989
0.193548, 0.710669
0.193798, 0.71035
0.194049, 0.71003
0.194299, 0.70971
0.194549, 0.709391
0.194799, 0.709072
0.195049, 0.708753
0.195299, 0.708434
0.195549, 0.708115
0.195799, 0.707796
0.196049, 0.707477
0.196299, 0.707159
0.196549, 0.70684
0.196799, 0.706522
0.197049, 0.706204
0.197299, 0.705886
0.197549, 0.705568
0.197799, 0.70525
0.19805, 0.704933
0.1983, 0.704615
0.19855, 0.704298
0.1988, 0.703981
0.19905, 0.703664
0.1993, 0.703347
0.19955, 0.70303
0.1998, 0.702713
0.20005, 0.702396
0.2003, 0.70208
0.20055, 0.701764
0.2008, 0.701447
0.20105, 0.701131
0.2013, 0.700815
0.20155, 0.700499
0.2018, 0.700184
0.202051, 0.699868
0.202301, 0.699553
0.202551, 0.699237
0.202801, 0.698922
0.203051, 0.698607
0.203301, 0.698292
0.203551, 0.697977
0.203801, 0.697662
0.204051, 0.697348
0.204301, 0.697033
0.204551, 0.696719
0.204801, 0.696405
0.205051, 0.696091
0.205301, 0.695777
0.205551, 0.695463
0.205801, 0.695149
0.206052, 0.694836
0.206302, 0.694522
0.206552, 0.694209
0.206802, 0.693896
0.207052, 0.693583
0.207302, 0.69327
0.207552, 0.692957
0.207802, 0.692644
0.208052, 0.692331
0.208302, 0.692019
0.208552, 0.691707
0.208802, 0.691394
0.209052, 0.691082
0.209302, 0.69077
0.209552, 0.690458
0.209802, 0.690147
0.210053, 0.689835
0.210303, 0.689524
0.210553, 0.689212
0.210803, 0.688901
0.211053, 0.68859
0.211303, 0.688279
0.211553, 0.687968
0.211803, 0.687658
0.212053, 0.687347
0.212303, 0.687036
0.212553, 0.686726
0.212803, 0.686416
0.213053, 0.686106
0.213303, 0.685796
0.213553, 0.685486
0.213803, 0.685176
0.214054, 0.684867
0.214304, 0.684557
0.214554, 0.684248
0.214804, 0.683939
0.215054, 0.683629
0.215304, 0.68332
0.215554, 0.683012
0.215804, 0.682703
0.216054, 0.682394
0.216304, 0.682086
0.216554, 0.681777
0.216804, 0.681469
0.217054, 0.681161
0.217304, 0.680853
0.217554, 0.680545
0.217804, 0.680237
0.218055, 0.67993
0.218305, 0.679622
0.218555, 0.679315
0.218805, 0.679008
0.219055, 0.678701
0.219305, 0.678394
0.219555, 0.678087
0.219805, 0.67778
0.220055, 0.677473
0.220305, 0.677167
0.220555, 0.67686
0.220805, 0.676554
0.221055, 0.676248
0.221305, 0.675942
0.221555, 0.675636
0.221805, 0.67533
0.222056, 0.675025
0.222306, 0.674719
0.222556, 0.674414
0.222806, 0.674108
0.223056, 0.673803
0.223306, 0.673498
0.223556, 0.673193
0.223806, 0.672889
0.224056, 0.672584
0.224306, 0.672279
0.224556, 0.671975
0.224806, 0.671671
0.225056, 0.671366
0.225306, 0.671062
0.225556, 0.670758
0.225806, 0.670455
0.226057, 0.670151
0.226307, 0.669847
0.226557, 0.669544
0.226807, 0.669241
0.227057, 0.668937
0.227307, 0.668634
0.227557, 0.668331
0.227807, 0.668029
0.228057, 0.667726
0.228307, 0.667423
0.228557, 0.667121
0.228807, 0.666818
0.229057, 0.666516
0.229307, 0.666214
0.229557, 0.665912
0.229807, 0.66561
0.230058, 0.665308
0.230308, 0.665007
0.230558, 0.664705
0.230808, 0.664404
0.231058, 0.664103
0.231308, 0.663802
0.231558, 0.663501
0.231808, 0.6632
0.232058, 0.662899
0.232308, 0.662598
0.232558, 0.662298
0.232808, 0.661997
0.233058, 0.661697
0.233308, 0.661397
0.233558, 0.661097
0.233808, 0.660797
0.234059, 0.660497
0.234309, 0.660197
0.234559, 0.659898
0.234809, 0.659599
0.235059, 0.659299
0.235309, 0.659
0.235559, 0.658701
0.235809, 0.658402
0.236059, 0.658103
0.236309, 0.657804
0.236559, 0.657506
0.236809, 0.657207
0.237059, 0.656909
0.237309, 0.656611
0.237559, 0.656313
0.237809, 0.656015
0.23806, 0.655717
0.23831, 0.655419
0.23856, 0.655121
0.23881, 0.654824
0.23906, 0.654527
0.23931, 0.654229
0.23956, 0.653932
0.23981, 0.653635
0.24006, 0.653338
0.24031, 0.653041
0.24056, 0.652745
0.24081, 0.652448
0.24106, 0.652152
0.24131, 0.651856
0.24156, 0.651559
0.24181, 0.651263
0.242061, 0.650967
0.242311, 0.650672
0.242561, 0.650376
0.242811, 0.65008
0.243061, 0.649785
0.243311, 0.649489
0.243561, 0.649194
0.243811, 0.648899
0.244061, 0.648604
0.244311, 0.648309
0.244561, 0.648015
0.244811, 0.64772
0.245061, 0.647425
0.245311, 0.647131
0.245561, 0.646837
0.245811, 0.646543
0.246062, 0.646249
0.246312, 0.645955
0.246562, 0.645661
0.246812, 0.645367
0.247062, 0.645074
0.247312, 0.64478
0.247562, 0.644487
0.247812, 0.644194
0.248062, 0.643901
0.248312, 0.643608
0.248562, 0.643315
0.248812, 0.643022
0.249062, 0.64273
0.249312, 0.642437
0.249562, 0.642145
0.249812, 0.641852
0.250063, 0.64156
0.250313, 0.641268
0.250563, 0.640976
0.250813, 0.640685
0.251063, 0.640393
0.251313, 0.640101
0.251563, 0.63981
0.251813, 0.639519
0.252063, 0.639228
0.252313, 0.638937
0.252563, 0.638646
0.252813, 0.638355
0.253063, 0.638064
0.253313, 0.637774
0.253563, 0.637483
0.253813, 0.637193
0.254064, 0.636902
0.254314, 0.636612
0.254564, 0.636322
0.254814, 0.636033
0.255064, 0.635743
0.255314, 0.635453
0.255564, 0.635164
0.255814, 0.634874
0.256064, 0.634585
0.256314, 0.634296
0.256564, 0.634007
0.256814, 0.633718
0.257064, 0.633429
0.257314, 0.63314
0.257564, 0.632852
0.257814, 0.632563
0.258065, 0.632275
0.258315, 0.631987
0.258565, 0.631699
0.258815, 0.631411
0.259065, 0.631123
0.259315, 0.630835
0.259565, 0.630547
0.259815, 0.63026
0.260065, 0.629972
0.260315, 0.629685
0.260565, 0.629398
0.260815, 0.629111
0.261065, 0.628824
0.261315, 0.628537
0.261565, 0.62825
0.261815, 0.627964
0.262066, 0.627677
0.262316, 0.627391
0.262566, 0.627105
0.262816, 0.626819
0.263066, 0.626533
0.263316, 0.626247
0.263566, 0.625961
0.263816, 0.625676
0.264066, 0.62539
0.264316, 0.625105
0.264566, 0.624819
0.264816, 0.624534
0.265066, 0.624249
0.265316, 0.623964
0.265566, 0.623679
0.265816, 0.623395
0.266067, 0.62311
0.266317, 0.622826
0.266567, 0.622541
0.266817, 0.622257
0.267067, 0.621973
0.267317, 0.621689
0.267567, 0.621405
0.267817, 0.621121
0.268067, 0.620837
0.268317, 0.620554
0.268567, 0.620271
0.268817, 0.619987
0.269067, 0.619704
0.269317, 0.619421
0.269567, 0.619138
0.269817, 0.618855
0.270068, 0.618572
0.270318, 0.61829
0.270568, 0.618007
0.270818, 0.617725
0.271068, 0.617443
0.271318, 0.61716
0.271568, 0.616878
0.271818, 0.616597
0.272068, 0.616315
0.272318, 0.616033
0.272568, 0.615751
0.272818, 0.61547
0.273068, 0.615189
0.273318, 0.614907
0.273568, 0.614626
0.273818, 0.614345
0.274069, 0.614064
0.274319, 0.613784
0.274569, 0.613503
0.274819, 0.613223
0.275069, 0.612942
0.275319, 0.612662
0.275569, 0.612382
0.275819, 0.612102
0.276069, 0.611822
0.276319, 0.611542
0.276569, 0.611262
0.276819, 0.610982
0.277069, 0.610703
0.277319, 0.610424
0.277569, 0.610144
0.277819, 0.609865
0.27807, 0.609586
0.27832, 0.609307
0.27857, 0.609028
0.27882, 0.60875
0.27907, 0.608471
0.27932, 0.608193
0.27957, 0.607914
0.27982, 0.607636
0.28007, 0.607358
0.28032, 0.60708
0.28057, 0.606802
0.28082, 0.606524
0.28107, 0.606247
0.28132, 0.605969
0.28157, 0.605692
0.28182, 0.605415
0.282071, 0.605137
0.282321, 0.60486
0.282571, 0.604583
0.282821, 0.604306
0.283071, 0.60403
0.283321, 0.603753
0.283571, 0.603477
0.283821, 0.6032
0.284071, 0.602924
0.284321, 0.602648
0.284571, 0.602372
0.284821, 0.602096
0.285071, 0.60182
0.285321, 0.601544
0.285571, 0.601269
0.285821, 0.600993
0.286072, 0.600718
0.286322, 0.600443
0.286572, 0.600167
0.286822, 0.599892
0.287072, 0.599617
0.287322, 0.599343
0.287572, 0.599068
0.287822, 0.598793
0.288072, 0.598519
0.288322, 0.598245
0.288572, 0.59797
0.288822, 0.597696
0.289072, 0.597422
0.289322, 0.597148
0.289572, 0.596875
0.289822, 0.596601
0.290073, 0.596327
0.290323, 0.596054
0.290573, 0.595781
0.290823, 0.595507
0.291073, 0.595234
0.291323, 0.594961
0.291573, 0.594689
0.291823, 0.594416
0.292073, 0.594143
0.292323, 0.593871
0.292573, 0.593598
0.292823, 0.593326
0.293073, 0.593054
0.293323, 0.592782
0.293573, 0.59251
0.293823, 0.592238
0.294074, 0.591966
0.294324, 0.591695
0.294574, 0.591423
0.294824, 0.591152
0.295074, 0.59088
0.295324, 0.590609
0.295574, 0.590338
0.295824, 0.590067
0.296074, 0.589796
0.296324, 0.589526
0.296574, 0.589255
0.296824, 0.588985
0.297074, 0.588714
0.297324, 0.588444
0.297574, 0.588174
0.297824, 0.587904
0.298075, 0.587634
0.298325, 0.587364
0.298575, 0.587094
0.298825, 0.586825
0.299075, 0.586555
0.299325, 0.586286
0.299575, 0.586017
0.299825, 0.585747
0.300075, 0.585478
0.300325, 0.585209
0.300575, 0.584941
0.300825, 0.584672
0.301075, 0.584403
0.301325, 0.584135
0.301575, 0.583867
0.301825, 0.583598
0.302076, 0.58333
0.302326, 0.583062
0.302576, 0.582794
0.302826, 0.582527
0.303076, 0.582259
0.303326, 0.581991
0.303576, 0.581724
0.303826, 0.581456
0.304076, 0.581189
0.304326, 0.580922
0.304576, 0.580655
0.304826, 0.580388
0.305076, 0.580121
0.305326, 0.579855
0.305576, 0.579588
0.305826, 0.579322
0.306077, 0.579055
0.306327, 0.578789
0.306577, 0.578523
0.306827, 0.578257
0.307077, 0.577991
0.307327, 0.577725
0.307577, 0.57746
0.307827, 0.577194
0.308077, 0.576929
0.308327, 0.576663
0.308577, 0.576398
0.308827, 0.576133
0.309077, 0.575868
0.309327, 0.575603
0.309577, 0.575338
0.309827, 0.575074
0.310078, 0.574809
0.310328, 0.574545
0.310578, 0.57428
0.310828, 0.574016
0.311078, 0.573752
0.311328, 0.573488
0.311578, 0.573224
0.311828, 0.57296
0.312078, 0.572697
0.312328, 0.572433
0.312578, 0.57217
0.312828, 0.571906
0.313078, 0.571643
0.313328, 0.57138
0.313578, 0.571117
0.313828, 0.570854
0.314079, 0.570591
0.314329, 0.570329
0.314579, 0.570066
0.314829, 0.569804
0.315079, 0.569541
0.315329, 0.569279
0.315579, 0.569017
0.315829, 0.568755
0.316079, 0.568493
0.316329, 0.568231
0.316579, 0.567969
0.316829, 0.567708
0.317079, 0.567446
0.317329, 0.567185
0.317579, 0.566924
0.317829, 0.566663
0.31808, 0.566402
0.31833, 0.566141
0.31858, 0.56588
0.31883, 0.565619
0.31908, 0.565359
0.31933, 0.565098
0.31958, 0.564838
0.31983, 0.564578
0.32008, 0.564317
0.32033, 0.564057
0.32058, 0.563798
0.32083, 0.563538
0.32108, 0.563278
0.32133, 0.563018
0.32158, 0.562759
0.32183, 0.5625
0.322081, 0.56224
0.322331, 0.561981
0.322581, 0.561722
0.322831, 0.561463
0.323081, 0.561204
0.323331, 0.560946
0.323581, 0.560687
0.323831, 0.560429
0.324081, 0.56017
0.324331, 0.559912
0.324581, 0.559654
0.324831, 0.559396
0.325081, 0.559138
0.325331, 0.55888
0.325581, 0.558622
0.325831, 0.558365
0.326082, 0.558107
0.326332, 0.55785
0.326582, 0.557592
0.326832, 0.557335
0.327082, 0.557078
0.327332, 0.556821
0.327582, 0.556564
0.327832, 0.556308
0.328082, 0.556051
0.328332, 0.555794
0.328582, 0.555538
0.328832, 0.555282
0.329082, 0.555026
0.329332, 0.554769
0.329582, 0.554513
0.329832, 0.554258
0.330083, 0.554002
0.330333, 0.553746
0.330583, 0.553491
0.330833, 0.553235
0.331083, 0.55298
0.331333, 0.552725
0.331583, 0.55247
0.331833, 0.552215
0.332083, 0.55196
0.332333, 0.551705
0.332583, 0.55145
0.332833, 0.551196
0.333083, 0.550941
0.333333, 0.550687
0.333583, 0.550433
0.333833, 0.550178
0.334084, 0.549924
0.334334, 0.549671
0.334584, 0.549417
0.334834, 0.549163
0.335084, 0.548909
0.335334, 0.548656
0.335584, 0.548403
0.335834, 0.548149
0.336084, 0.547896
0.336334, 0.547643
0.336584, 0.54739
0.336834, 0.547137
0.337084, 0.546885
0.337334, 0.546632
0.337584, 0.546379
0.337834, 0.546127
0.338085, 0.545875
0.338335, 0.545623
0.338585, 0.545371
0.338835, 0.545119
0.339085, 0.544867
0.339335, 0.544615
0.339585, 0.544363
0.339835, 0.544112
0.340085, 0.54386
0.340335, 0.543609
0.340585, 0.543358
0.340835, 0.543107
0.341085, 0.542856
0.341335, 0.542605
0.341585, 0.542354
0.341835, 0.542103
0.342086, 0.541853
0.342336, 0.541602
0.342586, 0.541352
0.342836, 0.541102
0.343086, 0.540852
0.343336, 0.540601
0.343586, 0.540352
0.343836, 0.540102
0.344086, 0.539852
0.344336, 0.539602
0.344586, 0.539353
0.344836, 0.539104
0.345086, 0.538854
0.345336, 0.538605
0.345586, 0.538356
0.345836, 0.538107
0.346087, 0.537858
0.346337, 0.537609
0.346587, 0.537361
0.346837, 0.537112
0.347087, 0.536864
0.347337, 0.536616
0.347587, 0.536367
0.347837, 0.536119
0.348087, 0.535871
0.348337, 0.535623
0.348587, 0.535376
0.348837, 0.535128
0.349087, 0.53488
0.349337, 0.534633
0.349587, 0.534386
0.349837, 0.534138
0.350088, 0.533891
0.350338, 0.533644
0.350588, 0.533397
0.350838, 0.53315
0.351088, 0.532904
0.351338, 0.532657
0.351588, 0.53241
0.351838, 0.532164
0.352088, 0.531918
0.352338, 0.531672
0.352588, 0.531426
0.352838, 0.53118
0.353088, 0.530934
0.353338, 0.530688
0.353588, 0.530442
0.353838, 0.530197
0.354089, 0.529951
0.354339, 0.529706
0.354589, 0.529461
0.354839, 0.529216
0.355089, 0.528971
0.355339, 0.528726
0.355589, 0.528481
0.355839, 0.528236
0.356089, 0.527992
0.356339, 0.527747
0.356589, 0.527503
0.356839, 0.527258
0.357089, 0.527014
0.357339, 0.52677
0.357589, 0.526526
0.357839, 0.526282
0.35809, 0.526039
0.35834, 0.525795
0.35859, 0.525552
0.35884, 0.525308
0.35909, 0.525065
0.35934, 0.524822
0.35959, 0.524578
0.35984, 0.524335
0.36009, 0.524093
0.36034, 0.52385
0.36059, 0.523607
0.36084, 0.523365
0.36109, 0.523122
0.36134, 0.52288
0.36159, 0.522637
0.36184, 0.522395
0.362091, 0.522153
0.362341, 0.521911
0.362591, 0.521669
0.362841, 0.521428
0.363091, 0.521186
0.363341, 0.520945
0.363591, 0.520703
0.363841, 0.520462
0.364091, 0.520221
0.364341, 0.519979
0.364591, 0.519738
0.364841, 0.519498
0.365091, 0.519257
0.365341, 0.519016
0.365591, 0.518776
0.365841, 0.518535
0.366092, 0.518295
0.366342, 0.518054
0.366592, 0.517814
0.366842, 0.517574
0.367092, 0.517334
0.367342, 0.517094
0.367592, 0.516855
0.367842, 0.516615
0.368092, 0.516375
0.368342, 0.516136
0.368592, 0.515897
0.368842, 0.515658
0.369092, 0.515418
0.369342, 0.515179
0.369592, 0.514941
0.369842, 0.514702
0.370093, 0.514463
0.370343, 0.514224
0.370593, 0.513986
0.370843, 0.513748
0.371093, 0.513509
0.371343, 0.513271
0.371593, 0.513033
0.371843, 0.512795
0.372093, 0.512557
0.372343, 0.512319
0.372593, 0.512082
0.372843, 0.511844
0.373093, 0.511607
0.373343, 0.51137
0.373593, 0.511132
0.373843, 0.510895
0.374094, 0.510658
0.374344, 0.510421
0.374594, 0.510184
0.374844, 0.509948
0.375094, 0.509711
0.375344, 0.509475
0.375594, 0.509238
0.375844, 0.509002
0.376094, 0.508766
0.376344, 0.50853
0.376594, 0.508294
0.376844, 0.508058
0.377094, 0.507822
0.377344, 0.507586
0.377594, 0.507351
0.377844, 0.507115
0.378095, 0.50688
0.378345, 0.506645
0.378595, 0.50641
0.378845, 0.506174
0.379095, 0.50594
0.379345, 0.505705
0.379595, 0.50547
0.379845, 0.505235
0.380095, 0.505001
0.380345, 0.504766
0.380595, 0.504532
0.380845, 0.504298
0.381095, 0.504064
0.381345, 0.50383
0.381595, 0.503596
0.381845, 0.503362
0.382096, 0.503128
0.382346, 0.502895
0.382596, 0.502661
0.382846, 0.502428
0.383096, 0.502195
0.383346, 0.501961
0.383596, 0.501728
0.383846, 0.501495
0.384096, 0.501262
0.384346, 0.50103
0.384596, 0.500797
0.384846, 0.500564
0.385096, 0.500332
0.385346, 0.5001
0.385596, 0.499867
0.385846, 0.499635
0.386097, 0.499403
0.386347, 0.499171
0.386597, 0.498939
0.386847, 0.498708
0.387097, 0.498476
0.387347, 0.498244
0.387597, 0.498013
0.387847, 0.497782
0.388097, 0.497551
0.388347, 0.497319
0.388597, 0.497088
0.388847, 0.496857
0.389097, 0.496627
0.389347, 0.496396
0.389597, 0.496165
0.389847, 0.495935
0.390098, 0.495704
0.390348, 0.495474
0.390598, 0.495244
0.390848, 0.495014
0.391098, 0.494784
0.391348, 0.494554
0.391598, 0.494324
0.391848, 0.494094
0.392098, 0.493865
0.392348, 0.493635
0.392598, 0.493406
0.392848, 0.493177
0.393098, 0.492948
0.393348, 0.492719
0.393598, 0.49249
0.393848, 0.492261
0.394099, 0.492032
0.394349, 0.491803
0.394599, 0.491575
0.394849, 0.491346
0.395099, 0.491118
0.395349, 0.49089
0.395599, 0.490661
0.395849, 0.490433
0.396099, 0.490205
0.396349, 0.489978
0.396599, 0.48975
0.396849, 0.489522
0.397099, 0.489295
0.397349, 0.489067
0.397599, 0.48884
0.397849, 0.488613
0.3981, 0.488386
0.39835, 0.488159
0.3986, 0.487932
0.39885, 0.487705
0.3991, 0.487478
0.39935, 0.487251
0.3996, 0.487025
0.39985, 0.486799
0.4001, 0.486572
0.40035, 0.486346
0.4006, 0.48612
0.40085, 0.485894
0.4011, 0.485668
0.40135, 0.485442
0.4016, 0.485216
0.40185, 0.484991
0.402101, 0.484765
0.402351, 0.48454
0.402601, 0.484315
0.402851, 0.484089
0.403101, 0.483864
0.403351, 0.483639
0.403601, 0.483415
0.403851, 0.48319
0.404101, 0.482965
0.404351, 0.48274
0.404601, 0.482516
0.404851, 0.482292
0.405101, 0.482067
0.405351, 0.481843
0.405601, 0.481619
0.405851, 0.481395
0.406102, 0.481171
0.406352, 0.480947
0.406602, 0.480724
0.406852, 0.4805
0.407102, 0.480277
0.407352, 0.480053
0.407602, 0.47983
0.407852, 0.479607
0.408102, 0.479384
0.408352, 0.479161
0.408602, 0.478938
0.408852, 0.478715
0.409102, 0.478493
0.409352, 0.47827
0.409602, 0.478047
0.409852, 0.477825
0.410103, 0.477603
0.410353, 0.477381
0.410603, 0.477159
0.410853, 0.476937
0.411103, 0.476715
0.411353, 0.476493
0.411603, 0.476271
0.411853, 0.47605
0.412103, 0.475828
0.412353, 0.475607
0.412603, 0.475386
0.412853, 0.475165
0.413103, 0.474944
0.413353, 0.474723
0.413603, 0.474502
0.413853, 0.474281
0.414104, 0.47406
0.414354, 0.47384
0.414604, 0.473619
0.414854, 0.473399
0.415104, 0.473179
0.415354, 0.472959
0.415604, 0.472739
0.415854, 0.472519
0.416104, 0.472299
0.416354, 0.472079
0.416604, 0.471859
0.416854, 0.47164
0.417104, 0.47142
0.417354, 0.471201
0.417604, 0.470982
0.417854, 0.470763
0.418105, 0.470544
0.418355, 0.470325
0.418605, 0.470106
0.418855, 0.469887
0.419105, 0.469668
0.419355, 0.46945
0.419605, 0.469231
0.419855, 0.469013
0.420105, 0.468795
0.420355, 0.468577
0.420605, 0.468359
0.420855, 0.468141
0.421105, 0.467923
0.421355, 0.467705
0.421605, 0.467487
0.421855, 0.46727
0.422106, 0.467052
0.422356, 0.466835
0.422606, 0.466618
0.422856, 0.466401
0.423106, 0.466184
0.423356, 0.465967
0.423606, 0.46575
0.423856, 0.465533
0.424106, 0.465316
0.424356, 0.4651
0.424606, 0.464883
0.424856, 0.464667
0.425106, 0.464451
0.425356, 0.464235
0.425606, 0.464019
0.425856, 0.463803
0.426107, 0.463587
0.426357, 0.463371
0.426607, 0.463155
0.426857, 0.46294
0.427107, 0.462724
0.427357, 0.462509
0.427607, 0.462294
0.427857, 0.462079
0.428107, 0.461863
0.428357, 0.461648
0.428607, 0.461434
0.428857, 0.461219
0.429107, 0.461004
0.429357, 0.46079
0.429607, 0.460575
0.429857, 0.460361
0.430108, 0.460147
0.430358, 0.459932
0.430608, 0.459718
0.430858, 0.459504
0.431108, 0.45929
0.431358, 0.459077
0.431608, 0.458863
0.431858, 0.458649
0.432108, 0.458436
0.432358, 0.458223
0.432608, 0.458009
0.432858, 0.457796
0.433108, 0.457583
0.433358, 0.45737
0.433608, 0.457157
0.433858, 0.456944
0.434109, 0.456732
0.434359, 0.456519
0.434609, 0.456307
0.434859, 0.456094
0.435109, 0.455882
0.435359, 0.45567
0.435609, 0.455458
0.435859, 0.455246
0.436109, 0.455034
0.436359, 0.454822
0.436609, 0.45461
0.436859, 0.454399
0.437109, 0.454187
0.437359, 0.453976
0.437609, 0.453764
0.437859, 0.453553
0.43811, 0.453342
0.43836, 0.453131
0.43861, 0.45292
0.43886, 0.452709
0.43911, 0.452499
0.43936, 0.452288
0.43961, 0.452078
0.43986, 0.451867
0.44011, 0.451657
0.44036, 0.451447
0.44061, 0.451236
0.44086, 0.451026
0.44111, 0.450817
0.44136, 0.450607
0.44161, 0.450397
0.44186, 0.450187
0.442111, 0.449978
0.442361, 0.449768
0.442611, 0.449559
0.442861, 0.44935
0.443111, 0.449141
0.443361, 0.448932
0.443611, 0.448723
0.443861, 0.448514
0.444111, 0.448305
0.444361, 0.448096
0.444611, 0.447888
0.444861, 0.447679
0.445111, 0.447471
0.445361, 0.447263
0.445611, 0.447055
0.445861, 0.446847
0.446112, 0.446639
0.446362, 0.446431
0.446612, 0.446223
0.446862, 0.446015
0.447112, 0.445808
0.447362, 0.4456
0.447612, 0.445393
0.447862, 0.445185
0.448112, 0.444978
0.448362, 0.444771
0.448612, 0.444564
0.448862, 0.444357
0.449112, 0.444151
0.449362, 0.443944
0.449612, 0.443737
0.449862, 0.443531
0.450113, 0.443324
0.450363, 0.443118
0.450613, 0.442912
0.450863, 0.442706
0.451113, 0.4425
0.451363, 0.442294
0.451613, 0.442088
0.451863, 0.441882
0.452113, 0.441677
0.452363, 0.441471
0.452613, 0.441266
0.452863, 0.44106
0.453113, 0.440855
0.453363, 0.44065
0.453613, 0.440445
0.453863, 0.44024
0.454114, 0.440035
0.454364, 0.43983
0.454614, 0.439626
0.454864, 0.439421
0.455114, 0.439217
0.455364, 0.439012
0.455614, 0.438808
0.455864, 0.438604
0.456114, 0.4384
0.456364, 0.438196
0.456614, 0.437992
0.456864, 0.437788
0.457114, 0.437584
0.457364, 0.437381
0.457614, 0.437177
0.457864, 0.436974
0.458115, 0.436771
0.458365, 0.436567
0.458615, 0.436364
0.458865, 0.436161
0.459115, 0.435958
0.459365, 0.435756
0.459615, 0.435553
0.459865, 0.43535
0.460115, 0.435148
0.460365, 0.434945
0.460615, 0.434743
0.460865, 0.434541
0.461115, 0.434339
0.461365, 0.434136
0.461615, 0.433935
0.461865, 0.433733
0.462116, 0.433531
0.462366, 0.433329
0.462616, 0.433128
0.462866, 0.432926
0.463116, 0.432725
0.463366, 0.432524
0.463616, 0.432322
0.463866, 0.432121
0.464116, 0.43192
0.464366, 0.431719
0.464616, 0.431519
0.464866, 0.431318
0.465116, 0.431117
0.465366, 0.430917
0.465616, 0.430716
0.465866, 0.430516
0.466117, 0.430316
0.466367, 0.430116
0.466617, 0.429916
0.466867, 0.429716
0.467117, 0.429516
0.467367, 0.429316
0.467617, 0.429117
0.467867, 0.428917
0.468117, 0.428718
0.468367, 0.428518
0.468617, 0.428319
0.468867, 0.42812
0.469117, 0.427921
0.469367, 0.427722
0.469617, 0.427523
0.469867, 0.427324
0.470118, 0.427126
0.470368, 0.426927
0.470618, 0.426729
0.470868, 0.42653
0.471118, 0.426332
0.471368, 0.426134
0.471618, 0.425936
0.471868, 0.425738
0.472118, 0.42554
0.472368, 0.425342
0.472618, 0.425144
0.472868, 0.424946
0.473118, 0.424749
0.473368, 0.424552
0.473618, 0.424354
0.473868, 0.424157
0.474119, 0.42396
0.474369, 0.423763
0.474619, 0.423566
0.474869, 0.423369
0.475119, 0.423172
0.475369, 0.422975
0.475619, 0.422779
0.475869, 0.422582
0.476119, 0.422386
0.476369, 0.42219
0.476619, 0.421994
0.476869, 0.421797
0.477119, 0.421601
0.477369, 0.421406
0.477619, 0.42121
0.477869, 0.421014
0.47812, 0.420818
0.47837, 0.420623
0.47862, 0.420427
0.47887, 0.420232
0.47912, 0.420037
0.47937, 0.419842
0.47962, 0.419647
0.47987, 0.419452
0.48012, 0.419257
0.48037, 0.419062
0.48062, 0.418867
0.48087, 0.418673
0.48112, 0.418478
0.48137, 0.418284
0.48162, 0.41809
0.48187, 0.417896
0.482121, 0.417701
0.482371, 0.417507
0.482621, 0.417314
0.482871, 0.41712
0.483121, 0.416926
0.483371, 0.416732
0.483621, 0.416539
0.483871, 0.416345
0.484121, 0.416152
0.484371, 0.415959
0.484621, 0.415766
0.484871, 0.415573
0.485121, 0.41538
0.485371, 0.415187
0.485621, 0.414994
0.485871, 0.414801
0.486122, 0.414609
0.486372, 0.414416
0.486622, 0.414224
0.486872, 0.414032
0.487122, 0.413839
0.487372, 0.413647
0.487622, 0.413455
0.487872, 0.413263
0.488122, 0.413072
0.488372, 0.41288
0.488622, 0.412688
0.488872, 0.412497
0.489122, 0.412305
0.489372, 0.412114
0.489622, 0.411923
0.489872, 0.411731
0.490123, 0.41154
0.490373, 0.411349
0.490623, 0.411159
0.490873, 0.410968
0.491123, 0.410777
0.491373, 0.410586
0.491623, 0.410396
0.491873, 0.410206
0.492123, 0.410015
0.492373, 0.409825
0.492623, 0.409635
0.492873, 0.409445
0.493123, 0.409255
0.493373, 0.409065
0.493623, 0.408875
0.493873, 0.408686
0.494124, 0.408496
0.494374, 0.408307
0.494624, 0.408117
0.494874, 0.407928
0.495124, 0.407739
0.495374, 0.40755
0.495624, 0.407361
0.495874, 0.407172
0.496124, 0.406983
0.496374, 0.406794
0.496624, 0.406606
0.496874, 0.406417
0.497124, 0.406229
0.497374, 0.40604
0.497624, 0.405852
0.497874, 0.405664
0.498125, 0.405476
0.498375, 0.405288
0.498625, 0.4051
0.498875, 0.404912
0.499125, 0.404725
0.499375, 0.404537
0.499625, 0.40435
0.499875, 0.404162
0.500125, 0.403975
0.500375, 0.403788
0.500625, 0.403601
0.500875, 0.403413
0.501125, 0.403227
0.501375, 0.40304
0.501625, 0.402853
0.501875, 0.402666
0.502126, 0.40248
0.502376, 0.402293
0.502626, 0.402107
0.502876, 0.401921
0.503126, 0.401734
0.503376, 0.401548
0.503626, 0.401362
0.503876, 0.401176
0.504126, 0.400991
0.504376, 0.400805
0.504626, 0.400619
0.504876, 0.400434
0.505126, 0.400248
0.505376, 0.400063
0.505626, 0.399878
0.505876, 0.399693
0.506127, 0.399508
0.506377, 0.399323
0.506627, 0.399138
0.506877, 0.398953
0.507127, 0.398768
0.507377, 0.398584
0.507627, 0.398399
0.507877, 0.398215
0.508127, 0.39803
0.508377, 0.397846
0.508627, 0.397662
0.508877, 0.397478
0.509127, 0.397294
0.509377, 0.39711
0.509627, 0.396926
0.509877, 0.396743
0.510128, 0.396559
0.510378, 0.396376
0.510628, 0.396192
0.510878, 0.396009
0.511128, 0.395826
0.511378, 0.395643
0.511628, 0.39546
0.511878, 0.395277
0.512128, 0.395094
0.512378, 0.394911
0.512628, 0.394729
0.512878, 0.394546
0.513128, 0.394364
0.513378, 0.394181
0.513628, 0.393999
0.513878, 0.393817
0.514129, 0.393635
0.514379, 0.393453
0.514629, 0.393271
0.514879, 0.393089
0.515129, 0.392907
0.515379, 0.392726
0.515629, 0.392544
0.515879, 0.392363
0.516129, 0.392181
0.516379, 0.392
0.516629, 0.391819
0.516879, 0.391638
0.517129, 0.391457
0.517379, 0.391276
0.517629, 0.391095
0.517879, 0.390914
0.51813, 0.390734
0.51838, 0.390553
0.51863, 0.390373
0.51888, 0.390192
0.51913, 0.390012
0.51938, 0.389832
0.51963, 0.389652
0.51988, 0.389472
0.52013, 0.389292
0.52038, 0.389112
0.52063, 0.388933
0.52088, 0.388753
0.52113, 0.388574
0.52138, 0.388394
0.52163, 0.388215
0.52188, 0.388036
0.522131, 0.387857
0.522381, 0.387678
0.522631, 0.387499
0.522881, 0.38732
0.523131, 0.387141
0.523381, 0.386962
0.523631, 0.386784
0.523881, 0.386605
0.524131, 0.386427
0.524381, 0.386249
0.524631, 0.38607
0.524881, 0.385892
0.525131, 0.385714
0.525381, 0.385536
0.525631, 0.385358
0.525881, 0.385181
0.526132, 0.385003
0.526382, 0.384825
0.526632, 0.384648
0.526882, 0.384471
0.527132, 0.384293
0.527382, 0.384116
0.527632, 0.383939
0.527882, 0.383762
0.528132, 0.383585
0.528382, 0.383408
0.528632, 0.383231
0.528882, 0.383055
0.529132, 0.382878
0.529382, 0.382702
0.529632, 0.382525
0.529882, 0.382349
0.530133, 0.382173
0.530383, 0.381997
0.530633, 0.381821
0.530883, 0.381645
0.531133, 0.381469
0.531383, 0.381293
0.531633, 0.381118
0.531883, 0.380942
0.532133, 0.380767
0.532383, 0.380591
0.532633, 0.380416
0.532883, 0.380241
0.533133, 0.380066
0.533383, 0.379891
0.533633, 0.379716
0.533883, 0.379541
0.534134, 0.379366
0.534384, 0.379192
0.534634, 0.379017
0.534884, 0.378843
0.535134, 0.378668
0.535384, 0.378494
0.535634, 0.37832
0.535884, 0.378146
0.536134, 0.377972
0.536384, 0.377798
0.536634, 0.377624
0.536884, 0.37745
0.537134, 0.377277
0.537384, 0.377103
0.537634, 0.37693
0.537884, 0.376756
0.538135, 0.376583
0.538385, 0.37641
0.538635, 0.376237
0.538885, 0.376064
0.539135, 0.375891
0.539385, 0.375718
0.539635, 0.375545
0.539885, 0.375373
0.540135, 0.3752
0.540385, 0.375028
0.540635, 0.374856
0.540885, 0.374683
0.541135, 0.374511
0.541385, 0.374339
0.541635, 0.374167
0.541885, 0.373995
0.542136, 0.373823
0.542386, 0.373652
0.542636, 0.37348
0.542886, 0.373308
0.543136, 0.373137
0.543386, 0.372966
0.543636, 0.372794
0.543886, 0.372623
0.544136, 0.372452
0.544386, 0.372281
0.544636, 0.37211
0.544886, 0.371939
0.545136, 0.371769
0.545386, 0.371598
0.545636, 0.371427
0.545886, 0.371257
0.546137, 0.371087
0.546387, 0.370916
0.546637, 0.370746
0.546887, 0.370576
0.547137, 0.370406
0.547387, 0.370236
0.547637, 0.370066
0.547887, 0.369897
0.548137, 0.369727
0.548387, 0.369558
0.548637, 0.369388
0.548887, 0.369219
0.549137, 0.369049
0.549387, 0.36888
0.549637, 0.368711
0.549887, 0.368542
0.550138, 0.368373
0.550388, 0.368204
0.550638, 0.368036
0.550888, 0.367867
0.551138, 0.367699
0.551388, 0.36753
0.551638, 0.367362
0.551888, 0.367193
0.552138, 0.367025
0.552388, 0.366857
0.552638, 0.366689
0.552888, 0.366521
0.553138, 0.366353
0.553388, 0.366186
0.553638, 0.366018
0.553888, 0.36585
0.554139, 0.365683
0.554389, 0.365516
0.554639, 0.365348
0.554889, 0.365181
0.555139, 0.365014
0.555389, 0.364847
0.555639, 0.36468
0.555889, 0.364513
0.556139, 0.364347
0.556389, 0.36418
0.556639, 0.364013
0.556889, 0.363847
0.557139, 0.36368
0.557389, 0.363514
0.557639, 0.363348
0.557889, 0.363182
0.55814, 0.363016
0.55839, 0.36285
0.55864, 0.362684
0.55889, 0.362518
0.55914, 0.362353
0.55939, 0.362187
0.55964, 0.362022
0.55989, 0.361856
0.56014, 0.361691
0.56039, 0.361526
0.56064, 0.36136
0.56089, 0.361195
0.56114, 0.361031
0.56139, 0.360866
0.56164, 0.360701
0.56189, 0.360536
0.562141, 0.360372
0.562391, 0.360207
0.562641, 0.360043
0.562891, 0.359878
0.563141, 0.359714
0.563391, 0.35955
0.563641, 0.359386
0.563891, 0.359222
0.564141, 0.359058
0.564391, 0.358894
0.564641, 0.358731
0.564891, 0.358567
0.565141, 0.358404
0.565391, 0.35824
0.565641, 0.358077
0.565891, 0.357914
0.566142, 0.35775
0.566392, 0.357587
0.566642, 0.357424
0.566892, 0.357261
0.567142, 0.357099
0.567392, 0.356936
0.567642, 0.356773
0.567892, 0.356611
0.568142, 0.356448
0.568392, 0.356286
0.568642, 0.356124
0.568892, 0.355962
0.569142, 0.355799
0.569392, 0.355638
0.569642, 0.355476
0.569892, 0.355314
0.570143, 0.355152
0.570393, 0.35499
0.570643, 0.354829
0.570893, 0.354667
0.571143, 0.354506
0.571393, 0.354345
0.571643, 0.354184
0.571893, 0.354022
0.572143, 0.353861
0.572393, 0.353701
0.572643, 0.35354
0.572893, 0.353379
0.573143, 0.353218
0.573393, 0.353058
0.573643, 0.352897
0.573893, 0.352737
0.574144, 0.352577
0.574394, 0.352416
0.574644, 0.352256
0.574894, 0.352096
0.575144, 0.351936
0.575394, 0.351776
0.575644, 0.351617
0.575894, 0.351457
0.576144, 0.351297
0.576394, 0.351138
0.576644, 0.350978
0.576894, 0.350819
0.577144, 0.35066
0.577394, 0.350501
0.577644, 0.350342
0.577894, 0.350183
0.578145, 0.350024
0.578395, 0.349865
0.578645, 0.349706
0.578895, 0.349548
0.579145, 0.349389
0.579395, 0.349231
0.579645, 0.349072
0.579895, 0.348914
0.580145, 0.348756
0.580395, 0.348598
0.580645, 0.34844
0.580895, 0.348282
0.581145, 0.348124
0.581395, 0.347966
0.581645, 0.347809
0.581895, 0.347651
0.582146, 0.347494
0.582396, 0.347336
0.582646, 0.347179
0.582896, 0.347022
0.583146, 0.346865
0.583396, 0.346708
0.583646, 0.346551
0.583896, 0.346394
0.584146, 0.346237
0.584396, 0.346081
0.584646, 0.345924
0.584896, 0.345768
0.585146, 0.345611
0.585396, 0.345455
0.585646, 0.345299
0.585896, 0.345143
0.586147, 0.344986
0.586397, 0.344831
0.586647, 0.344675
0.586897, 0.344519
0.587147, 0.344363
0.587397, 0.344208
0.587647, 0.344052
0.587897, 0.343897
0.588147, 0.343741
0.588397, 0.343586
0.588647, 0.343431
0.588897, 0.343276
0.589147, 0.343121
0.589397, 0.342966
0.589647, 0.342811
0.589897, 0.342656
0.590148, 0.342502
0.590398, 0.342347
0.590648, 0.342193
0.590898, 0.342038
0.591148, 0.341884
0.591398, 0.34173
0.591648, 0.341576
0.591898, 0.341422
0.592148, 0.341268
0.592398, 0.341114
0.592648, 0.34096
0.592898, 0.340807
0.593148, 0.340653
0.593398, 0.340499
0.593648, 0.340346
0.593898, 0.340193
0.594149, 0.34004
0.594399, 0.339886
0.594649, 0.339733
0.594899, 0.33958
0.595149, 0.339427
0.595399, 0.339275
0.595649, 0.339122
0.595899, 0.338969
0.596149, 0.338817
0.596399, 0.338664
0.596649, 0.338512
0.596899, 0.33836
0.597149, 0.338208
0.597399, 0.338056
0.597649, 0.337904
0.597899, 0.337752
0.59815, 0.3376
0.5984, 0.337448
0.59865, 0.337296
0.5989, 0.337145
0.59915, 0.336993
0.5994, 0.336842
0.59965, 0.336691
0.5999, 0.33654
0.60015, 0.336388
0.6004, 0.336237
0.60065, 0.336086
0.6009, 0.335936
0.60115, 0.335785
0.6014, 0.335634
0.60165, 0.335483
0.6019, 0.335333
0.602151, 0.335183
0.602401, 0.335032
0.602651, 0.334882
0.602901, 0.334732
0.603151, 0.334582
0.603401, 0.334432
0.603651, 0.334282
0.603901, 0.334132
0.604151, 0.333982
0.604401, 0.333833
0.604651, 0.333683
0.604901, 0.333534
0.605151, 0.333384
0.605401, 0.333235
0.605651, 0.333086
0.605901, 0.332937
0.606152, 0.332788
0.606402, 0.332639
0.606652, 0.33249
0.606902, 0.332341
0.607152, 0.332192
0.607402, 0.332044
0.607652, 0.331895
0.607902, 0.331747
0.608152, 0.331599
0.608402, 0.33145
0.608652, 0.331302
0.608902, 0.331154
0.609152, 0.331006
0.609402, 0.330858
0.609652, 0.33071
0.609902, 0.330563
0.610153, 0.330415
0.610403, 0.330268
0.610653, 0.33012
0.610903, 0.329973
0.611153, 0.329825
0.611403, 0.329678
0.611653, 0.329531
0.611903, 0.329384
0.612153, 0.329237
0.612403, 0.32909
0.612653, 0.328944
0.612903, 0.328797
0.613153, 0.32865
0.613403, 0.328504
0.613653, 0.328357
0.613903, 0.328211
0.614154, 0.328065
0.614404, 0.327919
0.614654, 0.327773
0.614904, 0.327627
0.615154, 0.327481
0.615404, 0.327335
0.615654, 0.327189
0.615904, 0.327044
0.616154, 0.326898
0.616404, 0.326753
0.616654, 0.326607
0.616904, 0.326462
0.617154, 0.326317
0.617404, 0.326172
0.617654, 0.326027
0.617904, 0.325882
0.618155, 0.325737
0.618405, 0.325592
0.618655, 0.325447
0.618905, 0.325303
0.619155, 0.325158
0.619405, 0.325014
0.619655, 0.324869
0.619905, 0.324725
0.620155, 0.324581
0.620405, 0.324437
0.620655, 0.324293
0.620905, 0.324149
0.621155, 0.324005
0.621405, 0.323862
0.621655, 0.323718
0.621905, 0.323574
0.622156, 0.323431
0.622406, 0.323287
0.622656, 0.323144
0.622906, 0.323001
0.623156, 0.322858
0.623406, 0.322715
0.623656, 0.322572
0.623906, 0.322429
0.624156, 0.322286
0.624406, 0.322144
0.624656, 0.322001
0.624906, 0.321858
0.625156, 0.321716
0.625406, 0.321574
0.625656, 0.321431
0.625906, 0.321289
0.626157, 0.321147
0.626407, 0.321005
0.626657, 0.320863
0.626907, 0.320721
0.627157, 0.32058
0.627407, 0.320438
0.627657, 0.320296
0.627907, 0.320155
0.628157, 0.320013
0.628407, 0.319872
0.628657, 0.319731
0.628907, 0.31959
0.629157, 0.319449
0.629407, 0.319308
0.629657, 0.319167
0.629907, 0.319026
0.630158, 0.318885
0.630408, 0.318745
0.630658, 0.318604
0.630908, 0.318464
0.631158, 0.318323
0.631408, 0.318183
0.631658, 0.318043
0.631908, 0.317903
0.632158, 0.317763
0.632408, 0.317623
0.632658, 0.317483
0.632908, 0.317343
0.633158, 0.317204
0.633408, 0.317064
0.633658, 0.316924
0.633908, 0.316785
0.634159, 0.316646
0.634409, 0.316506
0.634659, 0.316367
0.634909, 0.316228
0.635159, 0.316089
0.635409, 0.31595
0.635659, 0.315812
0.635909, 0.315673
0.636159, 0.315534
0.636409, 0.315396
0.636659, 0.315257
0.636909, 0.315119
0.637159, 0.31498
0.637409, 0.314842
0.637659, 0.314704
0.637909, 0.314566
0.63816, 0.314428
0.63841, 0.31429
0.63866, 0.314152
0.63891, 0.314015
0.63916, 0.313877
0.63941, 0.313739
0.63966, 0.313602
0.63991, 0.313465
0.64016, 0.313327
0.64041, 0.31319
0.64066, 0.313053
0.64091, 0.312916
0.64116, 0.312779
0.64141, 0.312642
0.64166, 0.312506
0.64191, 0.312369
0.642161, 0.312232
0.642411, 0.312096
0.642661, 0.311959
0.642911, 0.311823
0.643161, 0.311687
0.643411, 0.311551
0.643661, 0.311414
0.643911, 0.311278
0.644161, 0.311143
0.644411, 0.311007
0.644661, 0.310871
0.644911, 0.310735
0.645161, 0.3106
0.645411, 0.310464
0.645661, 0.310329
0.645911, 0.310194
0.646162, 0.310058
0.646412, 0.309923
0.646662, 0.309788
0.646912, 0.309653
0.647162, 0.309518
0.647412, 0.309383
0.647662, 0.309249
0.647912, 0.309114
0.648162, 0.30898
0.648412, 0.308845
0.648662, 0.308711
0.648912, 0.308576
0.649162, 0.308442
0.649412, 0.308308
0.649662, 0.308174
0.649912, 0.30804
0.650163, 0.307906
0.650413, 0.307772
0.650663, 0.307639
0.650913, 0.307505
0.651163, 0.307372
0.651413, 0.307238
0.651663, 0.307105
0.651913, 0.306972
0.652163, 0.306838
0.652413, 0.306705
0.652663, 0.306572
0.652913, 0.306439
0.653163, 0.306306
0.653413, 0.306174
0.653663, 0.306041
0.653913, 0.305908
0.654164, 0.305776
0.654414, 0.305644
0.654664, 0.305511
0.654914, 0.305379
0.655164, 0.305247
0.655414, 0.305115
0.655664, 0.304983
0.655914, 0.304851
0.656164, 0.304719
0.656414, 0.304587
0.656664, 0.304456
0.656914, 0.304324
0.657164, 0.304192
0.657414, 0.304061
0.657664, 0.30393
0.657914, 0.303799
0.658165, 0.303667
0.658415, 0.303536
0.658665, 0.303405
0.658915, 0.303274
0.659165, 0.303144
0.659415, 0.303013
0.659665, 0.302882
0.659915, 0.302752
0.660165, 0.302621
0.660415, 0.302491
0.660665, 0.302361
0.660915, 0.30223
0.661165, 0.3021
0.661415, 0.30197
0.661665, 0.30184
0.661915, 0.30171
0.662166, 0.30158
0.662416, 0.301451
0.662666, 0.301321
0.662916, 0.301192
0.663166, 0.301062
0.663416, 0.300933
0.663666, 0.300804
0.663916, 0.300674
0.664166, 0.300545
0.664416, 0.300416
0.664666, 0.300287
0.664916, 0.300158
0.665166, 0.30003
0.665416, 0.299901
0.665666, 0.299772
0.665916, 0.299644
0.666167, 0.299515
0.666417, 0.299387
0.666667, 0.299259
0.666917, 0.29913
0.667167, 0.299002
0.667417, 0.298874
0.667667, 0.298746
0.667917, 0.298619
0.668167, 0.298491
0.668417, 0.298363
0.668667, 0.298235
0.668917, 0.298108
0.669167, 0.297981
0.669417, 0.297853
0.669667, 0.297726
0.669917, 0.297599
0.670168, 0.297472
0.670418, 0.297345
0.670668, 0.297218
0.670918, 0.297091
0.671168, 0.296964
0.671418, 0.296837
0.671668, 0.296711
0.671918, 0.296584
0.672168, 0.296458
0.672418, 0.296332
0.672668, 0.296205
0.672918, 0.296079
0.673168, 0.295953
0.673418, 0.295827
0.673668, 0.295701
0.673918, 0.295575
0.674169, 0.29545
0.674419, 0.295324
0.674669, 0.295198
0.674919, 0.295073
0.675169, 0.294947
0.675419, 0.294822
0.675669, 0.294697
0.675919, 0.294572
0.676169, 0.294447
0.676419, 0.294322
0.676669, 0.294197
0.676919, 0.294072
0.677169, 0.293947
0.677419, 0.293822
0.677669, 0.293698
0.677919, 0.293573
0.67817, 0.293449
0.67842, 0.293325
0.67867, 0.2932
0.67892, 0.293076
0.67917, 0.292952
0.67942, 0.292828
0.67967, 0.292704
0.67992, 0.29258
0.68017, 0.292457
0.68042, 0.292333
0.68067, 0.29221
0.68092, 0.292086
0.68117, 0.291963
0.68142, 0.291839
0.68167, 0.291716
0.68192, 0.291593
0.682171, 0.29147
0.682421, 0.291347
0.682671, 0.291224
0.682921, 0.291101
0.683171, 0.290978
0.683421, 0.290856
0.683671, 0.290733
0.683921, 0.290611
0.684171, 0.290488
0.684421, 0.290366
0.684671, 0.290244
0.684921, 0.290122
0.685171, 0.29
0.685421, 0.289878
0.685671, 0.289756
0.685921, 0.289634
0.686172, 0.289512
0.686422, 0.289391
0.686672, 0.289269
0.686922, 0.289147
0.687172, 0.289026
0.687422, 0.288905
0.687672, 0.288784
0.687922, 0.288662
0.688172, 0.288541
0.688422, 0.28842
0.688672, 0.288299
0.688922, 0.288179
0.689172, 0.288058
0.689422, 0.287937
0.689672, 0.287817
0.689922, 0.287696
0.690173, 0.287576
0.690423, 0.287456
0.690673, 0.287335
0.690923, 0.287215
0.691173, 0.287095
0.691423, 0.286975
0.691673, 0.286855
0.691923, 0.286735
0.692173, 0.286616
0.692423, 0.286496
0.692673, 0.286377
0.692923, 0.286257
0.693173, 0.286138
0.693423, 0.286018
0.693673, 0.285899
0.693923, 0.28578
0.694174, 0.285661
0.694424, 0.285542
0.694674, 0.285423
0.694924, 0.285304
0.695174, 0.285186
0.695424, 0.285067
0.695674, 0.284948
0.695924, 0.28483
0.696174, 0.284711
0.696424, 0.284593
0.696674, 0.284475
0.696924, 0.284357
0.697174, 0.284239
0.697424, 0.284121
0.697674, 0.284003
0.697924, 0.283885
0.698175, 0.283767
0.698425, 0.28365
0.698675, 0.283532
0.698925, 0.283415
0.699175, 0.283297
0.699425, 0.28318
0.699675, 0.283063
0.699925, 0.282945
0.700175, 0.282828
0.700425, 0.282711
0.700675, 0.282595
0.700925, 0.282478
0.701175, 0.282361
0.701425, 0.282244
0.701675, 0.282128
0.701925, 0.282011
0.702176, 0.281895
0.702426, 0.281779
0.702676, 0.281662
0.702926, 0.281546
0.703176, 0.28143
0.703426, 0.281314
0.703676, 0.281198
0.703926, 0.281082
0.704176, 0.280967
0.704426, 0.280851
0.704676, 0.280735
0.704926, 0.28062
0.705176, 0.280505
0.705426, 0.280389
0.705676, 0.280274
0.705926, 0.280159
0.706177, 0.280044
0.706427, 0.279929
0.706677, 0.279814
0.706927, 0.279699
0.707177, 0.279584
0.707427, 0.27947
0.707677, 0.279355
0.707927, 0.27924
0.708177, 0.279126
0.708427, 0.279012
0.708677, 0.278897
0.708927, 0.278783
0.709177, 0.278669
0.709427, 0.278555
0.709677, 0.278441
0.709927, 0.278327
0.710178, 0.278214
0.710428, 0.2781
0.710678, 0.277986
0.710928, 0.277873
0.711178, 0.27776
0.711428, 0.277646
0.711678, 0.277533
0.711928, 0.27742
0.712178, 0.277307
0.712428, 0.277194
0.712678, 0.277081
0.712928, 0.276968
0.713178, 0.276855
0.713428, 0.276742
0.713678, 0.27663
0.713928, 0.276517
0.714179, 0.276405
0.714429, 0.276293
0.714679, 0.27618
0.714929, 0.276068
0.715179, 0.275956
0.715429, 0.275844
0.715679, 0.275732
0.715929, 0.27562
0.716179, 0.275508
0.716429, 0.275397
0.716679, 0.275285
0.716929, 0.275174
0.717179, 0.275062
0.717429, 0.274951
0.717679, 0.274839
0.717929, 0.274728
0.71818, 0.274617
0.71843, 0.274506
0.71868, 0.274395
0.71893, 0.274284
0.71918, 0.274173
0.71943, 0.274063
0.71968, 0.273952
0.71993, 0.273842
0.72018, 0.273731
0.72043, 0.273621
0.72068, 0.27351
0.72093, 0.2734
0.72118, 0.27329
0.72143, 0.27318
0.72168, 0.27307
0.72193, 0.27296
0.722181, 0.27285
0.722431, 0.272741
0.722681, 0.272631
0.722931, 0.272522
0.723181, 0.272412
0.723431, 0.272303
0.723681, 0.272193
0.723931, 0.272084
0.724181, 0.271975
0.724431, 0.271866
0.724681, 0.271757
0.724931, 0.271648
0.725181, 0.271539
0.725431, 0.27143
0.725681, 0.271322
0.725931, 0.271213
0.726182, 0.271105
0.726432, 0.270996
0.726682, 0.270888
0.726932, 0.27078
0.727182, 0.270672
0.727432, 0.270564
0.727682, 0.270456
0.727932, 0.270348
0.728182, 0.27024
0.728432, 0.270132
0.728682, 0.270024
0.728932, 0.269917
0.729182, 0.269809
0.729432, 0.269702
0.729682, 0.269595
0.729932, 0.269487
0.730183, 0.26938
0.730433, 0.269273
0.730683, 0.269166
0.730933, 0.269059
0.731183, 0.268952
0.731433, 0.268845
0.731683, 0.268739
0.731933, 0.268632
0.732183, 0.268526
0.732433, 0.268419
0.732683, 0.268313
0.732933, 0.268207
0.733183, 0.2681
0.733433, 0.267994
0.733683, 0.267888
0.733933, 0.267782
0.734184, 0.267676
0.734434, 0.267571
0.734684, 0.267465
0.734934, 0.267359
0.735184, 0.267254
0.735434, 0.267148
0.735684, 0.267043
0.735934, 0.266938
0.736184, 0.266832
0.736434, 0.266727
0.736684, 0.266622
0.736934, 0.266517
0.737184, 0.266412
0.737434, 0.266308
0.737684, 0.266203
0.737934, 0.266098
0.738185, 0.265994
0.738435, 0.265889
0.738685, 0.265785
0.738935, 0.26568
0.739185, 0.265576
0.739435, 0.265472
0.739685, 0.265368
0.739935, 0.265264
0.740185, 0.26516
0.740435, 0.265056
0.740685, 0.264953
0.740935, 0.264849
0.741185, 0.264745
0.741435, 0.264642
0.741685, 0.264538
0.741935, 0.264435
0.742186, 0.264332
0.742436, 0.264229
0.742686, 0.264125
0.742936, 0.264022
0.743186, 0.26392
0.743436, 0.263817
0.743686, 0.263714
0.743936, 0.263611
0.744186, 0.263509
0.744436, 0.263406
0.744686, 0.263304
0.744936, 0.263201
0.745186, 0.263099
0.745436, 0.262997
0.745686, 0.262895
0.745936, 0.262793
0.746187, 0.262691
0.746437, 0.262589
0.746687, 0.262487
0.746937, 0.262385
0.747187, 0.262284
0.747437, 0.262182
0.747687, 0.262081
0.747937, 0.261979
0.748187, 0.261878
0.748437, 0.261777
0.748687, 0.261676
0.748937, 0.261575
0.749187, 0.261474
0.749437, 0.261373
0.749687, 0.261272
0.749937, 0.261171
0.750188, 0.261071
0.750438, 0.26097
0.750688, 0.260869
0.750938, 0.260769
0.751188, 0.260669
0.751438, 0.260568
0.751688, 0.260468
0.751938, 0.260368
0.752188, 0.260268
0.752438, 0.260168
0.752688, 0.260068
0.752938, 0.259969
0.753188, 0.259869
0.753438, 0.259769
0.753688, 0.25967
0.753938, 0.25957
0.754189, 0.259471
0.754439, 0.259372
0.754689, 0.259273
0.754939, 0.259173
0.755189, 0.259074
0.755439, 0.258976
0.755689, 0.258877
0.755939, 0.258778
0.756189, 0.258679
0.756439, 0.258581
0.756689, 0.258482
0.756939, 0.258383
0.757189, 0.258285
0.757439, 0.258187
0.757689, 0.258089
0.757939, 0.25799
0.75819, 0.257892
0.75844, 0.257794
0.75869, 0.257697
0.75894, 0.257599
0.75919, 0.257501
0.75944, 0.257403
0.75969, 0.257306
0.75994, 0.257208
0.76019, 0.257111
0.76044, 0.257013
0.76069, 0.256916
0.76094, 0.256819
0.76119, 0.256722
0.76144, 0.256625
0.76169, 0.256528
0.76194, 0.256431
0.762191, 0.256334
0.762441, 0.256238
0.762691, 0.256141
0.762941, 0.256045
0.763191, 0.255948
0.763441, 0.255852
0.763691, 0.255756
0.763941, 0.255659
0.764191, 0.255563
0.764441, 0.255467
0.764691, 0.255371
0.764941, 0.255275
0.765191, 0.25518
0.765441, 0.255084
0.765691, 0.254988
0.765941, 0.254893
0.766192, 0.254797
0.766442, 0.254702
0.766692, 0.254606
0.766942, 0.254511
0.767192, 0.254416
0.767442, 0.254321
0.767692, 0.254226
0.767942, 0.254131
0.768192, 0.254036
0.768442, 0.253941
0.768692, 0.253847
0.768942, 0.253752
0.769192, 0.253658
0.769442, 0.253563
0.769692, 0.253469
0.769942, 0.253375
0.770193, 0.25328
0.770443, 0.253186
0.770693, 0.253092
0.770943, 0.252998
0.771193, 0.252905
0.771443, 0.252811
0.771693, 0.252717
0.771943, 0.252623
0.772193, 0.25253
0.772443, 0.252436
0.772693, 0.252343
0.772943, 0.25225
0.773193, 0.252157
0.773443, 0.252063
0.773693, 0.25197
0.773943, 0.251877
0.774194, 0.251784
0.774444, 0.251692
0.774694, 0.251599
0.774944, 0.251506
0.775194, 0.251414
0.775444, 0.251321
0.775694, 0.251229
0.775944, 0.251136
0.776194, 0.251044
0.776444, 0.250952
0.776694, 0.25086
0.776944, 0.250768
0.777194, 0.250676
0.777444, 0.250584
0.777694, 0.250492
0.777944, 0.250401
0.778195, 0.250309
0.778445, 0.250218
0.778695, 0.250126
0.778945, 0.250035
0.779195, 0.249943
0.779445, 0.249852
0.779695, 0.249761
0.779945, 0.24967
0.780195, 0.249579
0.780445, 0.249488
0.780695, 0.249397
0.780945, 0.249307
0.781195, 0.249216
0.781445, 0.249125
0.781695, 0.249035
0.781945, 0.248945
0.782196, 0.248854
0.782446, 0.248764
0.782696, 0.248674
0.782946, 0.248584
0.783196, 0.248494
0.783446, 0.248404
0.783696, 0.248314
0.783946, 0.248224
0.784196, 0.248134
0.784446, 0.248045
0.784696, 0.247955
0.784946, 0.247866
0.785196, 0.247777
0.785446, 0.247687
0.785696, 0.247598
0.785946, 0.247509
0.786197, 0.24742
0.786447, 0.247331
0.786697, 0.247242
0.786947, 0.247153
0.787197, 0.247065
0.787447, 0.246976
0.787697, 0.246887
0.787947, 0.246799
0.788197, 0.24671
0.788447, 0.246622
0.788697, 0.246534
0.788947, 0.246446
0.789197, 0.246358
0.789447, 0.24627
0.789697, 0.246182
0.789947, 0.246094
0.790198, 0.246006
0.790448, 0.245918
0.790698, 0.245831
0.790948, 0.245743
0.791198, 0.245656
0.791448, 0.245568
0.791698, 0.245481
0.791948, 0.245394
0.792198, 0.245307
0.792448, 0.24522
0.792698, 0.245133
0.792948, 0.245046
0.793198, 0.244959
0.793448, 0.244872
0.793698, 0.244786
0.793948, 0.244699
0.794199, 0.244613
0.794449, 0.244526
0.794699, 0.24444
0.794949, 0.244354
0.795199, 0.244268
0.795449, 0.244181
0.795699, 0.244095
0.795949, 0.24401
0.796199, 0.243924
0.796449, 0.243838
0.796699, 0.243752
0.796949, 0.243667
0.797199, 0.243581
0.797449, 0.243496
0.797699, 0.24341
0.797949, 0.243325
0.7982, 0.24324
0.79845, 0.243155
0.7987, 0.24307
0.79895, 0.242985
0.7992, 0.2429
0.79945, 0.242815
0.7997, 0.24273
0.79995, 0.242646
0.8002, 0.242561
0.80045, 0.242477
0.8007, 0.242392
0.80095, 0.242308
0.8012, 0.242224
0.80145, 0.242139
0.8017, 0.242055
0.80195, 0.241971
0.802201, 0.241887
0.802451, 0.241803
0.802701, 0.24172
0.802951, 0.241636
0.803201, 0.241552
0.803451, 0.241469
0.803701, 0.241385
0.803951, 0.241302
0.804201, 0.241219
0.804451, 0.241136
0.804701, 0.241052
0.804951, 0.240969
0.805201, 0.240886
0.805451, 0.240803
0.805701, 0.240721
0.805951, 0.240638
0.806202, 0.240555
0.806452, 0.240473
0.806702, 0.24039
0.806952, 0.240308
0.807202, 0.240225
0.807452, 0.240143
0.807702, 0.240061
0.807952, 0.239979
0.808202, 0.239897
0.808452, 0.239815
0.808702, 0.239733
0.808952, 0.239651
0.809202, 0.23957
0.809452, 0.239488
0.809702, 0.239406
0.809952, 0.239325
0.810203, 0.239243
0.810453, 0.239162
0.810703, 0.239081
0.810953, 0.239
0.811203, 0.238919
0.811453, 0.238838
0.811703, 0.238757
0.811953, 0.238676
0.812203, 0.238595
0.812453, 0.238515
0.812703, 0.238434
0.812953, 0.238353
0.813203, 0.238273
0.813453, 0.238193
0.813703, 0.238112
0.813953, 0.238032
0.814204, 0.237952
0.814454, 0.237872
0.814704, 0.237792
0.814954, 0.237712
0.815204, 0.237632
0.815454, 0.237553
0.815704, 0.237473
0.815954, 0.237393
0.816204, 0.237314
0.816454, 0.237235
0.816704, 0.237155
0.816954, 0.237076
0.817204, 0.236997
0.817454, 0.236918
0.817704, 0.236839
0.817954, 0.23676
0.818205, 0.236681
0.818455, 0.236602
0.818705, 0.236524
0.818955, 0.236445
0.819205, 0.236366
0.819455, 0.236288
0.819705, 0.23621
0.819955, 0.236131
0.820205, 0.236053
0.820455, 0.235975
0.820705, 0.235897
0.820955, 0.235819
0.821205, 0.235741
0.821455, 0.235663
0.821705, 0.235585
0.821955, 0.235508
0.822206, 0.23543
0.822456, 0.235353
0.822706, 0.235275
0.822956, 0.235198
0.823206, 0.235121
0.823456, 0.235043
0.823706, 0.234966
0.823956, 0.234889
0.824206, 0.234812
0.824456, 0.234735
0.824706, 0.234659
0.824956, 0.234582
0.825206, 0.234505
0.825456, 0.234429
0.825706, 0.234352
0.825956, 0.234276
0.826207, 0.2342
0.826457, 0.234123
0.826707, 0.234047
0.826957, 0.233971
0.827207, 0.233895
0.827457, 0.233819
0.827707, 0.233743
0.827957, 0.233668
0.828207, 0.233592
0.828457, 0.233516
0.828707, 0.233441
0.828957, 0.233365
0.829207, 0.23329
0.829457, 0.233215
0.829707, 0.233139
0.829957, 0.233064
0.830208, 0.232989
0.830458, 0.232914
0.830708, 0.232839
0.830958, 0.232765
0.831208, 0.23269
0.831458, 0.232615
0.831708, 0.232541
0.831958, 0.232466
0.832208, 0.232392
0.832458, 0.232317
0.832708, 0.232243
0.832958, 0.232169
0.833208, 0.232095
0.833458, 0.232021
0.833708, 0.231947
0.833958, 0.231873
0.834209, 0.231799
0.834459, 0.231725
0.834709, 0.231652
0.834959, 0.231578
0.835209, 0.231505
0.835459, 0.231431
0.835709, 0.231358
0.835959, 0.231285
0.836209, 0.231212
0.836459, 0.231139
0.836709, 0.231066
0.836959, 0.230993
0.837209, 0.23092
0.837459, 0.230847
0.837709, 0.230774
0.837959, 0.230702
0.83821, 0.230629
0.83846, 0.230557
0.83871, 0.230484
0.83896, 0.230412
0.83921, 0.23034
0.83946, 0.230268
0.83971, 0.230196
0.83996, 0.230124
0.84021, 0.230052
0.84046, 0.22998
0.84071, 0.229908
0.84096, 0.229837
0.84121, 0.229765
0.84146, 0.229694
0.84171, 0.229622
0.84196, 0.229551
0.842211, 0.229479
0.842461, 0.229408
0.842711, 0.229337
0.842961, 0.229266
0.843211, 0.229195
0.843461, 0.229124
0.843711, 0.229053
0.843961, 0.228983
0.844211, 0.228912
0.844461, 0.228842
0.844711, 0.228771
0.844961, 0.228701
0.845211, 0.22863
0.845461, 0.22856
0.845711, 0.22849
0.845961, 0.22842
0.846212, 0.22835
0.846462, 0.22828
0.846712, 0.22821
0.846962, 0.22814
0.847212, 0.228071
0.847462, 0.228001
0.847712, 0.227931
0.847962, 0.227862
0.848212, 0.227793
0.848462, 0.227723
0.848712, 0.227654
0.848962, 0.227585
0.849212, 0.227516
0.849462, 0.227447
0.849712, 0.227378
0.849962, 0.227309
0.850213, 0.22724
0.850463, 0.227172
0.850713, 0.227103
0.850963, 0.227035
0.851213, 0.226966
0.851463, 0.226898
0.851713, 0.226829
0.851963, 0.226761
0.852213, 0.226693
0.852463, 0.226625
0.852713, 0.226557
0.852963, 0.226489
0.853213, 0.226421
0.853463, 0.226354
0.853713, 0.226286
0.853963, 0.226218
0.854214, 0.226151
0.854464, 0.226083
0.854714, 0.226016
0.854964, 0.225949
0.855214, 0.225882
0.855464, 0.225815
0.855714, 0.225748
0.855964, 0.225681
0.856214, 0.225614
0.856464, 0.225547
0.856714, 0.22548
0.856964, 0.225414
0.857214, 0.225347
0.857464, 0.22528
0.857714, 0.225214
0.857964, 0.225148
0.858215, 0.225082
0.858465, 0.225015
0.858715, 0.224949
0.858965, 0.224883
0.859215, 0.224817
0.859465, 0.224751
0.859715, 0.224686
0.859965, 0.22462
0.860215, 0.224554
0.860465, 0.224489
0.860715, 0.224423
0.860965, 0.224358
0.861215, 0.224293
0.861465, 0.224227
0.861715, 0.224162
0.861965, 0.224097
0.862216, 0.224032
0.862466, 0.223967
0.862716, 0.223902
0.862966, 0.223838
0.863216, 0.223773
0.863466, 0.223708
0.863716, 0.223644
0.863966, 0.223579
0.864216, 0.223515
0.864466, 0.223451
0.864716, 0.223387
0.864966, 0.223322
0.865216, 0.223258
0.865466, 0.223194
0.865716, 0.22313
0.865966, 0.223067
0.866217, 0.223003
0.866467, 0.222939
0.866717, 0.222876
0.866967, 0.222812
0.867217, 0.222749
0.867467, 0.222685
0.867717, 0.222622
0.867967, 0.222559
0.868217, 0.222496
0.868467, 0.222433
0.868717, 0.22237
0.868967, 0.222307
0.869217, 0.222244
0.869467, 0.222181
0.869717, 0.222119
0.869967, 0.222056
0.870218, 0.221994
0.870468, 0.221931
0.870718, 0.221869
0.870968, 0.221807
0.871218, 0.221744
0.871468, 0.221682
0.871718, 0.22162
0.871968, 0.221558
0.872218, 0.221497
0.872468, 0.221435
0.872718, 0.221373
0.872968, 0.221311
0.873218, 0.22125
0.873468, 0.221188
0.873718, 0.221127
0.873968, 0.221066
0.874219, 0.221004
0.874469, 0.220943
0.874719, 0.220882
0.874969, 0.220821
0.875219, 0.22076
0.875469, 0.220699
0.875719, 0.220639
0.875969, 0.220578
0.876219, 0.220517
0.876469, 0.220457
0.876719, 0.220396
0.876969, 0.220336
0.877219, 0.220276
0.877469, 0.220215
0.877719, 0.220155
0.877969, 0.220095
0.87822, 0.220035
0.87847, 0.219975
0.87872, 0.219915
0.87897, 0.219856
0.87922, 0.219796
0.87947, 0.219736
0.87972, 0.219677
0.87997, 0.219617
0.88022, 0.219558
0.88047, 0.219499
0.88072, 0.219439
0.88097, 0.21938
0.88122, 0.219321
0.88147, 0.219262
0.88172, 0.219203
0.88197, 0.219144
0.882221, 0.219086
0.882471, 0.219027
0.882721, 0.218968
0.882971, 0.21891
0.883221, 0.218851
0.883471, 0.218793
0.883721, 0.218735
0.883971, 0.218677
0.884221, 0.218618
0.884471, 0.21856
0.884721, 0.218502
0.884971, 0.218445
0.885221, 0.218387
0.885471, 0.218329
0.885721, 0.218271
0.885971, 0.218214
0.886222, 0.218156
0.886472, 0.218099
0.886722, 0.218041
0.886972, 0.217984
0.887222, 0.217927
0.887472, 0.21787
0.887722, 0.217813
0.887972, 0.217756
0.888222, 0.217699
0.888472, 0.217642
0.888722, 0.217585
0.888972, 0.217529
0.889222, 0.217472
0.889472, 0.217416
0.889722, 0.217359
0.889972, 0.217303
0.890223, 0.217247
0.890473, 0.217191
0.890723, 0.217134
0.890973, 0.217078
0.891223, 0.217022
0.891473, 0.216967
0.891723, 0.216911
0.891973, 0.216855
0.892223, 0.216799
0.892473, 0.216744
0.892723, 0.216688
0.892973, 0.216633
0.893223, 0.216578
0.893473, 0.216522
0.893723, 0.216467
0.893973, 0.216412
0.894224, 0.216357
0.894474, 0.216302
0.894724, 0.216247
0.894974, 0.216192
0.895224, 0.216138
0.895474, 0.216083
0.895724, 0.216029
0.895974, 0.215974
0.896224, 0.21592
0.896474, 0.215865
0.896724, 0.215811
0.896974, 0.215757
0.897224, 0.215703
0.897474, 0.215649
0.897724, 0.215595
0.897974, 0.215541
0.898225, 0.215487
0.898475, 0.215434
0.898725, 0.21538
0.898975, 0.215326
0.899225, 0.215273
0.899475, 0.21522
0.899725, 0.215166
0.899975, 0.215113
0.900225, 0.21506
0.900475, 0.215007
0.900725, 0.214954
0.900975, 0.214901
0.901225, 0.214848
0.901475, 0.214795
0.901725, 0.214743
0.901975, 0.21469
0.902226, 0.214637
0.902476, 0.214585
0.902726, 0.214533
0.902976, 0.21448
0.903226, 0.214428
0.903476, 0.214376
0.903726, 0.214324
0.903976, 0.214272
0.904226, 0.21422
0.904476, 0.214168
0.904726, 0.214116
0.904976, 0.214065
0.905226, 0.214013
0.905476, 0.213961
0.905726, 0.21391
0.905976, 0.213859
0.906227, 0.213807
0.906477, 0.213756
0.906727, 0.213705
0.906977, 0.213654
0.907227, 0.213603
0.907477, 0.213552
0.907727, 0.213501
0.907977, 0.21345
0.908227, 0.2134
0.908477, 0.213349
0.908727, 0.213299
0.908977, 0.213248
0.909227, 0.213198
0.909477, 0.213147
0.909727, 0.213097
0.909977, 0.213047
0.910228, 0.212997
0.910478, 0.212947
0.910728, 0.212897
0.910978, 0.212847
0.911228, 0.212798
0.911478, 0.212748
0.911728, 0.212698
0.911978, 0.212649
0.912228, 0.212599
0.912478, 0.21255
0.912728, 0.212501
0.912978, 0.212452
0.913228, 0.212402
0.913478, 0.212353
0.913728, 0.212304
0.913978, 0.212255
0.914229, 0.212207
0.914479, 0.212158
0.914729, 0.212109
0.914979, 0.212061
0.915229, 0.212012
0.915479, 0.211964
0.915729, 0.211915
0.915979, 0.211867
0.916229, 0.211819
0.916479, 0.211771
0.916729, 0.211723
0.916979, 0.211675
0.917229, 0.211627
0.917479, 0.211579
0.917729, 0.211531
0.917979, 0.211484
0.91823, 0.211436
0.91848, 0.211388
0.91873, 0.211341
0.91898, 0.211294
0.91923, 0.211246
0.91948, 0.211199
0.91973, 0.211152
0.91998, 0.211105
0.92023, 0.211058
0.92048, 0.211011
0.92073, 0.210964
0.92098, 0.210918
0.92123, 0.210871
0.92148, 0.210824
0.92173, 0.210778
0.92198, 0.210731
0.922231, 0.210685
0.922481, 0.210639
0.922731, 0.210593
0.922981, 0.210547
0.923231, 0.210501
0.923481, 0.210455
0.923731, 0.210409
0.923981, 0.210363
0.924231, 0.210317
0.924481, 0.210271
0.924731, 0.210226
0.924981, 0.21018
0.925231, 0.210135
0.925481, 0.21009
0.925731, 0.210044
0.925981, 0.209999
0.926232, 0.209954
0.926482, 0.209909
0.926732, 0.209864
0.926982, 0.209819
0.927232, 0.209774
0.927482, 0.20973
0.927732, 0.209685
0.927982, 0.20964
0.928232, 0.209596
0.928482, 0.209551
0.928732, 0.209507
0.928982, 0.209463
0.929232, 0.209419
0.929482, 0.209375
0.929732, 0.209331
0.929982, 0.209287
0.930233, 0.209243
0.930483, 0.209199
0.930733, 0.209155
0.930983, 0.209111
0.931233, 0.209068
0.931483, 0.209024
0.931733, 0.208981
0.931983, 0.208938
0.932233, 0.208894
0.932483, 0.208851
0.932733, 0.208808
0.932983, 0.208765
0.933233, 0.208722
0.933483, 0.208679
0.933733, 0.208636
0.933983, 0.208594
0.934234, 0.208551
0.934484, 0.208508
0.934734, 0.208466
0.934984, 0.208424
0.935234, 0.208381
0.935484, 0.208339
0.935734, 0.208297
0.935984, 0.208255
0.936234, 0.208213
0.936484, 0.208171
0.936734, 0.208129
0.936984, 0.208087
0.937234, 0.208045
0.937484, 0.208004
0.937734, 0.207962
0.937984, 0.207921
0.938235, 0.207879
0.938485, 0.207838
0.938735, 0.207797
0.938985, 0.207755
0.939235, 0.207714
0.939485, 0.207673
0.939735, 0.207632
0.939985, 0.207591
0.940235, 0.207551
0.940485, 0.20751
0.940735, 0.207469
0.940985, 0.207429
0.941235, 0.207388
0.941485, 0.207348
0.941735, 0.207307
0.941985, 0.207267
0.942236, 0.207227
0.942486, 0.207187
0.942736, 0.207147
0.942986, 0.207107
0.943236, 0.207067
0.943486, 0.207027
0.943736, 0.206987
0.943986, 0.206948
0.944236, 0.206908
0.944486, 0.206869
0.944736, 0.206829
0.944986, 0.20679
0.945236, 0.206751
0.945486, 0.206712
0.945736, 0.206672
0.945986, 0.206633
0.946237, 0.206594
0.946487, 0.206556
0.946737, 0.206517
0.946987, 0.206478
0.947237, 0.206439
0.947487, 0.206401
0.947737, 0.206362
0.947987, 0.206324
0.948237, 0.206286
0.948487, 0.206247
0.948737, 0.206209
0.948987, 0.206171
0.949237, 0.206133
0.949487, 0.206095
0.949737, 0.206057
0.949987, 0.206019
0.950238, 0.205982
0.950488, 0.205944
0.950738, 0.205906
0.950988, 0.205869
0.951238, 0.205832
0.951488, 0.205794
0.951738, 0.205757
0.951988, 0.20572
0.952238, 0.205683
0.952488, 0.205646
0.952738, 0.205609
0.952988, 0.205572
0.953238, 0.205535
0.953488, 0.205498
0.953738, 0.205462
0.953988, 0.205425
0.954239, 0.205388
0.954489, 0.205352
0.954739, 0.205316
0.954989, 0.205279
0.955239, 0.205243
0.955489, 0.205207
0.955739, 0.205171
0.955989, 0.205135
0.956239, 0.205099
0.956489, 0.205063
0.956739, 0.205028
0.956989, 0.204992
0.957239, 0.204957
0.957489, 0.204921
0.957739, 0.204886
0.957989, 0.20485
0.95824, 0.204815
0.95849, 0.20478
0.95874, 0.204745
0.95899, 0.20471
0.95924, 0.204675
0.95949, 0.20464
0.95974, 0.204605
0.95999, 0.20457
0.96024, 0.204536
0.96049, 0.204501
0.96074, 0.204467
0.96099, 0.204432
0.96124, 0.204398
0.96149, 0.204364
0.96174, 0.204329
0.96199, 0.204295
0.962241, 0.204261
0.962491, 0.204227
0.962741, 0.204193
0.962991, 0.20416
0.963241, 0.204126
0.963491, 0.204092
0.963741, 0.204059
0.963991, 0.204025
0.964241, 0.203992
0.964491, 0.203958
0.964741, 0.203925
0.964991, 0.203892
0.965241, 0.203859
0.965491, 0.203826
0.965741, 0.203793
0.965991, 0.20376
0.966242, 0.203727
0.966492, 0.203694
0.966742, 0.203662
0.966992, 0.203629
0.967242, 0.203596
0.967492, 0.203564
0.967742, 0.203532
0.967992, 0.203499
0.968242, 0.203467
0.968492, 0.203435
0.968742, 0.203403
0.968992, 0.203371
0.969242, 0.203339
0.969492, 0.203307
0.969742, 0.203276
0.969992, 0.203244
0.970243, 0.203212
0.970493, 0.203181
0.970743, 0.203149
0.970993, 0.203118
0.971243, 0.203087
0.971493, 0.203056
0.971743, 0.203024
0.971993, 0.202993
0.972243, 0.202962
0.972493, 0.202932
0.972743, 0.202901
0.972993, 0.20287
0.973243, 0.202839
0.973493, 0.202809
0.973743, 0.202778
0.973993, 0.202748
0.974244, 0.202717
0.974494, 0.202687
0.974744, 0.202657
0.974994, 0.202627
0.975244, 0.202597
0.975494, 0.202567
0.975744, 0.202537
0.975994, 0.202507
0.976244, 0.202477
0.976494, 0.202448
0.976744, 0.202418
0.976994, 0.202388
0.977244, 0.202359
0.977494, 0.20233
0.977744, 0.2023
0.977994, 0.202271
0.978245, 0.202242
0.978495, 0.202213
0.978745, 0.202184
0.978995, 0.202155
0.979245, 0.202126
0.979495, 0.202098
0.979745, 0.202069
0.979995, 0.20204
0.980245, 0.202012
0.980495, 0.201983
0.980745, 0.201955
0.980995, 0.201927
0.981245, 0.201898
0.981495, 0.20187
0.981745, 0.201842
0.981995, 0.201814
0.982246, 0.201786
0.982496, 0.201758
0.982746, 0.201731
0.982996, 0.201703
0.983246, 0.201675
0.983496, 0.201648
0.983746, 0.20162
0.983996, 0.201593
0.984246, 0.201566
0.984496, 0.201539
0.984746, 0.201511
0.984996, 0.201484
0.985246, 0.201457
0.985496, 0.20143
0.985746, 0.201404
0.985996, 0.201377
0.986247, 0.20135
0.986497, 0.201323
0.986747, 0.201297
0.986997, 0.20127
0.987247, 0.201244
0.987497, 0.201218
0.987747, 0.201192
0.987997, 0.201165
0.988247, 0.201139
0.988497, 0.201113
0.988747, 0.201087
0.988997, 0.201062
0.989247, 0.201036
0.989497, 0.20101
0.989747, 0.200984
0.989997, 0.200959
0.990248, 0.200933
0.990498, 0.200908
0.990748, 0.200883
0.990998, 0.200858
0.991248, 0.200832
0.991498, 0.200807
0.991748, 0.200782
0.991998, 0.200757
0.992248, 0.200733
0.992498, 0.200708
0.992748, 0.200683
0.992998, 0.200658
0.993248, 0.200634
0.993498, 0.200609
0.993748, 0.200585
0.993998, 0.200561
0.994249, 0.200536
0.994499, 0.200512
0.994749, 0.200488
0.994999, 0.200464
0.995249, 0.20044
0.995499, 0.200416
0.995749, 0.200393
0.995999, 0.200369
0.996249, 0.200345
0.996499, 0.200322
0.996749, 0.200298
0.996999, 0.200275
0.997249, 0.200252
0.997499, 0.200228
0.997749, 0.200205
0.997999, 0.200182
0.99825, 0.200159
0.9985, 0.200136
0.99875, 0.200113
0.999, 0.20009
0.99925, 0.200068
0.9995, 0.200045
0.99975, 0.200022
1, 0.2

