0, 1
0.000250063, 0.999547
0.000500125, 0.999095
0.000750188, 0.998642
0.00100025, 0.99819
0.00125031, 0.997738
0.00150038, 0.997286
0.00175044, 0.996835
0.0020005, 0.996383
0.00225056, 0.995932
0.00250063, 0.995481
0.00275069, 0.99503
0.00300075, 0.994579
0.00325081, 0.994128
0.00350088, 0.993677
0.00375094, 0.993227
0.004001, 0.992777
0.00425106, 0.992327
0.00450113, 0.991877
0.00475119, 0.991427
0.00500125, 0.990978
0.00525131, 0.990529
0.00550138, 0.99008
0.00575144, 0.989631
0.0060015, 0.989182
0.00625156, 0.988733
0.00650163, 0.988285
0.00675169, 0.987836
0.00700175, 0.987388
0.00725181, 0.98694
0.00750188, 0.986492
0.00775194, 0.986045
0.008002, 0.985597
0.00825206, 0.98515
0.00850213, 0.984703
0.00875219, 0.984256
0.00900225, 0.983809
0.00925231, 0.983362
0.00950238, 0.982916
0.00975244, 0.982469
0.0100025, 0.982023
0.0102526, 0.981577
0.0105026, 0.981132
0.0107527, 0.980686
0.0110028, 0.98024
0.0112528, 0.979795
0.0115029, 0.97935
0.0117529, 0.978905
0.012003, 0.97846
0.0122531, 0.978016
0.0125031, 0.977571
0.0127532, 0.977127
0.0130033, 0.976683
0.0132533, 0.976239
0.0135034, 0.975795
0.0137534, 0.975351
0.0140035, 0.974908
0.0142536, 0.974464
0.0145036, 0.974021
0.0147537, 0.973578
0.0150038, 0.973136
0.0152538, 0.972693
0.0155039, 0.97225
0.0157539, 0.971808
0.016004, 0.971366
0.0162541, 0.970924
0.0165041, 0.970482
0.0167542, 0.97004
0.0170043, 0.969599
0.0172543, 0.969158
0.0175044, 0.968716
0.0177544, 0.968275
0.0180045, 0.967835
0.0182546, 0.967394
0.0185046, 0.966953
0.0187547, 0.966513
0.0190048, 0.966073
0.0192548, 0.965633
0.0195049, 0.965193
0.0197549, 0.964753
0.020005, 0.964314
0.0202551, 0.963874
0.0205051, 0.963435
0.0207552, 0.962996
0.0210053, 0.962557
0.0212553, 0.962119
0.0215054, 0.96168
0.0217554, 0.961242
0.0220055, 0.960804
0.0222556, 0.960366
0.0225056, 0.959928
0.0227557, 0.95949
0.0230058, 0.959052
0.0232558, 0.958615
0.0235059, 0.958178
0.0237559, 0.957741
0.024006, 0.957304
0.0242561, 0.956867
0.0245061, 0.95643
0.0247562, 0.955994
0.0250063, 0.955558
0.0252563, 0.955122
0.0255064, 0.954686
0.0257564, 0.95425
0.0260065, 0.953814
0.0262566, 0.953379
0.0265066, 0.952944
0.0267567, 0.952509
0.0270068, 0.952074
0.0272568, 0.951639
0.0275069, 0.951204
0.0277569, 0.95077
0.028007, 0.950335
0.0282571, 0.949901
0.0285071, 0.949467
0.0287572, 0.949033
0.0290073, 0.9486
0.0292573, 0.948166
0.0295074, 0.947733
0.0297574, 0.9473
0.0300075, 0.946867
0.0302576, 0.946434
0.0305076, 0.946001
0.0307577, 0.945569
0.0310078, 0.945136
0.0312578, 0.944704
0.0315079, 0.944272
0.0317579, 0.94384
0.032008, 0.943408
0.0322581, 0.942977
0.0325081, 0.942545
0.0327582, 0.942114
0.0330083, 0.941683
0.0332583, 0.941252
0.0335084, 0.940821
0.0337584, 0.940391
0.0340085, 0.93996
0.0342586, 0.93953
0.0345086, 0.9391
0.0347587, 0.93867
0.0350088, 0.93824
0.0352588, 0.937811
0.0355089, 0.937381
0.0357589, 0.936952
0.036009, 0.936523
0.0362591, 0.936094
0.0365091, 0.935665
0.0367592, 0.935236
0.0370093, 0.934808
0.0372593, 0.934379
0.0375094, 0.933951
0.0377594, 0.933523
0.0380095, 0.933095
0.0382596, 0.932667
0.0385096, 0.93224
0.0387597, 0.931812
0.0390098, 0.931385
0.0392598, 0.930958
0.0395099, 0.930531
0.0397599, 0.930104
0.04001, 0.929678
0.0402601, 0.929251
0.0405101, 0.928825
0.0407602, 0.928399
0.0410103, 0.927973
0.0412603, 0.927547
0.0415104, 0.927121
0.0417604, 0.926696
0.0420105, 0.92627
0.0422606, 0.925845
0.0425106, 0.92542
0.0427607, 0.924995
0.0430108, 0.92457
0.0432608, 0.924146
0.0435109, 0.923722
0.0437609, 0.923297
0.044011, 0.922873
0.0442611, 0.922449
0.0445111, 0.922025
0.0447612, 0.921602
0.0450113, 0.921178
0.0452613, 0.920755
0.0455114, 0.920332
0.0457614, 0.919909
0.0460115, 0.919486
0.0462616, 0.919063
0.0465116, 0.918641
0.0467617, 0.918219
0.0470118, 0.917796
0.0472618, 0.917374
0.0475119, 0.916952
0.0477619, 0.916531
0.048012, 0.916109
0.0482621, 0.915688
0.0485121, 0.915266
0.0487622, 0.914845
0.0490123, 0.914424
0.0492623, 0.914003
0.0495124, 0.913583
0.0497624, 0.913162
0.0500125, 0.912742
0.0502626, 0.912322
0.0505126, 0.911902
0.0507627, 0.911482
0.0510128, 0.911062
0.0512628, 0.910643
0.0515129, 0.910223
0.0517629, 0.909804
0.052013, 0.909385
0.0522631, 0.908966
0.0525131, 0.908547
0.0527632, 0.908129
0.0530133, 0.90771
0.0532633, 0.907292
0.0535134, 0.906874
0.0537634, 0.906456
0.0540135, 0.906038
0.0542636, 0.90562
0.0545136, 0.905202
0.0547637, 0.904785
0.0550138, 0.904368
0.0552638, 0.903951
0.0555139, 0.903534
0.0557639, 0.903117
0.056014, 0.9027
0.0562641, 0.902284
0.0565141, 0.901868
0.0567642, 0.901452
0.0570143, 0.901036
0.0572643, 0.90062
0.0575144, 0.900204
0.0577644, 0.899788
0.0580145, 0.899373
0.0582646, 0.898958
0.0585146, 0.898543
0.0587647, 0.898128
0.0590148, 0.897713
0.0592648, 0.897298
0.0595149, 0.896884
0.0597649, 0.89647
0.060015, 0.896056
0.0602651, 0.895642
0.0605151, 0.895228
0.0607652, 0.894814
0.0610153, 0.8944
0.0612653, 0.893987
0.0615154, 0.893574
0.0617654, 0.893161
0.0620155, 0.892748
0.0622656, 0.892335
0.0625156, 0.891922
0.0627657, 0.89151
0.0630158, 0.891098
0.0632658, 0.890685
0.0635159, 0.890273
0.0637659, 0.889862
0.064016, 0.88945
0.0642661, 0.889038
0.0645161, 0.888627
0.0647662, 0.888216
0.0650163, 0.887805
0.0652663, 0.887394
0.0655164, 0.886983
0.0657664, 0.886572
0.0660165, 0.886162
0.0662666, 0.885751
0.0665166, 0.885341
0.0667667, 0.884931
0.0670168, 0.884521
0.0672668, 0.884111
0.0675169, 0.883702
0.0677669, 0.883292
0.068017, 0.882883
0.0682671, 0.882474
0.0685171, 0.882065
0.0687672, 0.881656
0.0690173, 0.881247
0.0692673, 0.880839
0.0695174, 0.880431
0.0697674, 0.880022
0.0700175, 0.879614
0.0702676, 0.879206
0.0705176, 0.878799
0.0707677, 0.878391
0.0710178, 0.877983
0.0712678, 0.877576
0.0715179, 0.877169
0.0717679, 0.876762
0.072018, 0.876355
0.0722681, 0.875948
0.0725181, 0.875542
0.0727682, 0.875135
0.0730183, 0.874729
0.0732683, 0.874323
0.0735184, 0.873917
0.0737684, 0.873511
0.0740185, 0.873105
0.0742686, 0.8727
0.0745186, 0.872295
0.0747687, 0.871889
0.0750188, 0.871484
0.0752688, 0.871079
0.0755189, 0.870675
0.0757689, 0.87027
0.076019, 0.869865
0.0762691, 0.869461
0.0765191, 0.869057
0.0767692, 0.868653
0.0770193, 0.868249
0.0772693, 0.867845
0.0775194, 0.867442
0.0777694, 0.867038
0.0780195, 0.866635
0.0782696, 0.866232
0.0785196, 0.865829
0.0787697, 0.865426
0.0790198, 0.865023
0.0792698, 0.864621
0.0795199, 0.864218
0.0797699, 0.863816
0.08002, 0.863414
0.0802701, 0.863012
0.0805201, 0.86261
0.0807702, 0.862209
0.0810203, 0.861807
0.0812703, 0.861406
0.0815204, 0.861005
0.0817704, 0.860604
0.0820205, 0.860203
0.0822706, 0.859802
0.0825206, 0.859401
0.0827707, 0.859001
0.0830208, 0.858601
0.0832708, 0.8582
0.0835209, 0.8578
0.0837709, 0.8574
0.084021, 0.857001
0.0842711, 0.856601
0.0845211, 0.856202
0.0847712, 0.855802
0.0850213, 0.855403
0.0852713, 0.855004
0.0855214, 0.854605
0.0857714, 0.854207
0.0860215, 0.853808
0.0862716, 0.85341
0.0865216, 0.853011
0.0867717, 0.852613
0.0870218, 0.852215
0.0872718, 0.851818
0.0875219, 0.85142
0.0877719, 0.851022
0.088022, 0.850625
0.0882721, 0.850228
0.0885221, 0.849831
0.0887722, 0.849434
0.0890223, 0.849037
0.0892723, 0.84864
0.0895224, 0.848244
0.0897724, 0.847847
0.0900225, 0.847451
0.0902726, 0.847055
0.0905226, 0.846659
0.0907727, 0.846263
0.0910228, 0.845868
0.0912728, 0.845472
0.0915229, 0.845077
0.0917729, 0.844682
0.092023, 0.844287
0.0922731, 0.843892
0.0925231, 0.843497
0.0927732, 0.843103
0.0930233, 0.842708
0.0932733, 0.842314
0.0935234, 0.84192
0.0937734, 0.841526
0.0940235, 0.841132
0.0942736, 0.840738
0.0945236, 0.840344
0.0947737, 0.839951
0.0950238, 0.839558
0.0952738, 0.839164
0.0955239, 0.838771
0.0957739, 0.838379
0.096024, 0.837986
0.0962741, 0.837593
0.0965241, 0.837201
0.0967742, 0.836808
0.0970243, 0.836416
0.0972743, 0.836024
0.0975244, 0.835632
0.0977744, 0.835241
0.0980245, 0.834849
0.0982746, 0.834458
0.0985246, 0.834066
0.0987747, 0.833675
0.0990248, 0.833284
0.0992748, 0.832893
0.0995249, 0.832503
0.0997749, 0.832112
0.100025, 0.831722
0.100275, 0.831332
0.100525, 0.830941
0.100775, 0.830551
0.101025, 0.830162
0.101275, 0.829772
0.101525, 0.829382
0.101775, 0.828993
0.102026, 0.828604
0.102276, 0.828214
0.102526, 0.827826
0.102776, 0.827437
0.103026, 0.827048
0.103276, 0.826659
0.103526, 0.826271
0.103776, 0.825883
0.104026, 0.825495
0.104276, 0.825107
0.104526, 0.824719
0.104776, 0.824331
0.105026, 0.823944
0.105276, 0.823556
0.105526, 0.823169
0.105776, 0.822782
0.106027, 0.822395
0.106277, 0.822008
0.106527, 0.821621
0.106777, 0.821235
0.107027, 0.820848
0.107277, 0.820462
0.107527, 0.820076
0.107777, 0.81969
0.108027, 0.819304
0.108277, 0.818918
0.108527, 0.818533
0.108777, 0.818147
0.109027, 0.817762
0.109277, 0.817377
0.109527, 0.816992
0.109777, 0.816607
0.110028, 0.816222
0.110278, 0.815838
0.110528, 0.815453
0.110778, 0.815069
0.111028, 0.814685
0.111278, 0.814301
0.111528, 0.813917
0.111778, 0.813533
0.112028, 0.81315
0.112278, 0.812766
0.112528, 0.812383
0.112778, 0.812
0.113028, 0.811617
0.113278, 0.811234
0.113528, 0.810851
0.113778, 0.810468
0.114029, 0.810086
0.114279, 0.809704
0.114529, 0.809321
0.114779, 0.808939
0.115029, 0.808558
0.115279, 0.808176
0.115529, 0.807794
0.115779, 0.807413
0.116029, 0.807031
0.116279, 0.80665
0.116529, 0.806269
0.116779, 0.805888
0.117029, 0.805507
0.117279, 0.805127
0.117529, 0.804746
0.117779, 0.804366
0.11803, 0.803986
0.11828, 0.803606
0.11853, 0.803226
0.11878, 0.802846
0.11903, 0.802466
0.11928, 0.802087
0.11953, 0.801707
0.11978, 0.801328
0.12003, 0.800949
0.12028, 0.80057
0.12053, 0.800191
0.12078, 0.799813
0.12103, 0.799434
0.12128, 0.799056
0.12153, 0.798677
0.12178, 0.798299
0.122031, 0.797921
0.122281, 0.797543
0.122531, 0.797166
0.122781, 0.796788
0.123031, 0.796411
0.123281, 0.796033
0.123531, 0.795656
0.123781, 0.795279
0.124031, 0.794902
0.124281, 0.794526
0.124531, 0.794149
0.124781, 0.793773
0.125031, 0.793396
0.125281, 0.79302
0.125531, 0.792644
0.125781, 0.792268
0.126032, 0.791892
0.126282, 0.791517
0.126532, 0.791141
0.126782, 0.790766
0.127032, 0.790391
0.127282, 0.790015
0.127532, 0.789641
0.127782, 0.789266
0.128032, 0.788891
0.128282, 0.788517
0.128532, 0.788142
0.128782, 0.787768
0.129032, 0.787394
0.129282, 0.78702
0.129532, 0.786646
0.129782, 0.786272
0.130033, 0.785899
0.130283, 0.785525
0.130533, 0.785152
0.130783, 0.784779
0.131033, 0.784406
0.131283, 0.784033
0.131533, 0.78366
0.131783, 0.783288
0.132033, 0.782915
0.132283, 0.782543
0.132533, 0.78217
0.132783, 0.781798
0.133033, 0.781427
0.133283, 0.781055
0.133533, 0.780683
0.133783, 0.780312
0.134034, 0.77994
0.134284, 0.779569
0.134534, 0.779198
0.134784, 0.778827
0.135034, 0.778456
0.135284, 0.778085
0.135534, 0.777715
0.135784, 0.777344
0.136034, 0.776974
0.136284, 0.776604
0.136534, 0.776234
0.136784, 0.775864
0.137034, 0.775494
0.137284, 0.775125
0.137534, 0.774755
0.137784, 0.774386
0.138035, 0.774017
0.138285, 0.773648
0.138535, 0.773279
0.138785, 0.77291
0.139035, 0.772541
0.139285, 0.772173
0.139535, 0.771804
0.139785, 0.771436
0.140035, 0.771068
0.140285, 0.7707
0.140535, 0.770332
0.140785, 0.769964
0.141035, 0.769597
0.141285, 0.769229
0.141535, 0.768862
0.141785, 0.768495
0.142036, 0.768128
0.142286, 0.767761
0.142536, 0.767394
0.142786, 0.767027
0.143036, 0.766661
0.143286, 0.766295
0.143536, 0.765928
0.143786, 0.765562
0.144036, 0.765196
0.144286, 0.76483
0.144536, 0.764465
0.144786, 0.764099
0.145036, 0.763734
0.145286, 0.763368
0.145536, 0.763003
0.145786, 0.762638
0.146037, 0.762273
0.146287, 0.761909
0.146537, 0.761544
0.146787, 0.76118
0.147037, 0.760815
0.147287, 0.760451
0.147537, 0.760087
0.147787, 0.759723
0.148037, 0.759359
0.148287, 0.758995
0.148537, 0.758632
0.148787, 0.758268
0.149037, 0.757905
0.149287, 0.757542
0.149537, 0.757179
0.149787, 0.756816
0.150038, 0.756453
0.150288, 0.756091
0.150538, 0.755728
0.150788, 0.755366
0.151038, 0.755004
0.151288, 0.754642
0.151538, 0.75428
0.151788, 0.753918
0.152038, 0.753556
0.152288, 0.753195
0.152538, 0.752833
0.152788, 0.752472
0.153038, 0.752111
0.153288, 0.75175
0.153538, 0.751389
0.153788, 0.751028
0.154039, 0.750667
0.154289, 0.750307
0.154539, 0.749947
0.154789, 0.749586
0.155039, 0.749226
0.155289, 0.748866
0.155539, 0.748506
0.155789, 0.748147
0.156039, 0.747787
0.156289, 0.747428
0.156539, 0.747068
0.156789, 0.746709
0.157039, 0.74635
0.157289, 0.745991
0.157539, 0.745633
0.157789, 0.745274
0.15804, 0.744915
0.15829, 0.744557
0.15854, 0.744199
0.15879, 0.743841
0.15904, 0.743483
0.15929, 0.743125
0.15954, 0.742767
0.15979, 0.74241
0.16004, 0.742052
0.16029, 0.741695
0.16054, 0.741338
0.16079, 0.74098
0.16104, 0.740624
0.16129, 0.740267
0.16154, 0.73991
0.16179, 0.739554
0.162041, 0.739197
0.162291, 0.738841
0.162541, 0.738485
0.162791, 0.738129
0.163041, 0.737773
0.163291, 0.737417
0.163541, 0.737061
0.163791, 0.736706
0.164041, 0.736351
0.164291, 0.735995
0.164541, 0.73564
0.164791, 0.735285
0.165041, 0.73493
0.165291, 0.734576
0.165541, 0.734221
0.165791, 0.733867
0.166042, 0.733512
0.166292, 0.733158
0.166542, 0.732804
0.166792, 0.73245
0.167042, 0.732096
0.167292, 0.731743
0.167542, 0.731389
0.167792, 0.731036
0.168042, 0.730682
0.168292, 0.730329
0.168542, 0.729976
0.168792, 0.729623
0.169042, 0.729271
0.169292, 0.728918
0.169542, 0.728566
0.169792, 0.728213
0.170043, 0.727861
0.170293, 0.727509
0.170543, 0.727157
0.170793, 0.726805
0.171043, 0.726453
0.171293, 0.726102
0.171543, 0.72575
0.171793, 0.725399
0.172043, 0.725048
0.172293, 0.724697
0.172543, 0.724346
0.172793, 0.723995
0.173043, 0.723644
0.173293, 0.723294
0.173543, 0.722943
0.173793, 0.722593
0.174044, 0.722243
0.174294, 0.721893
0.174544, 0.721543
0.174794, 0.721193
0.175044, 0.720843
0.175294, 0.720494
0.175544, 0.720144
0.175794, 0.719795
0.176044, 0.719446
0.176294, 0.719097
0.176544, 0.718748
0.176794, 0.718399
0.177044, 0.718051
0.177294, 0.717702
0.177544, 0.717354
0.177794, 0.717005
0.178045, 0.716657
0.178295, 0.716309
0.178545, 0.715961
0.178795, 0.715614
0.179045, 0.715266
0.179295, 0.714919
0.179545, 0.714571
0.179795, 0.714224
0.180045, 0.713877
0.180295, 0.71353
0.180545, 0.713183
0.180795, 0.712836
0.181045, 0.71249
0.181295, 0.712143
0.181545, 0.711797
0.181795, 0.711451
0.182046, 0.711105
0.182296, 0.710759
0.182546, 0.710413
0.182796, 0.710067
0.183046, 0.709722
0.183296, 0.709376
0.183546, 0.709031
0.183796, 0.708686
0.184046, 0.708341
0.184296, 0.707996
0.184546, 0.707651
0.184796, 0.707306
0.185046, 0.706962
0.185296, 0.706617
0.185546, 0.706273
0.185796, 0.705929
0.186047, 0.705585
0.186297, 0.705241
0.186547, 0.704897
0.186797, 0.704553
0.187047, 0.70421
0.187297, 0.703866
0.187547, 0.703523
0.187797, 0.70318
0.188047, 0.702837
0.188297, 0.702494
0.188547, 0.702151
0.188797, 0.701809
0.189047, 0.701466
0.189297, 0.701124
0.189547, 0.700781
0.189797, 0.700439
0.190048, 0.700097
0.190298, 0.699755
0.190548, 0.699414
0.190798, 0.699072
0.191048, 0.69873
0.191298, 0.698389
0.191548, 0.698048
0.191798, 0.697707
0.192048, 0.697366
0.192298, 0.697025
0.192548, 0.696684
0.192798, 0.696343
0.193048, 0.696003
0.193298, 0.695662
0.193548, 0.695322
0.193798, 0.694982
0.194049, 0.694642
0.194299, 0.694302
0.194549, 0.693962
0.194799, 0.693623
0.195049, 0.693283
0.195299, 0.692944
0.195549, 0.692605
0.195799, 0.692265
0.196049, 0.691926
0.196299, 0.691587
0.196549, 0.691249
0.196799, 0.69091
0.197049, 0.690572
0.197299, 0.690233
0.197549, 0.689895
0.197799, 0.689557
0.19805, 0.689219
0.1983, 0.688881
0.19855, 0.688543
0.1988, 0.688205
0.19905, 0.687868
0.1993, 0.687531
0.19955, 0.687193
0.1998, 0.686856
0.20005, 0.686519
0.2003, 0.686182
0.20055, 0.685845
0.2008, 0.685509
0.20105, 0.685172
0.2013, 0.684836
0.20155, 0.6845
0.2018, 0.684163
0.202051, 0.683827
0.202301, 0.683491
0.202551, 0.683156
0.202801, 0.68282
0.203051, 0.682485
0.203301, 0.682149
0.203551, 0.681814
0.203801, 0.681479
0.204051, 0.681144
0.204301, 0.680809
0.204551, 0.680474
0.204801, 0.680139
0.205051, 0.679805
0.205301, 0.67947
0.205551, 0.679136
0.205801, 0.678802
0.206052, 0.678468
0.206302, 0.678134
0.206552, 0.6778
0.206802, 0.677466
0.207052, 0.677133
0.207302, 0.676799
0.207552, 0.676466
0.207802, 0.676133
0.208052, 0.6758
0.208302, 0.675467
0.208552, 0.675134
0.208802, 0.674801
0.209052, 0.674469
0.209302, 0.674136
0.209552, 0.673804
0.209802, 0.673472
0.210053, 0.67314
0.210303, 0.672808
0.210553, 0.672476
0.210803, 0.672144
0.211053, 0.671813
0.211303, 0.671481
0.211553, 0.67115
0.211803, 0.670819
0.212053, 0.670487
0.212303, 0.670156
0.212553, 0.669826
0.212803, 0.669495
0.213053, 0.669164
0.213303, 0.668834
0.213553, 0.668503
0.213803, 0.668173
0.214054, 0.667843
0.214304, 0.667513
0.214554, 0.667183
0.214804, 0.666853
0.215054, 0.666524
0.215304, 0.666194
0.215554, 0.665865
0.215804, 0.665536
0.216054, 0.665206
0.216304, 0.664877
0.216554, 0.664548
0.216804, 0.66422
0.217054, 0.663891
0.217304, 0.663562
0.217554, 0.663234
0.217804, 0.662906
0.218055, 0.662578
0.218305, 0.662249
0.218555, 0.661922
0.218805, 0.661594
0.219055, 0.661266
0.219305, 0.660938
0.219555, 0.660611
0.219805, 0.660284
0.220055, 0.659956
0.220305, 0.659629
0.220555, 0.659302
0.220805, 0.658976
0.221055, 0.658649
0.221305, 0.658322
0.221555, 0.657996
0.221805, 0.657669
0.222056, 0.657343
0.222306, 0.657017
0.222556, 0.656691
0.222806, 0.656365
0.223056, 0.656039
0.223306, 0.655714
0.223556, 0.655388
0.223806, 0.655063
0.224056, 0.654737
0.224306, 0.654412
0.224556, 0.654087
0.224806, 0.653762
0.225056, 0.653438
0.225306, 0.653113
0.225556, 0.652788
0.225806, 0.652464
0.226057, 0.65214
0.226307, 0.651815
0.226557, 0.651491
0.226807, 0.651167
0.227057, 0.650843
0.227307, 0.65052
0.227557, 0.650196
0.227807, 0.649873
0.228057, 0.649549
0.228307, 0.649226
0.228557, 0.648903
0.228807, 0.64858
0.229057, 0.648257
0.229307, 0.647934
0.229557, 0.647612
0.229807, 0.647289
0.230058, 0.646967
0.230308, 0.646644
0.230558, 0.646322
0.230808, 0.646
0.231058, 0.645678
0.231308, 0.645357
0.231558, 0.645035
0.231808, 0.644713
0.232058, 0.644392
0.232308, 0.644071
0.232558, 0.643749
0.232808, 0.643428
0.233058, 0.643107
0.233308, 0.642786
0.233558, 0.642466
0.233808, 0.642145
0.234059, 0.641825
0.234309, 0.641504
0.234559, 0.641184
0.234809, 0.640864
0.235059, 0.640544
0.235309, 0.640224
0.235559, 0.639904
0.235809, 0.639584
0.236059, 0.639265
0.236309, 0.638945
0.236559, 0.638626
0.236809, 0.638307
0.237059, 0.637988
0.237309, 0.637669
0.237559, 0.63735
0.237809, 0.637031
0.23806, 0.636713
0.23831, 0.636394
0.23856, 0.636076
0.23881, 0.635758
0.23906, 0.635439
0.23931, 0.635121
0.23956, 0.634804
0.23981, 0.634486
0.24006, 0.634168
0.24031, 0.633851
0.24056, 0.633533
0.24081, 0.633216
0.24106, 0.632899
0.24131, 0.632582
0.24156, 0.632265
0.24181, 0.631948
0.242061, 0.631631
0.242311, 0.631315
0.242561, 0.630998
0.242811, 0.630682
0.243061, 0.630365
0.243311, 0.630049
0.243561, 0.629733
0.243811, 0.629417
0.244061, 0.629102
0.244311, 0.628786
0.244561, 0.62847
0.244811, 0.628155
0.245061, 0.62784
0.245311, 0.627525
0.245561, 0.627209
0.245811, 0.626895
0.246062, 0.62658
0.246312, 0.626265
0.246562, 0.62595
0.246812, 0.625636
0.247062, 0.625322
0.247312, 0.625007
0.247562, 0.624693
0.247812, 0.624379
0.248062, 0.624065
0.248312, 0.623751
0.248562, 0.623438
0.248812, 0.623124
0.249062, 0.622811
0.249312, 0.622497
0.249562, 0.622184
0.249812, 0.621871
0.250063, 0.621558
0.250313, 0.621245
0.250563, 0.620933
0.250813, 0.62062
0.251063, 0.620307
0.251313, 0.619995
0.251563, 0.619683
0.251813, 0.619371
0.252063, 0.619059
0.252313, 0.618747
0.252563, 0.618435
0.252813, 0.618123
0.253063, 0.617812
0.253313, 0.6175
0.253563, 0.617189
0.253813, 0.616878
0.254064, 0.616567
0.254314, 0.616256
0.254564, 0.615945
0.254814, 0.615634
0.255064, 0.615323
0.255314, 0.615013
0.255564, 0.614702
0.255814, 0.614392
0.256064, 0.614082
0.256314, 0.613772
0.256564, 0.613462
0.256814, 0.613152
0.257064, 0.612842
0.257314, 0.612533
0.257564, 0.612223
0.257814, 0.611914
0.258065, 0.611604
0.258315, 0.611295
0.258565, 0.610986
0.258815, 0.610677
0.259065, 0.610369
0.259315, 0.61006
0.259565, 0.609751
0.259815, 0.609443
0.260065, 0.609135
0.260315, 0.608826
0.260565, 0.608518
0.260815, 0.60821
0.261065, 0.607902
0.261315, 0.607595
0.261565, 0.607287
0.261815, 0.606979
0.262066, 0.606672
0.262316, 0.606365
0.262566, 0.606057
0.262816, 0.60575
0.263066, 0.605443
0.263316, 0.605137
0.263566, 0.60483
0.263816, 0.604523
0.264066, 0.604217
0.264316, 0.60391
0.264566, 0.603604
0.264816, 0.603298
0.265066, 0.602992
0.265316, 0.602686
0.265566, 0.60238
0.265816, 0.602074
0.266067, 0.601769
0.266317, 0.601463
0.266567, 0.601158
0.266817, 0.600853
0.267067, 0.600548
0.267317, 0.600243
0.267567, 0.599938
0.267817, 0.599633
0.268067, 0.599328
0.268317, 0.599024
0.268567, 0.598719
0.268817, 0.598415
0.269067, 0.598111
0.269317, 0.597806
0.269567, 0.597502
0.269817, 0.597199
0.270068, 0.596895
0.270318, 0.596591
0.270568, 0.596288
0.270818, 0.595984
0.271068, 0.595681
0.271318, 0.595378
0.271568, 0.595075
0.271818, 0.594772
0.272068, 0.594469
0.272318, 0.594166
0.272568, 0.593863
0.272818, 0.593561
0.273068, 0.593258
0.273318, 0.592956
0.273568, 0.592654
0.273818, 0.592352
0.274069, 0.59205
0.274319, 0.591748
0.274569, 0.591446
0.274819, 0.591145
0.275069, 0.590843
0.275319, 0.590542
0.275569, 0.590241
0.275819, 0.589939
0.276069, 0.589638
0.276319, 0.589337
0.276569, 0.589037
0.276819, 0.588736
0.277069, 0.588435
0.277319, 0.588135
0.277569, 0.587834
0.277819, 0.587534
0.27807, 0.587234
0.27832, 0.586934
0.27857, 0.586634
0.27882, 0.586334
0.27907, 0.586035
0.27932, 0.585735
0.27957, 0.585435
0.27982, 0.585136
0.28007, 0.584837
0.28032, 0.584538
0.28057, 0.584239
0.28082, 0.58394
0.28107, 0.583641
0.28132, 0.583342
0.28157, 0.583044
0.28182, 0.582745
0.282071, 0.582447
0.282321, 0.582149
0.282571, 0.581851
0.282821, 0.581553
0.283071, 0.581255
0.283321, 0.580957
0.283571, 0.580659
0.283821, 0.580362
0.284071, 0.580064
0.284321, 0.579767
0.284571, 0.57947
0.284821, 0.579172
0.285071, 0.578875
0.285321, 0.578578
0.285571, 0.578282
0.285821, 0.577985
0.286072, 0.577688
0.286322, 0.577392
0.286572, 0.577096
0.286822, 0.576799
0.287072, 0.576503
0.287322, 0.576207
0.287572, 0.575911
0.287822, 0.575616
0.288072, 0.57532
0.288322, 0.575024
0.288572, 0.574729
0.288822, 0.574434
0.289072, 0.574138
0.289322, 0.573843
0.289572, 0.573548
0.289822, 0.573253
0.290073, 0.572958
0.290323, 0.572664
0.290573, 0.572369
0.290823, 0.572075
0.291073, 0.57178
0.291323, 0.571486
0.291573, 0.571192
0.291823, 0.570898
0.292073, 0.570604
0.292323, 0.57031
0.292573, 0.570017
0.292823, 0.569723
0.293073, 0.56943
0.293323, 0.569136
0.293573, 0.568843
0.293823, 0.56855
0.294074, 0.568257
0.294324, 0.567964
0.294574, 0.567671
0.294824, 0.567379
0.295074, 0.567086
0.295324, 0.566793
0.295574, 0.566501
0.295824, 0.566209
0.296074, 0.565917
0.296324, 0.565625
0.296574, 0.565333
0.296824, 0.565041
0.297074, 0.564749
0.297324, 0.564458
0.297574, 0.564166
0.297824, 0.563875
0.298075, 0.563584
0.298325, 0.563292
0.298575, 0.563001
0.298825, 0.562711
0.299075, 0.56242
0.299325, 0.562129
0.299575, 0.561838
0.299825, 0.561548
0.300075, 0.561258
0.300325, 0.560967
0.300575, 0.560677
0.300825, 0.560387
0.301075, 0.560097
0.301325, 0.559807
0.301575, 0.559518
0.301825, 0.559228
0.302076, 0.558938
0.302326, 0.558649
0.302576, 0.55836
0.302826, 0.558071
0.303076, 0.557782
0.303326, 0.557493
0.303576, 0.557204
0.303826, 0.556915
0.304076, 0.556626
0.304326, 0.556338
0.304576, 0.556049
0.304826, 0.555761
0.305076, 0.555473
0.305326, 0.555185
0.305576, 0.554897
0.305826, 0.554609
0.306077, 0.554321
0.306327, 0.554034
0.306577, 0.553746
0.306827, 0.553459
0.307077, 0.553171
0.307327, 0.552884
0.307577, 0.552597
0.307827, 0.55231
0.308077, 0.552023
0.308327, 0.551736
0.308577, 0.55145
0.308827, 0.551163
0.309077, 0.550877
0.309327, 0.55059
0.309577, 0.550304
0.309827, 0.550018
0.310078, 0.549732
0.310328, 0.549446
0.310578, 0.54916
0.310828, 0.548875
0.311078, 0.548589
0.311328, 0.548304
0.311578, 0.548018
0.311828, 0.547733
0.312078, 0.547448
0.312328, 0.547163
0.312578, 0.546878
0.312828, 0.546593
0.313078, 0.546308
0.313328, 0.546024
0.313578, 0.545739
0.313828, 0.545455
0.314079, 0.54517
0.314329, 0.544886
0.314579, 0.544602
0.314829, 0.544318
0.315079, 0.544034
0.315329, 0.543751
0.315579, 0.543467
0.315829, 0.543183
0.316079, 0.5429
0.316329, 0.542617
0.316579, 0.542333
0.316829, 0.54205
0.317079, 0.541767
0.317329, 0.541484
0.317579, 0.541202
0.317829, 0.540919
0.31808, 0.540636
0.31833, 0.540354
0.31858, 0.540072
0.31883, 0.539789
0.31908, 0.539507
0.31933, 0.539225
0.31958, 0.538943
0.31983, 0.538661
0.32008, 0.53838
0.32033, 0.538098
0.32058, 0.537817
0.32083, 0.537535
0.32108, 0.537254
0.32133, 0.536973
0.32158, 0.536692
0.32183, 0.536411
0.322081, 0.53613
0.322331, 0.535849
0.322581, 0.535569
0.322831, 0.535288
0.323081, 0.535008
0.323331, 0.534727
0.323581, 0.534447
0.323831, 0.534167
0.324081, 0.533887
0.324331, 0.533607
0.324581, 0.533327
0.324831, 0.533048
0.325081, 0.532768
0.325331, 0.532489
0.325581, 0.532209
0.325831, 0.53193
0.326082, 0.531651
0.326332, 0.531372
0.326582, 0.531093
0.326832, 0.530814
0.327082, 0.530535
0.327332, 0.530257
0.327582, 0.529978
0.327832, 0.5297
0.328082, 0.529422
0.328332, 0.529143
0.328582, 0.528865
0.328832, 0.528587
0.329082, 0.528309
0.329332, 0.528032
0.329582, 0.527754
0.329832, 0.527476
0.330083, 0.527199
0.330333, 0.526922
0.330583, 0.526644
0.330833, 0.526367
0.331083, 0.52609
0.331333, 0.525813
0.331583, 0.525537
0.331833, 0.52526
0.332083, 0.524983
0.332333, 0.524707
0.332583, 0.52443
0.332833, 0.524154
0.333083, 0.523878
0.333333, 0.523602
0.333583, 0.523326
0.333833, 0.52305
0.334084, 0.522774
0.334334, 0.522499
0.334584, 0.522223
0.334834, 0.521948
0.335084, 0.521672
0.335334, 0.521397
0.335584, 0.521122
0.335834, 0.520847
0.336084, 0.520572
0.336334, 0.520297
0.336584, 0.520023
0.336834, 0.519748
0.337084, 0.519473
0.337334, 0.519199
0.337584, 0.518925
0.337834, 0.518651
0.338085, 0.518377
0.338335, 0.518103
0.338585, 0.517829
0.338835, 0.517555
0.339085, 0.517281
0.339335, 0.517008
0.339585, 0.516734
0.339835, 0.516461
0.340085, 0.516188
0.340335, 0.515915
0.340585, 0.515642
0.340835, 0.515369
0.341085, 0.515096
0.341335, 0.514823
0.341585, 0.514551
0.341835, 0.514278
0.342086, 0.514006
0.342336, 0.513733
0.342586, 0.513461
0.342836, 0.513189
0.343086, 0.512917
0.343336, 0.512645
0.343586, 0.512373
0.343836, 0.512102
0.344086, 0.51183
0.344336, 0.511559
0.344586, 0.511287
0.344836, 0.511016
0.345086, 0.510745
0.345336, 0.510474
0.345586, 0.510203
0.345836, 0.509932
0.346087, 0.509662
0.346337, 0.509391
0.346587, 0.50912
0.346837, 0.50885
0.347087, 0.50858
0.347337, 0.508309
0.347587, 0.508039
0.347837, 0.507769
0.348087, 0.507499
0.348337, 0.50723
0.348587, 0.50696
0.348837, 0.50669
0.349087, 0.506421
0.349337, 0.506152
0.349587, 0.505882
0.349837, 0.505613
0.350088, 0.505344
0.350338, 0.505075
0.350588, 0.504806
0.350838, 0.504538
0.351088, 0.504269
0.351338, 0.504
0.351588, 0.503732
0.351838, 0.503464
0.352088, 0.503195
0.352338, 0.502927
0.352588, 0.502659
0.352838, 0.502391
0.353088, 0.502123
0.353338, 0.501856
0.353588, 0.501588
0.353838, 0.501321
0.354089, 0.501053
0.354339, 0.500786
0.354589, 0.500519
0.354839, 0.500252
0.355089, 0.499985
0.355339, 0.499718
0.355589, 0.499451
0.355839, 0.499184
0.356089, 0.498918
0.356339, 0.498651
0.356589, 0.498385
0.356839, 0.498119
0.357089, 0.497852
0.357339, 0.497586
0.357589, 0.49732
0.357839, 0.497054
0.35809, 0.496789
0.35834, 0.496523
0.35859, 0.496257
0.35884, 0.495992
0.35909, 0.495727
0.35934, 0.495461
0.35959, 0.495196
0.35984, 0.494931
0.36009, 0.494666
0.36034, 0.494401
0.36059, 0.494137
0.36084, 0.493872
0.36109, 0.493608
0.36134, 0.493343
0.36159, 0.493079
0.36184, 0.492815
0.362091, 0.492551
0.362341, 0.492286
0.362591, 0.492023
0.362841, 0.491759
0.363091, 0.491495
0.363341, 0.491231
0.363591, 0.490968
0.363841, 0.490705
0.364091, 0.490441
0.364341, 0.490178
0.364591, 0.489915
0.364841, 0.489652
0.365091, 0.489389
0.365341, 0.489126
0.365591, 0.488864
0.365841, 0.488601
0.366092, 0.488339
0.366342, 0.488076
0.366592, 0.487814
0.366842, 0.487552
0.367092, 0.48729
0.367342, 0.487028
0.367592, 0.486766
0.367842, 0.486504
0.368092, 0.486242
0.368342, 0.485981
0.368592, 0.485719
0.368842, 0.485458
0.369092, 0.485197
0.369342, 0.484935
0.369592, 0.484674
0.369842, 0.484413
0.370093, 0.484153
0.370343, 0.483892
0.370593, 0.483631
0.370843, 0.483371
0.371093, 0.48311
0.371343, 0.48285
0.371593, 0.48259
0.371843, 0.482329
0.372093, 0.482069
0.372343, 0.481809
0.372593, 0.48155
0.372843, 0.48129
0.373093, 0.48103
0.373343, 0.480771
0.373593, 0.480511
0.373843, 0.480252
0.374094, 0.479993
0.374344, 0.479734
0.374594, 0.479475
0.374844, 0.479216
0.375094, 0.478957
0.375344, 0.478698
0.375594, 0.478439
0.375844, 0.478181
0.376094, 0.477922
0.376344, 0.477664
0.376594, 0.477406
0.376844, 0.477148
0.377094, 0.47689
0.377344, 0.476632
0.377594, 0.476374
0.377844, 0.476116
0.378095, 0.475859
0.378345, 0.475601
0.378595, 0.475344
0.378845, 0.475086
0.379095, 0.474829
0.379345, 0.474572
0.379595, 0.474315
0.379845, 0.474058
0.380095, 0.473801
0.380345, 0.473545
0.380595, 0.473288
0.380845, 0.473031
0.381095, 0.472775
0.381345, 0.472519
0.381595, 0.472262
0.381845, 0.472006
0.382096, 0.47175
0.382346, 0.471494
0.382596, 0.471239
0.382846, 0.470983
0.383096, 0.470727
0.383346, 0.470472
0.383596, 0.470216
0.383846, 0.469961
0.384096, 0.469706
0.384346, 0.469451
0.384596, 0.469196
0.384846, 0.468941
0.385096, 0.468686
0.385346, 0.468431
0.385596, 0.468177
0.385846, 0.467922
0.386097, 0.467668
0.386347, 0.467413
0.386597, 0.467159
0.386847, 0.466905
0.387097, 0.466651
0.387347, 0.466397
0.387597, 0.466143
0.387847, 0.46589
0.388097, 0.465636
0.388347, 0.465382
0.388597, 0.465129
0.388847, 0.464876
0.389097, 0.464623
0.389347, 0.464369
0.389597, 0.464116
0.389847, 0.463863
0.390098, 0.463611
0.390348, 0.463358
0.390598, 0.463105
0.390848, 0.462853
0.391098, 0.4626
0.391348, 0.462348
0.391598, 0.462096
0.391848, 0.461844
0.392098, 0.461592
0.392348, 0.46134
0.392598, 0.461088
0.392848, 0.460836
0.393098, 0.460585
0.393348, 0.460333
0.393598, 0.460082
0.393848, 0.45983
0.394099, 0.459579
0.394349, 0.459328
0.394599, 0.459077
0.394849, 0.458826
0.395099, 0.458575
0.395349, 0.458324
0.395599, 0.458074
0.395849, 0.457823
0.396099, 0.457573
0.396349, 0.457322
0.396599, 0.457072
0.396849, 0.456822
0.397099, 0.456572
0.397349, 0.456322
0.397599, 0.456072
0.397849, 0.455822
0.3981, 0.455573
0.39835, 0.455323
0.3986, 0.455074
0.39885, 0.454824
0.3991, 0.454575
0.39935, 0.454326
0.3996, 0.454077
0.39985, 0.453828
0.4001, 0.453579
0.40035, 0.45333
0.4006, 0.453082
0.40085, 0.452833
0.4011, 0.452585
0.40135, 0.452336
0.4016, 0.452088
0.40185, 0.45184
0.402101, 0.451592
0.402351, 0.451344
0.402601, 0.451096
0.402851, 0.450848
0.403101, 0.4506
0.403351, 0.450353
0.403601, 0.450105
0.403851, 0.449858
0.404101, 0.449611
0.404351, 0.449363
0.404601, 0.449116
0.404851, 0.448869
0.405101, 0.448622
0.405351, 0.448376
0.405601, 0.448129
0.405851, 0.447882
0.406102, 0.447636
0.406352, 0.447389
0.406602, 0.447143
0.406852, 0.446897
0.407102, 0.446651
0.407352, 0.446405
0.407602, 0.446159
0.407852, 0.445913
0.408102, 0.445667
0.408352, 0.445422
0.408602, 0.445176
0.408852, 0.444931
0.409102, 0.444685
0.409352, 0.44444
0.409602, 0.444195
0.409852, 0.44395
0.410103, 0.443705
0.410353, 0.44346
0.410603, 0.443215
0.410853, 0.442971
0.411103, 0.442726
0.411353, 0.442482
0.411603, 0.442237
0.411853, 0.441993
0.412103, 0.441749
0.412353, 0.441505
0.412603, 0.441261
0.412853, 0.441017
0.413103, 0.440773
0.413353, 0.44053
0.413603, 0.440286
0.413853, 0.440042
0.414104, 0.439799
0.414354, 0.439556
0.414604, 0.439313
0.414854, 0.439069
0.415104, 0.438826
0.415354, 0.438584
0.415604, 0.438341
0.415854, 0.438098
0.416104, 0.437855
0.416354, 0.437613
0.416604, 0.43737
0.416854, 0.437128
0.417104, 0.436886
0.417354, 0.436644
0.417604, 0.436402
0.417854, 0.43616
0.418105, 0.435918
0.418355, 0.435676
0.418605, 0.435435
0.418855, 0.435193
0.419105, 0.434952
0.419355, 0.43471
0.419605, 0.434469
0.419855, 0.434228
0.420105, 0.433987
0.420355, 0.433746
0.420605, 0.433505
0.420855, 0.433264
0.421105, 0.433023
0.421355, 0.432783
0.421605, 0.432542
0.421855, 0.432302
0.422106, 0.432062
0.422356, 0.431822
0.422606, 0.431581
0.422856, 0.431341
0.423106, 0.431101
0.423356, 0.430862
0.423606, 0.430622
0.423856, 0.430382
0.424106, 0.430143
0.424356, 0.429903
0.424606, 0.429664
0.424856, 0.429425
0.425106, 0.429186
0.425356, 0.428947
0.425606, 0.428708
0.425856, 0.428469
0.426107, 0.42823
0.426357, 0.427991
0.426607, 0.427753
0.426857, 0.427514
0.427107, 0.427276
0.427357, 0.427038
0.427607, 0.4268
0.427857, 0.426561
0.428107, 0.426323
0.428357, 0.426086
0.428607, 0.425848
0.428857, 0.42561
0.429107, 0.425372
0.429357, 0.425135
0.429607, 0.424898
0.429857, 0.42466
0.430108, 0.424423
0.430358, 0.424186
0.430608, 0.423949
0.430858, 0.423712
0.431108, 0.423475
0.431358, 0.423238
0.431608, 0.423002
0.431858, 0.422765
0.432108, 0.422529
0.432358, 0.422292
0.432608, 0.422056
0.432858, 0.42182
0.433108, 0.421584
0.433358, 0.421348
0.433608, 0.421112
0.433858, 0.420876
0.434109, 0.42064
0.434359, 0.420405
0.434609, 0.420169
0.434859, 0.419934
0.435109, 0.419699
0.435359, 0.419463
0.435609, 0.419228
0.435859, 0.418993
0.436109, 0.418758
0.436359, 0.418523
0.436609, 0.418289
0.436859, 0.418054
0.437109, 0.417819
0.437359, 0.417585
0.437609, 0.417351
0.437859, 0.417116
0.43811, 0.416882
0.43836, 0.416648
0.43861, 0.416414
0.43886, 0.41618
0.43911, 0.415946
0.43936, 0.415713
0.43961, 0.415479
0.43986, 0.415246
0.44011, 0.415012
0.44036, 0.414779
0.44061, 0.414546
0.44086, 0.414313
0.44111, 0.414079
0.44136, 0.413847
0.44161, 0.413614
0.44186, 0.413381
0.442111, 0.413148
0.442361, 0.412916
0.442611, 0.412683
0.442861, 0.412451
0.443111, 0.412219
0.443361, 0.411986
0.443611, 0.411754
0.443861, 0.411522
0.444111, 0.41129
0.444361, 0.411059
0.444611, 0.410827
0.444861, 0.410595
0.445111, 0.410364
0.445361, 0.410132
0.445611, 0.409901
0.445861, 0.40967
0.446112, 0.409439
0.446362, 0.409207
0.446612, 0.408977
0.446862, 0.408746
0.447112, 0.408515
0.447362, 0.408284
0.447612, 0.408054
0.447862, 0.407823
0.448112, 0.407593
0.448362, 0.407362
0.448612, 0.407132
0.448862, 0.406902
0.449112, 0.406672
0.449362, 0.406442
0.449612, 0.406212
0.449862, 0.405983
0.450113, 0.405753
0.450363, 0.405523
0.450613, 0.405294
0.450863, 0.405065
0.451113, 0.404835
0.451363, 0.404606
0.451613, 0.404377
0.451863, 0.404148
0.452113, 0.403919
0.452363, 0.40369
0.452613, 0.403462
0.452863, 0.403233
0.453113, 0.403004
0.453363, 0.402776
0.453613, 0.402548
0.453863, 0.402319
0.454114, 0.402091
0.454364, 0.401863
0.454614, 0.401635
0.454864, 0.401407
0.455114, 0.40118
0.455364, 0.400952
0.455614, 0.400724
0.455864, 0.400497
0.456114, 0.400269
0.456364, 0.400042
0.456614, 0.399815
0.456864, 0.399588
0.457114, 0.399361
0.457364, 0.399134
0.457614, 0.398907
0.457864, 0.39868
0.458115, 0.398454
0.458365, 0.398227
0.458615, 0.398001
0.458865, 0.397774
0.459115, 0.397548
0.459365, 0.397322
0.459615, 0.397096
0.459865, 0.39687
0.460115, 0.396644
0.460365, 0.396418
0.460615, 0.396192
0.460865, 0.395967
0.461115, 0.395741
0.461365, 0.395516
0.461615, 0.39529
0.461865, 0.395065
0.462116, 0.39484
0.462366, 0.394615
0.462616, 0.39439
0.462866, 0.394165
0.463116, 0.39394
0.463366, 0.393715
0.463616, 0.393491
0.463866, 0.393266
0.464116, 0.393042
0.464366, 0.392817
0.464616, 0.392593
0.464866, 0.392369
0.465116, 0.392145
0.465366, 0.391921
0.465616, 0.391697
0.465866, 0.391473
0.466117, 0.39125
0.466367, 0.391026
0.466617, 0.390803
0.466867, 0.390579
0.467117, 0.390356
0.467367, 0.390133
0.467617, 0.38991
0.467867, 0.389687
0.468117, 0.389464
0.468367, 0.389241
0.468617, 0.389018
0.468867, 0.388795
0.469117, 0.388573
0.469367, 0.38835
0.469617, 0.388128
0.469867, 0.387906
0.470118, 0.387683
0.470368, 0.387461
0.470618, 0.387239
0.470868, 0.387017
0.471118, 0.386795
0.471368, 0.386574
0.471618, 0.386352
0.471868, 0.38613
0.472118, 0.385909
0.472368, 0.385688
0.472618, 0.385466
0.472868, 0.385245
0.473118, 0.385024
0.473368, 0.384803
0.473618, 0.384582
0.473868, 0.384361
0.474119, 0.384141
0.474369, 0.38392
0.474619, 0.383699
0.474869, 0.383479
0.475119, 0.383259
0.475369, 0.383038
0.475619, 0.382818
0.475869, 0.382598
0.476119, 0.382378
0.476369, 0.382158
0.476619, 0.381938
0.476869, 0.381718
0.477119, 0.381499
0.477369, 0.381279
0.477619, 0.38106
0.477869, 0.38084
0.47812, 0.380621
0.47837, 0.380402
0.47862, 0.380183
0.47887, 0.379964
0.47912, 0.379745
0.47937, 0.379526
0.47962, 0.379308
0.47987, 0.379089
0.48012, 0.37887
0.48037, 0.378652
0.48062, 0.378434
0.48087, 0.378215
0.48112, 0.377997
0.48137, 0.377779
0.48162, 0.377561
0.48187, 0.377343
0.482121, 0.377125
0.482371, 0.376908
0.482621, 0.37669
0.482871, 0.376472
0.483121, 0.376255
0.483371, 0.376038
0.483621, 0.37582
0.483871, 0.375603
0.484121, 0.375386
0.484371, 0.375169
0.484621, 0.374952
0.484871, 0.374735
0.485121, 0.374519
0.485371, 0.374302
0.485621, 0.374086
0.485871, 0.373869
0.486122, 0.373653
0.486372, 0.373437
0.486622, 0.37322
0.486872, 0.373004
0.487122, 0.372788
0.487372, 0.372572
0.487622, 0.372357
0.487872, 0.372141
0.488122, 0.371925
0.488372, 0.37171
0.488622, 0.371494
0.488872, 0.371279
0.489122, 0.371064
0.489372, 0.370849
0.489622, 0.370633
0.489872, 0.370418
0.490123, 0.370204
0.490373, 0.369989
0.490623, 0.369774
0.490873, 0.369559
0.491123, 0.369345
0.491373, 0.36913
0.491623, 0.368916
0.491873, 0.368702
0.492123, 0.368488
0.492373, 0.368274
0.492623, 0.36806
0.492873, 0.367846
0.493123, 0.367632
0.493373, 0.367418
0.493623, 0.367204
0.493873, 0.366991
0.494124, 0.366777
0.494374, 0.366564
0.494624, 0.366351
0.494874, 0.366138
0.495124, 0.365925
0.495374, 0.365712
0.495624, 0.365499
0.495874, 0.365286
0.496124, 0.365073
0.496374, 0.36486
0.496624, 0.364648
0.496874, 0.364435
0.497124, 0.364223
0.497374, 0.364011
0.497624, 0.363799
0.497874, 0.363586
0.498125, 0.363374
0.498375, 0.363163
0.498625, 0.362951
0.498875, 0.362739
0.499125, 0.362527
0.499375, 0.362316
0.499625, 0.362104
0.499875, 0.361893
0.500125, 0.361682
0.500375, 0.36147
0.500625, 0.361259
0.500875, 0.361048
0.501125, 0.360837
0.501375, 0.360626
0.501625, 0.360416
0.501875, 0.360205
0.502126, 0.359994
0.502376, 0.359784
0.502626, 0.359574
0.502876, 0.359363
0.503126, 0.359153
0.503376, 0.358943
0.503626, 0.358733
0.503876, 0.358523
0.504126, 0.358313
0.504376, 0.358103
0.504626, 0.357894
0.504876, 0.357684
0.505126, 0.357475
0.505376, 0.357265
0.505626, 0.357056
0.505876, 0.356847
0.506127, 0.356637
0.506377, 0.356428
0.506627, 0.356219
0.506877, 0.356011
0.507127, 0.355802
0.507377, 0.355593
0.507627, 0.355384
0.507877, 0.355176
0.508127, 0.354967
0.508377, 0.354759
0.508627, 0.354551
0.508877, 0.354343
0.509127, 0.354135
0.509377, 0.353927
0.509627, 0.353719
0.509877, 0.353511
0.510128, 0.353303
0.510378, 0.353096
0.510628, 0.352888
0.510878, 0.352681
0.511128, 0.352473
0.511378, 0.352266
0.511628, 0.352059
0.511878, 0.351852
0.512128, 0.351645
0.512378, 0.351438
0.512628, 0.351231
0.512878, 0.351024
0.513128, 0.350818
0.513378, 0.350611
0.513628, 0.350405
0.513878, 0.350198
0.514129, 0.349992
0.514379, 0.349786
0.514629, 0.34958
0.514879, 0.349374
0.515129, 0.349168
0.515379, 0.348962
0.515629, 0.348756
0.515879, 0.34855
0.516129, 0.348345
0.516379, 0.348139
0.516629, 0.347934
0.516879, 0.347729
0.517129, 0.347523
0.517379, 0.347318
0.517629, 0.347113
0.517879, 0.346908
0.51813, 0.346703
0.51838, 0.346498
0.51863, 0.346294
0.51888, 0.346089
0.51913, 0.345885
0.51938, 0.34568
0.51963, 0.345476
0.51988, 0.345272
0.52013, 0.345067
0.52038, 0.344863
0.52063, 0.344659
0.52088, 0.344455
0.52113, 0.344252
0.52138, 0.344048
0.52163, 0.343844
0.52188, 0.343641
0.522131, 0.343437
0.522381, 0.343234
0.522631, 0.343031
0.522881, 0.342827
0.523131, 0.342624
0.523381, 0.342421
0.523631, 0.342218
0.523881, 0.342015
0.524131, 0.341813
0.524381, 0.34161
0.524631, 0.341407
0.524881, 0.341205
0.525131, 0.341003
0.525381, 0.3408
0.525631, 0.340598
0.525881, 0.340396
0.526132, 0.340194
0.526382, 0.339992
0.526632, 0.33979
0.526882, 0.339588
0.527132, 0.339386
0.527382, 0.339185
0.527632, 0.338983
0.527882, 0.338782
0.528132, 0.33858
0.528382, 0.338379
0.528632, 0.338178
0.528882, 0.337977
0.529132, 0.337776
0.529382, 0.337575
0.529632, 0.337374
0.529882, 0.337173
0.530133, 0.336973
0.530383, 0.336772
0.530633, 0.336572
0.530883, 0.336371
0.531133, 0.336171
0.531383, 0.335971
0.531633, 0.335771
0.531883, 0.335571
0.532133, 0.335371
0.532383, 0.335171
0.532633, 0.334971
0.532883, 0.334771
0.533133, 0.334572
0.533383, 0.334372
0.533633, 0.334173
0.533883, 0.333974
0.534134, 0.333774
0.534384, 0.333575
0.534634, 0.333376
0.534884, 0.333177
0.535134, 0.332978
0.535384, 0.332779
0.535634, 0.332581
0.535884, 0.332382
0.536134, 0.332183
0.536384, 0.331985
0.536634, 0.331787
0.536884, 0.331588
0.537134, 0.33139
0.537384, 0.331192
0.537634, 0.330994
0.537884, 0.330796
0.538135, 0.330598
0.538385, 0.3304
0.538635, 0.330203
0.538885, 0.330005
0.539135, 0.329808
0.539385, 0.32961
0.539635, 0.329413
0.539885, 0.329216
0.540135, 0.329018
0.540385, 0.328821
0.540635, 0.328624
0.540885, 0.328427
0.541135, 0.328231
0.541385, 0.328034
0.541635, 0.327837
0.541885, 0.327641
0.542136, 0.327444
0.542386, 0.327248
0.542636, 0.327052
0.542886, 0.326855
0.543136, 0.326659
0.543386, 0.326463
0.543636, 0.326267
0.543886, 0.326071
0.544136, 0.325876
0.544386, 0.32568
0.544636, 0.325484
0.544886, 0.325289
0.545136, 0.325093
0.545386, 0.324898
0.545636, 0.324703
0.545886, 0.324508
0.546137, 0.324313
0.546387, 0.324118
0.546637, 0.323923
0.546887, 0.323728
0.547137, 0.323533
0.547387, 0.323338
0.547637, 0.323144
0.547887, 0.322949
0.548137, 0.322755
0.548387, 0.322561
0.548637, 0.322366
0.548887, 0.322172
0.549137, 0.321978
0.549387, 0.321784
0.549637, 0.32159
0.549887, 0.321397
0.550138, 0.321203
0.550388, 0.321009
0.550638, 0.320816
0.550888, 0.320622
0.551138, 0.320429
0.551388, 0.320236
0.551638, 0.320043
0.551888, 0.31985
0.552138, 0.319656
0.552388, 0.319464
0.552638, 0.319271
0.552888, 0.319078
0.553138, 0.318885
0.553388, 0.318693
0.553638, 0.3185
0.553888, 0.318308
0.554139, 0.318116
0.554389, 0.317923
0.554639, 0.317731
0.554889, 0.317539
0.555139, 0.317347
0.555389, 0.317155
0.555639, 0.316963
0.555889, 0.316772
0.556139, 0.31658
0.556389, 0.316388
0.556639, 0.316197
0.556889, 0.316006
0.557139, 0.315814
0.557389, 0.315623
0.557639, 0.315432
0.557889, 0.315241
0.55814, 0.31505
0.55839, 0.314859
0.55864, 0.314668
0.55889, 0.314478
0.55914, 0.314287
0.55939, 0.314097
0.55964, 0.313906
0.55989, 0.313716
0.56014, 0.313526
0.56039, 0.313335
0.56064, 0.313145
0.56089, 0.312955
0.56114, 0.312765
0.56139, 0.312575
0.56164, 0.312386
0.56189, 0.312196
0.562141, 0.312007
0.562391, 0.311817
0.562641, 0.311628
0.562891, 0.311438
0.563141, 0.311249
0.563391, 0.31106
0.563641, 0.310871
0.563891, 0.310682
0.564141, 0.310493
0.564391, 0.310304
0.564641, 0.310115
0.564891, 0.309927
0.565141, 0.309738
0.565391, 0.30955
0.565641, 0.309361
0.565891, 0.309173
0.566142, 0.308985
0.566392, 0.308797
0.566642, 0.308609
0.566892, 0.308421
0.567142, 0.308233
0.567392, 0.308045
0.567642, 0.307857
0.567892, 0.30767
0.568142, 0.307482
0.568392, 0.307295
0.568642, 0.307107
0.568892, 0.30692
0.569142, 0.306733
0.569392, 0.306546
0.569642, 0.306359
0.569892, 0.306172
0.570143, 0.305985
0.570393, 0.305798
0.570643, 0.305612
0.570893, 0.305425
0.571143, 0.305238
0.571393, 0.305052
0.571643, 0.304866
0.571893, 0.304679
0.572143, 0.304493
0.572393, 0.304307
0.572643, 0.304121
0.572893, 0.303935
0.573143, 0.303749
0.573393, 0.303564
0.573643, 0.303378
0.573893, 0.303192
0.574144, 0.303007
0.574394, 0.302821
0.574644, 0.302636
0.574894, 0.302451
0.575144, 0.302266
0.575394, 0.302081
0.575644, 0.301896
0.575894, 0.301711
0.576144, 0.301526
0.576394, 0.301341
0.576644, 0.301157
0.576894, 0.300972
0.577144, 0.300787
0.577394, 0.300603
0.577644, 0.300419
0.577894, 0.300235
0.578145, 0.30005
0.578395, 0.299866
0.578645, 0.299682
0.578895, 0.299498
0.579145, 0.299315
0.579395, 0.299131
0.579645, 0.298947
0.579895, 0.298764
0.580145, 0.29858
0.580395, 0.298397
0.580645, 0.298214
0.580895, 0.29803
0.581145, 0.297847
0.581395, 0.297664
0.581645, 0.297481
0.581895, 0.297298
0.582146, 0.297116
0.582396, 0.296933
0.582646, 0.29675
0.582896, 0.296568
0.583146, 0.296385
0.583396, 0.296203
0.583646, 0.296021
0.583896, 0.295838
0.584146, 0.295656
0.584396, 0.295474
0.584646, 0.295292
0.584896, 0.29511
0.585146, 0.294929
0.585396, 0.294747
0.585646, 0.294565
0.585896, 0.294384
0.586147, 0.294202
0.586397, 0.294021
0.586647, 0.29384
0.586897, 0.293658
0.587147, 0.293477
0.587397, 0.293296
0.587647, 0.293115
0.587897, 0.292934
0.588147, 0.292754
0.588397, 0.292573
0.588647, 0.292392
0.588897, 0.292212
0.589147, 0.292031
0.589397, 0.291851
0.589647, 0.291671
0.589897, 0.291491
0.590148, 0.29131
0.590398, 0.29113
0.590648, 0.29095
0.590898, 0.290771
0.591148, 0.290591
0.591398, 0.290411
0.591648, 0.290232
0.591898, 0.290052
0.592148, 0.289873
0.592398, 0.289693
0.592648, 0.289514
0.592898, 0.289335
0.593148, 0.289156
0.593398, 0.288977
0.593648, 0.288798
0.593898, 0.288619
0.594149, 0.28844
0.594399, 0.288261
0.594649, 0.288083
0.594899, 0.287904
0.595149, 0.287726
0.595399, 0.287547
0.595649, 0.287369
0.595899, 0.287191
0.596149, 0.287013
0.596399, 0.286835
0.596649, 0.286657
0.596899, 0.286479
0.597149, 0.286301
0.597399, 0.286124
0.597649, 0.285946
0.597899, 0.285768
0.59815, 0.285591
0.5984, 0.285414
0.59865, 0.285236
0.5989, 0.285059
0.59915, 0.284882
0.5994, 0.284705
0.59965, 0.284528
0.5999, 0.284351
0.60015, 0.284175
0.6004, 0.283998
0.60065, 0.283821
0.6009, 0.283645
0.60115, 0.283468
0.6014, 0.283292
0.60165, 0.283116
0.6019, 0.282939
0.602151, 0.282763
0.602401, 0.282587
0.602651, 0.282411
0.602901, 0.282235
0.603151, 0.28206
0.603401, 0.281884
0.603651, 0.281708
0.603901, 0.281533
0.604151, 0.281357
0.604401, 0.281182
0.604651, 0.281007
0.604901, 0.280832
0.605151, 0.280656
0.605401, 0.280481
0.605651, 0.280306
0.605901, 0.280132
0.606152, 0.279957
0.606402, 0.279782
0.606652, 0.279607
0.606902, 0.279433
0.607152, 0.279259
0.607402, 0.279084
0.607652, 0.27891
0.607902, 0.278736
0.608152, 0.278562
0.608402, 0.278387
0.608652, 0.278214
0.608902, 0.27804
0.609152, 0.277866
0.609402, 0.277692
0.609652, 0.277519
0.609902, 0.277345
0.610153, 0.277172
0.610403, 0.276998
0.610653, 0.276825
0.610903, 0.276652
0.611153, 0.276478
0.611403, 0.276305
0.611653, 0.276132
0.611903, 0.27596
0.612153, 0.275787
0.612403, 0.275614
0.612653, 0.275441
0.612903, 0.275269
0.613153, 0.275096
0.613403, 0.274924
0.613653, 0.274752
0.613903, 0.274579
0.614154, 0.274407
0.614404, 0.274235
0.614654, 0.274063
0.614904, 0.273891
0.615154, 0.27372
0.615404, 0.273548
0.615654, 0.273376
0.615904, 0.273205
0.616154, 0.273033
0.616404, 0.272862
0.616654, 0.27269
0.616904, 0.272519
0.617154, 0.272348
0.617404, 0.272177
0.617654, 0.272006
0.617904, 0.271835
0.618155, 0.271664
0.618405, 0.271493
0.618655, 0.271323
0.618905, 0.271152
0.619155, 0.270982
0.619405, 0.270811
0.619655, 0.270641
0.619905, 0.270471
0.620155, 0.270301
0.620405, 0.27013
0.620655, 0.26996
0.620905, 0.26979
0.621155, 0.269621
0.621405, 0.269451
0.621655, 0.269281
0.621905, 0.269112
0.622156, 0.268942
0.622406, 0.268773
0.622656, 0.268603
0.622906, 0.268434
0.623156, 0.268265
0.623406, 0.268096
0.623656, 0.267927
0.623906, 0.267758
0.624156, 0.267589
0.624406, 0.26742
0.624656, 0.267251
0.624906, 0.267083
0.625156, 0.266914
0.625406, 0.266746
0.625656, 0.266577
0.625906, 0.266409
0.626157, 0.266241
0.626407, 0.266073
0.626657, 0.265905
0.626907, 0.265737
0.627157, 0.265569
0.627407, 0.265401
0.627657, 0.265233
0.627907, 0.265066
0.628157, 0.264898
0.628407, 0.264731
0.628657, 0.264563
0.628907, 0.264396
0.629157, 0.264229
0.629407, 0.264062
0.629657, 0.263895
0.629907, 0.263728
0.630158, 0.263561
0.630408, 0.263394
0.630658, 0.263227
0.630908, 0.26306
0.631158, 0.262894
0.631408, 0.262727
0.631658, 0.262561
0.631908, 0.262395
0.632158, 0.262228
0.632408, 0.262062
0.632658, 0.261896
0.632908, 0.26173
0.633158, 0.261564
0.633408, 0.261398
0.633658, 0.261232
0.633908, 0.261067
0.634159, 0.260901
0.634409, 0.260736
0.634659, 0.26057
0.634909, 0.260405
0.635159, 0.26024
0.635409, 0.260074
0.635659, 0.259909
0.635909, 0.259744
0.636159, 0.259579
0.636409, 0.259414
0.636659, 0.25925
0.636909, 0.259085
0.637159, 0.25892
0.637409, 0.258756
0.637659, 0.258591
0.637909, 0.258427
0.63816, 0.258262
0.63841, 0.258098
0.63866, 0.257934
0.63891, 0.25777
0.63916, 0.257606
0.63941, 0.257442
0.63966, 0.257278
0.63991, 0.257115
0.64016, 0.256951
0.64041, 0.256787
0.64066, 0.256624
0.64091, 0.25646
0.64116, 0.256297
0.64141, 0.256134
0.64166, 0.255971
0.64191, 0.255808
0.642161, 0.255645
0.642411, 0.255482
0.642661, 0.255319
0.642911, 0.255156
0.643161, 0.254993
0.643411, 0.254831
0.643661, 0.254668
0.643911, 0.254506
0.644161, 0.254343
0.644411, 0.254181
0.644661, 0.254019
0.644911, 0.253857
0.645161, 0.253695
0.645411, 0.253533
0.645661, 0.253371
0.645911, 0.253209
0.646162, 0.253047
0.646412, 0.252886
0.646662, 0.252724
0.646912, 0.252563
0.647162, 0.252401
0.647412, 0.25224
0.647662, 0.252079
0.647912, 0.251917
0.648162, 0.251756
0.648412, 0.251595
0.648662, 0.251434
0.648912, 0.251274
0.649162, 0.251113
0.649412, 0.250952
0.649662, 0.250792
0.649912, 0.250631
0.650163, 0.250471
0.650413, 0.25031
0.650663, 0.25015
0.650913, 0.24999
0.651163, 0.24983
0.651413, 0.24967
0.651663, 0.24951
0.651913, 0.24935
0.652163, 0.24919
0.652413, 0.24903
0.652663, 0.248871
0.652913, 0.248711
0.653163, 0.248552
0.653413, 0.248392
0.653663, 0.248233
0.653913, 0.248074
0.654164, 0.247915
0.654414, 0.247755
0.654664, 0.247596
0.654914, 0.247438
0.655164, 0.247279
0.655414, 0.24712
0.655664, 0.246961
0.655914, 0.246803
0.656164, 0.246644
0.656414, 0.246486
0.656664, 0.246327
0.656914, 0.246169
0.657164, 0.246011
0.657414, 0.245853
0.657664, 0.245695
0.657914, 0.245537
0.658165, 0.245379
0.658415, 0.245221
0.658665, 0.245063
0.658915, 0.244906
0.659165, 0.244748
0.659415, 0.244591
0.659665, 0.244433
0.659915, 0.244276
0.660165, 0.244119
0.660415, 0.243962
0.660665, 0.243805
0.660915, 0.243648
0.661165, 0.243491
0.661415, 0.243334
0.661665, 0.243177
0.661915, 0.24302
0.662166, 0.242864
0.662416, 0.242707
0.662666, 0.242551
0.662916, 0.242395
0.663166, 0.242238
0.663416, 0.242082
0.663666, 0.241926
0.663916, 0.24177
0.664166, 0.241614
0.664416, 0.241458
0.664666, 0.241302
0.664916, 0.241147
0.665166, 0.240991
0.665416, 0.240835
0.665666, 0.24068
0.665916, 0.240524
0.666167, 0.240369
0.666417, 0.240214
0.666667, 0.240059
0.666917, 0.239904
0.667167, 0.239749
0.667417, 0.239594
0.667667, 0.239439
0.667917, 0.239284
0.668167, 0.239129
0.668417, 0.238975
0.668667, 0.23882
0.668917, 0.238666
0.669167, 0.238511
0.669417, 0.238357
0.669667, 0.238203
0.669917, 0.238049
0.670168, 0.237895
0.670418, 0.237741
0.670668, 0.237587
0.670918, 0.237433
0.671168, 0.237279
0.671418, 0.237126
0.671668, 0.236972
0.671918, 0.236819
0.672168, 0.236665
0.672418, 0.236512
0.672668, 0.236359
0.672918, 0.236205
0.673168, 0.236052
0.673418, 0.235899
0.673668, 0.235746
0.673918, 0.235594
0.674169, 0.235441
0.674419, 0.235288
0.674669, 0.235135
0.674919, 0.234983
0.675169, 0.23483
0.675419, 0.234678
0.675669, 0.234526
0.675919, 0.234373
0.676169, 0.234221
0.676419, 0.234069
0.676669, 0.233917
0.676919, 0.233765
0.677169, 0.233614
0.677419, 0.233462
0.677669, 0.23331
0.677919, 0.233158
0.67817, 0.233007
0.67842, 0.232856
0.67867, 0.232704
0.67892, 0.232553
0.67917, 0.232402
0.67942, 0.232251
0.67967, 0.232099
0.67992, 0.231949
0.68017, 0.231798
0.68042, 0.231647
0.68067, 0.231496
0.68092, 0.231345
0.68117, 0.231195
0.68142, 0.231044
0.68167, 0.230894
0.68192, 0.230744
0.682171, 0.230593
0.682421, 0.230443
0.682671, 0.230293
0.682921, 0.230143
0.683171, 0.229993
0.683421, 0.229843
0.683671, 0.229693
0.683921, 0.229544
0.684171, 0.229394
0.684421, 0.229245
0.684671, 0.229095
0.684921, 0.228946
0.685171, 0.228796
0.685421, 0.228647
0.685671, 0.228498
0.685921, 0.228349
0.686172, 0.2282
0.686422, 0.228051
0.686672, 0.227902
0.686922, 0.227753
0.687172, 0.227605
0.687422, 0.227456
0.687672, 0.227308
0.687922, 0.227159
0.688172, 0.227011
0.688422, 0.226863
0.688672, 0.226714
0.688922, 0.226566
0.689172, 0.226418
0.689422, 0.22627
0.689672, 0.226122
0.689922, 0.225974
0.690173, 0.225827
0.690423, 0.225679
0.690673, 0.225531
0.690923, 0.225384
0.691173, 0.225236
0.691423, 0.225089
0.691673, 0.224942
0.691923, 0.224795
0.692173, 0.224648
0.692423, 0.2245
0.692673, 0.224354
0.692923, 0.224207
0.693173, 0.22406
0.693423, 0.223913
0.693673, 0.223766
0.693923, 0.22362
0.694174, 0.223473
0.694424, 0.223327
0.694674, 0.223181
0.694924, 0.223034
0.695174, 0.222888
0.695424, 0.222742
0.695674, 0.222596
0.695924, 0.22245
0.696174, 0.222304
0.696424, 0.222159
0.696674, 0.222013
0.696924, 0.221867
0.697174, 0.221722
0.697424, 0.221576
0.697674, 0.221431
0.697924, 0.221285
0.698175, 0.22114
0.698425, 0.220995
0.698675, 0.22085
0.698925, 0.220705
0.699175, 0.22056
0.699425, 0.220415
0.699675, 0.22027
0.699925, 0.220126
0.700175, 0.219981
0.700425, 0.219837
0.700675, 0.219692
0.700925, 0.219548
0.701175, 0.219403
0.701425, 0.219259
0.701675, 0.219115
0.701925, 0.218971
0.702176, 0.218827
0.702426, 0.218683
0.702676, 0.218539
0.702926, 0.218395
0.703176, 0.218252
0.703426, 0.218108
0.703676, 0.217965
0.703926, 0.217821
0.704176, 0.217678
0.704426, 0.217534
0.704676, 0.217391
0.704926, 0.217248
0.705176, 0.217105
0.705426, 0.216962
0.705676, 0.216819
0.705926, 0.216676
0.706177, 0.216534
0.706427, 0.216391
0.706677, 0.216248
0.706927, 0.216106
0.707177, 0.215963
0.707427, 0.215821
0.707677, 0.215679
0.707927, 0.215537
0.708177, 0.215394
0.708427, 0.215252
0.708677, 0.21511
0.708927, 0.214968
0.709177, 0.214827
0.709427, 0.214685
0.709677, 0.214543
0.709927, 0.214402
0.710178, 0.21426
0.710428, 0.214119
0.710678, 0.213977
0.710928, 0.213836
0.711178, 0.213695
0.711428, 0.213554
0.711678, 0.213413
0.711928, 0.213272
0.712178, 0.213131
0.712428, 0.21299
0.712678, 0.212849
0.712928, 0.212709
0.713178, 0.212568
0.713428, 0.212428
0.713678, 0.212287
0.713928, 0.212147
0.714179, 0.212007
0.714429, 0.211866
0.714679, 0.211726
0.714929, 0.211586
0.715179, 0.211446
0.715429, 0.211306
0.715679, 0.211167
0.715929, 0.211027
0.716179, 0.210887
0.716429, 0.210748
0.716679, 0.210608
0.716929, 0.210469
0.717179, 0.210329
0.717429, 0.21019
0.717679, 0.210051
0.717929, 0.209912
0.71818, 0.209773
0.71843, 0.209634
0.71868, 0.209495
0.71893, 0.209356
0.71918, 0.209217
0.71943, 0.209079
0.71968, 0.20894
0.71993, 0.208802
0.72018, 0.208663
0.72043, 0.208525
0.72068, 0.208387
0.72093, 0.208248
0.72118, 0.20811
0.72143, 0.207972
0.72168, 0.207834
0.72193, 0.207696
0.722181, 0.207559
0.722431, 0.207421
0.722681, 0.207283
0.722931, 0.207146
0.723181, 0.207008
0.723431, 0.206871
0.723681, 0.206733
0.723931, 0.206596
0.724181, 0.206459
0.724431, 0.206322
0.724681, 0.206185
0.724931, 0.206048
0.725181, 0.205911
0.725431, 0.205774
0.725681, 0.205637
0.725931, 0.205501
0.726182, 0.205364
0.726432, 0.205228
0.726682, 0.205091
0.726932, 0.204955
0.727182, 0.204819
0.727432, 0.204683
0.727682, 0.204546
0.727932, 0.20441
0.728182, 0.204274
0.728432, 0.204139
0.728682, 0.204003
0.728932, 0.203867
0.729182, 0.203731
0.729432, 0.203596
0.729682, 0.20346
0.729932, 0.203325
0.730183, 0.203189
0.730433, 0.203054
0.730683, 0.202919
0.730933, 0.202784
0.731183, 0.202649
0.731433, 0.202514
0.731683, 0.202379
0.731933, 0.202244
0.732183, 0.202109
0.732433, 0.201975
0.732683, 0.20184
0.732933, 0.201706
0.733183, 0.201571
0.733433, 0.201437
0.733683, 0.201303
0.733933, 0.201168
0.734184, 0.201034
0.734434, 0.2009
0.734684, 0.200766
0.734934, 0.200632
0.735184, 0.200499
0.735434, 0.200365
0.735684, 0.200231
0.735934, 0.200098
0.736184, 0.199964
0.736434, 0.199831
0.736684, 0.199697
0.736934, 0.199564
0.737184, 0.199431
0.737434, 0.199298
0.737684, 0.199165
0.737934, 0.199032
0.738185, 0.198899
0.738435, 0.198766
0.738685, 0.198633
0.738935, 0.198501
0.739185, 0.198368
0.739435, 0.198235
0.739685, 0.198103
0.739935, 0.197971
0.740185, 0.197838
0.740435, 0.197706
0.740685, 0.197574
0.740935, 0.197442
0.741185, 0.19731
0.741435, 0.197178
0.741685, 0.197046
0.741935, 0.196914
0.742186, 0.196783
0.742436, 0.196651
0.742686, 0.19652
0.742936, 0.196388
0.743186, 0.196257
0.743436, 0.196126
0.743686, 0.195994
0.743936, 0.195863
0.744186, 0.195732
0.744436, 0.195601
0.744686, 0.19547
0.744936, 0.195339
0.745186, 0.195209
0.745436, 0.195078
0.745686, 0.194947
0.745936, 0.194817
0.746187, 0.194686
0.746437, 0.194556
0.746687, 0.194426
0.746937, 0.194295
0.747187, 0.194165
0.747437, 0.194035
0.747687, 0.193905
0.747937, 0.193775
0.748187, 0.193645
0.748437, 0.193516
0.748687, 0.193386
0.748937, 0.193256
0.749187, 0.193127
0.749437, 0.192997
0.749687, 0.192868
0.749937, 0.192738
0.750188, 0.192609
0.750438, 0.19248
0.750688, 0.192351
0.750938, 0.192222
0.751188, 0.192093
0.751438, 0.191964
0.751688, 0.191835
0.751938, 0.191707
0.752188, 0.191578
0.752438, 0.191449
0.752688, 0.191321
0.752938, 0.191192
0.753188, 0.191064
0.753438, 0.190936
0.753688, 0.190808
0.753938, 0.19068
0.754189, 0.190552
0.754439, 0.190424
0.754689, 0.190296
0.754939, 0.190168
0.755189, 0.19004
0.755439, 0.189913
0.755689, 0.189785
0.755939, 0.189657
0.756189, 0.18953
0.756439, 0.189403
0.756689, 0.189275
0.756939, 0.189148
0.757189, 0.189021
0.757439, 0.188894
0.757689, 0.188767
0.757939, 0.18864
0.75819, 0.188513
0.75844, 0.188387
0.75869, 0.18826
0.75894, 0.188133
0.75919, 0.188007
0.75944, 0.18788
0.75969, 0.187754
0.75994, 0.187628
0.76019, 0.187501
0.76044, 0.187375
0.76069, 0.187249
0.76094, 0.187123
0.76119, 0.186997
0.76144, 0.186871
0.76169, 0.186746
0.76194, 0.18662
0.762191, 0.186494
0.762441, 0.186369
0.762691, 0.186243
0.762941, 0.186118
0.763191, 0.185993
0.763441, 0.185867
0.763691, 0.185742
0.763941, 0.185617
0.764191, 0.185492
0.764441, 0.185367
0.764691, 0.185242
0.764941, 0.185117
0.765191, 0.184993
0.765441, 0.184868
0.765691, 0.184744
0.765941, 0.184619
0.766192, 0.184495
0.766442, 0.18437
0.766692, 0.184246
0.766942, 0.184122
0.767192, 0.183998
0.767442, 0.183874
0.767692, 0.18375
0.767942, 0.183626
0.768192, 0.183502
0.768442, 0.183378
0.768692, 0.183255
0.768942, 0.183131
0.769192, 0.183007
0.769442, 0.182884
0.769692, 0.182761
0.769942, 0.182637
0.770193, 0.182514
0.770443, 0.182391
0.770693, 0.182268
0.770943, 0.182145
0.771193, 0.182022
0.771443, 0.181899
0.771693, 0.181776
0.771943, 0.181654
0.772193, 0.181531
0.772443, 0.181409
0.772693, 0.181286
0.772943, 0.181164
0.773193, 0.181041
0.773443, 0.180919
0.773693, 0.180797
0.773943, 0.180675
0.774194, 0.180553
0.774444, 0.180431
0.774694, 0.180309
0.774944, 0.180187
0.775194, 0.180066
0.775444, 0.179944
0.775694, 0.179822
0.775944, 0.179701
0.776194, 0.17958
0.776444, 0.179458
0.776694, 0.179337
0.776944, 0.179216
0.777194, 0.179095
0.777444, 0.178974
0.777694, 0.178853
0.777944, 0.178732
0.778195, 0.178611
0.778445, 0.17849
0.778695, 0.17837
0.778945, 0.178249
0.779195, 0.178128
0.779445, 0.178008
0.779695, 0.177888
0.779945, 0.177767
0.780195, 0.177647
0.780445, 0.177527
0.780695, 0.177407
0.780945, 0.177287
0.781195, 0.177167
0.781445, 0.177047
0.781695, 0.176927
0.781945, 0.176808
0.782196, 0.176688
0.782446, 0.176568
0.782696, 0.176449
0.782946, 0.17633
0.783196, 0.17621
0.783446, 0.176091
0.783696, 0.175972
0.783946, 0.175853
0.784196, 0.175734
0.784446, 0.175615
0.784696, 0.175496
0.784946, 0.175377
0.785196, 0.175258
0.785446, 0.17514
0.785696, 0.175021
0.785946, 0.174903
0.786197, 0.174784
0.786447, 0.174666
0.786697, 0.174548
0.786947, 0.174429
0.787197, 0.174311
0.787447, 0.174193
0.787697, 0.174075
0.787947, 0.173957
0.788197, 0.173839
0.788447, 0.173722
0.788697, 0.173604
0.788947, 0.173486
0.789197, 0.173369
0.789447, 0.173251
0.789697, 0.173134
0.789947, 0.173017
0.790198, 0.172899
0.790448, 0.172782
0.790698, 0.172665
0.790948, 0.172548
0.791198, 0.172431
0.791448, 0.172314
0.791698, 0.172198
0.791948, 0.172081
0.792198, 0.171964
0.792448, 0.171848
0.792698, 0.171731
0.792948, 0.171615
0.793198, 0.171498
0.793448, 0.171382
0.793698, 0.171266
0.793948, 0.17115
0.794199, 0.171034
0.794449, 0.170918
0.794699, 0.170802
0.794949, 0.170686
0.795199, 0.17057
0.795449, 0.170455
0.795699, 0.170339
0.795949, 0.170224
0.796199, 0.170108
0.796449, 0.169993
0.796699, 0.169877
0.796949, 0.169762
0.797199, 0.169647
0.797449, 0.169532
0.797699, 0.169417
0.797949, 0.169302
0.7982, 0.169187
0.79845, 0.169072
0.7987, 0.168958
0.79895, 0.168843
0.7992, 0.168728
0.79945, 0.168614
0.7997, 0.168499
0.79995, 0.168385
0.8002, 0.168271
0.80045, 0.168157
0.8007, 0.168043
0.80095, 0.167928
0.8012, 0.167814
0.80145, 0.167701
0.8017, 0.167587
0.80195, 0.167473
0.802201, 0.167359
0.802451, 0.167246
0.802701, 0.167132
0.802951, 0.167019
0.803201, 0.166905
0.803451, 0.166792
0.803701, 0.166679
0.803951, 0.166566
0.804201, 0.166453
0.804451, 0.16634
0.804701, 0.166227
0.804951, 0.166114
0.805201, 0.166001
0.805451, 0.165888
0.805701, 0.165776
0.805951, 0.165663
0.806202, 0.165551
0.806452, 0.165438
0.806702, 0.165326
0.806952, 0.165213
0.807202, 0.165101
0.807452, 0.164989
0.807702, 0.164877
0.807952, 0.164765
0.808202, 0.164653
0.808452, 0.164541
0.808702, 0.16443
0.808952, 0.164318
0.809202, 0.164206
0.809452, 0.164095
0.809702, 0.163983
0.809952, 0.163872
0.810203, 0.163761
0.810453, 0.163649
0.810703, 0.163538
0.810953, 0.163427
0.811203, 0.163316
0.811453, 0.163205
0.811703, 0.163094
0.811953, 0.162983
0.812203, 0.162873
0.812453, 0.162762
0.812703, 0.162651
0.812953, 0.162541
0.813203, 0.16243
0.813453, 0.16232
0.813703, 0.16221
0.813953, 0.1621
0.814204, 0.161989
0.814454, 0.161879
0.814704, 0.161769
0.814954, 0.16166
0.815204, 0.16155
0.815454, 0.16144
0.815704, 0.16133
0.815954, 0.161221
0.816204, 0.161111
0.816454, 0.161002
0.816704, 0.160892
0.816954, 0.160783
0.817204, 0.160674
0.817454, 0.160564
0.817704, 0.160455
0.817954, 0.160346
0.818205, 0.160237
0.818455, 0.160128
0.818705, 0.16002
0.818955, 0.159911
0.819205, 0.159802
0.819455, 0.159694
0.819705, 0.159585
0.819955, 0.159477
0.820205, 0.159368
0.820455, 0.15926
0.820705, 0.159152
0.820955, 0.159043
0.821205, 0.158935
0.821455, 0.158827
0.821705, 0.158719
0.821955, 0.158612
0.822206, 0.158504
0.822456, 0.158396
0.822706, 0.158288
0.822956, 0.158181
0.823206, 0.158073
0.823456, 0.157966
0.823706, 0.157859
0.823956, 0.157751
0.824206, 0.157644
0.824456, 0.157537
0.824706, 0.15743
0.824956, 0.157323
0.825206, 0.157216
0.825456, 0.157109
0.825706, 0.157002
0.825956, 0.156896
0.826207, 0.156789
0.826457, 0.156683
0.826707, 0.156576
0.826957, 0.15647
0.827207, 0.156363
0.827457, 0.156257
0.827707, 0.156151
0.827957, 0.156045
0.828207, 0.155939
0.828457, 0.155833
0.828707, 0.155727
0.828957, 0.155621
0.829207, 0.155515
0.829457, 0.15541
0.829707, 0.155304
0.829957, 0.155199
0.830208, 0.155093
0.830458, 0.154988
0.830708, 0.154882
0.830958, 0.154777
0.831208, 0.154672
0.831458, 0.154567
0.831708, 0.154462
0.831958, 0.154357
0.832208, 0.154252
0.832458, 0.154147
0.832708, 0.154043
0.832958, 0.153938
0.833208, 0.153833
0.833458, 0.153729
0.833708, 0.153624
0.833958, 0.15352
0.834209, 0.153416
0.834459, 0.153312
0.834709, 0.153207
0.834959, 0.153103
0.835209, 0.152999
0.835459, 0.152895
0.835709, 0.152792
0.835959, 0.152688
0.836209, 0.152584
0.836459, 0.152481
0.836709, 0.152377
0.836959, 0.152273
0.837209, 0.15217
0.837459, 0.152067
0.837709, 0.151963
0.837959, 0.15186
0.83821, 0.151757
0.83846, 0.151654
0.83871, 0.151551
0.83896, 0.151448
0.83921, 0.151345
0.83946, 0.151243
0.83971, 0.15114
0.83996, 0.151037
0.84021, 0.150935
0.84046, 0.150832
0.84071, 0.15073
0.84096, 0.150628
0.84121, 0.150525
0.84146, 0.150423
0.84171, 0.150321
0.84196, 0.150219
0.842211, 0.150117
0.842461, 0.150015
0.842711, 0.149913
0.842961, 0.149812
0.843211, 0.14971
0.843461, 0.149608
0.843711, 0.149507
0.843961, 0.149406
0.844211, 0.149304
0.844461, 0.149203
0.844711, 0.149102
0.844961, 0.149
0.845211, 0.148899
0.845461, 0.148798
0.845711, 0.148697
0.845961, 0.148597
0.846212, 0.148496
0.846462, 0.148395
0.846712, 0.148294
0.846962, 0.148194
0.847212, 0.148093
0.847462, 0.147993
0.847712, 0.147893
0.847962, 0.147792
0.848212, 0.147692
0.848462, 0.147592
0.848712, 0.147492
0.848962, 0.147392
0.849212, 0.147292
0.849462, 0.147192
0.849712, 0.147092
0.849962, 0.146993
0.850213, 0.146893
0.850463, 0.146793
0.850713, 0.146694
0.850963, 0.146594
0.851213, 0.146495
0.851463, 0.146396
0.851713, 0.146297
0.851963, 0.146198
0.852213, 0.146098
0.852463, 0.146
0.852713, 0.145901
0.852963, 0.145802
0.853213, 0.145703
0.853463, 0.145604
0.853713, 0.145506
0.853963, 0.145407
0.854214, 0.145309
0.854464, 0.14521
0.854714, 0.145112
0.854964, 0.145014
0.855214, 0.144915
0.855464, 0.144817
0.855714, 0.144719
0.855964, 0.144621
0.856214, 0.144523
0.856464, 0.144426
0.856714, 0.144328
0.856964, 0.14423
0.857214, 0.144133
0.857464, 0.144035
0.857714, 0.143938
0.857964, 0.14384
0.858215, 0.143743
0.858465, 0.143646
0.858715, 0.143548
0.858965, 0.143451
0.859215, 0.143354
0.859465, 0.143257
0.859715, 0.14316
0.859965, 0.143064
0.860215, 0.142967
0.860465, 0.14287
0.860715, 0.142774
0.860965, 0.142677
0.861215, 0.142581
0.861465, 0.142484
0.861715, 0.142388
0.861965, 0.142292
0.862216, 0.142196
0.862466, 0.1421
0.862716, 0.142003
0.862966, 0.141908
0.863216, 0.141812
0.863466, 0.141716
0.863716, 0.14162
0.863966, 0.141524
0.864216, 0.141429
0.864466, 0.141333
0.864716, 0.141238
0.864966, 0.141143
0.865216, 0.141047
0.865466, 0.140952
0.865716, 0.140857
0.865966, 0.140762
0.866217, 0.140667
0.866467, 0.140572
0.866717, 0.140477
0.866967, 0.140382
0.867217, 0.140287
0.867467, 0.140193
0.867717, 0.140098
0.867967, 0.140004
0.868217, 0.139909
0.868467, 0.139815
0.868717, 0.139721
0.868967, 0.139626
0.869217, 0.139532
0.869467, 0.139438
0.869717, 0.139344
0.869967, 0.13925
0.870218, 0.139156
0.870468, 0.139063
0.870718, 0.138969
0.870968, 0.138875
0.871218, 0.138782
0.871468, 0.138688
0.871718, 0.138595
0.871968, 0.138501
0.872218, 0.138408
0.872468, 0.138315
0.872718, 0.138222
0.872968, 0.138129
0.873218, 0.138036
0.873468, 0.137943
0.873718, 0.13785
0.873968, 0.137757
0.874219, 0.137664
0.874469, 0.137572
0.874719, 0.137479
0.874969, 0.137387
0.875219, 0.137294
0.875469, 0.137202
0.875719, 0.13711
0.875969, 0.137017
0.876219, 0.136925
0.876469, 0.136833
0.876719, 0.136741
0.876969, 0.136649
0.877219, 0.136557
0.877469, 0.136466
0.877719, 0.136374
0.877969, 0.136282
0.87822, 0.136191
0.87847, 0.136099
0.87872, 0.136008
0.87897, 0.135916
0.87922, 0.135825
0.87947, 0.135734
0.87972, 0.135643
0.87997, 0.135552
0.88022, 0.135461
0.88047, 0.13537
0.88072, 0.135279
0.88097, 0.135188
0.88122, 0.135098
0.88147, 0.135007
0.88172, 0.134916
0.88197, 0.134826
0.882221, 0.134735
0.882471, 0.134645
0.882721, 0.134555
0.882971, 0.134465
0.883221, 0.134374
0.883471, 0.134284
0.883721, 0.134194
0.883971, 0.134104
0.884221, 0.134015
0.884471, 0.133925
0.884721, 0.133835
0.884971, 0.133746
0.885221, 0.133656
0.885471, 0.133566
0.885721, 0.133477
0.885971, 0.133388
0.886222, 0.133298
0.886472, 0.133209
0.886722, 0.13312
0.886972, 0.133031
0.887222, 0.132942
0.887472, 0.132853
0.887722, 0.132764
0.887972, 0.132676
0.888222, 0.132587
0.888472, 0.132498
0.888722, 0.13241
0.888972, 0.132321
0.889222, 0.132233
0.889472, 0.132144
0.889722, 0.132056
0.889972, 0.131968
0.890223, 0.13188
0.890473, 0.131792
0.890723, 0.131704
0.890973, 0.131616
0.891223, 0.131528
0.891473, 0.13144
0.891723, 0.131352
0.891973, 0.131265
0.892223, 0.131177
0.892473, 0.13109
0.892723, 0.131002
0.892973, 0.130915
0.893223, 0.130828
0.893473, 0.130741
0.893723, 0.130653
0.893973, 0.130566
0.894224, 0.130479
0.894474, 0.130392
0.894724, 0.130306
0.894974, 0.130219
0.895224, 0.130132
0.895474, 0.130045
0.895724, 0.129959
0.895974, 0.129872
0.896224, 0.129786
0.896474, 0.1297
0.896724, 0.129613
0.896974, 0.129527
0.897224, 0.129441
0.897474, 0.129355
0.897724, 0.129269
0.897974, 0.129183
0.898225, 0.129097
0.898475, 0.129011
0.898725, 0.128926
0.898975, 0.12884
0.899225, 0.128754
0.899475, 0.128669
0.899725, 0.128584
0.899975, 0.128498
0.900225, 0.128413
0.900475, 0.128328
0.900725, 0.128243
0.900975, 0.128157
0.901225, 0.128072
0.901475, 0.127988
0.901725, 0.127903
0.901975, 0.127818
0.902226, 0.127733
0.902476, 0.127649
0.902726, 0.127564
0.902976, 0.127479
0.903226, 0.127395
0.903476, 0.127311
0.903726, 0.127226
0.903976, 0.127142
0.904226, 0.127058
0.904476, 0.126974
0.904726, 0.12689
0.904976, 0.126806
0.905226, 0.126722
0.905476, 0.126638
0.905726, 0.126555
0.905976, 0.126471
0.906227, 0.126387
0.906477, 0.126304
0.906727, 0.12622
0.906977, 0.126137
0.907227, 0.126054
0.907477, 0.125971
0.907727, 0.125887
0.907977, 0.125804
0.908227, 0.125721
0.908477, 0.125638
0.908727, 0.125555
0.908977, 0.125473
0.909227, 0.12539
0.909477, 0.125307
0.909727, 0.125225
0.909977, 0.125142
0.910228, 0.12506
0.910478, 0.124977
0.910728, 0.124895
0.910978, 0.124813
0.911228, 0.124731
0.911478, 0.124649
0.911728, 0.124567
0.911978, 0.124485
0.912228, 0.124403
0.912478, 0.124321
0.912728, 0.124239
0.912978, 0.124158
0.913228, 0.124076
0.913478, 0.123994
0.913728, 0.123913
0.913978, 0.123832
0.914229, 0.12375
0.914479, 0.123669
0.914729, 0.123588
0.914979, 0.123507
0.915229, 0.123426
0.915479, 0.123345
0.915729, 0.123264
0.915979, 0.123183
0.916229, 0.123102
0.916479, 0.123022
0.916729, 0.122941
0.916979, 0.122861
0.917229, 0.12278
0.917479, 0.1227
0.917729, 0.122619
0.917979, 0.122539
0.91823, 0.122459
0.91848, 0.122379
0.91873, 0.122299
0.91898, 0.122219
0.91923, 0.122139
0.91948, 0.122059
0.91973, 0.121979
0.91998, 0.1219
0.92023, 0.12182
0.92048, 0.12174
0.92073, 0.121661
0.92098, 0.121582
0.92123, 0.121502
0.92148, 0.121423
0.92173, 0.121344
0.92198, 0.121265
0.922231, 0.121186
0.922481, 0.121107
0.922731, 0.121028
0.922981, 0.120949
0.923231, 0.12087
0.923481, 0.120791
0.923731, 0.120713
0.923981, 0.120634
0.924231, 0.120556
0.924481, 0.120477
0.924731, 0.120399
0.924981, 0.120321
0.925231, 0.120243
0.925481, 0.120164
0.925731, 0.120086
0.925981, 0.120008
0.926232, 0.11993
0.926482, 0.119853
0.926732, 0.119775
0.926982, 0.119697
0.927232, 0.119619
0.927482, 0.119542
0.927732, 0.119464
0.927982, 0.119387
0.928232, 0.11931
0.928482, 0.119232
0.928732, 0.119155
0.928982, 0.119078
0.929232, 0.119001
0.929482, 0.118924
0.929732, 0.118847
0.929982, 0.11877
0.930233, 0.118693
0.930483, 0.118617
0.930733, 0.11854
0.930983, 0.118463
0.931233, 0.118387
0.931483, 0.11831
0.931733, 0.118234
0.931983, 0.118158
0.932233, 0.118082
0.932483, 0.118005
0.932733, 0.117929
0.932983, 0.117853
0.933233, 0.117777
0.933483, 0.117701
0.933733, 0.117626
0.933983, 0.11755
0.934234, 0.117474
0.934484, 0.117399
0.934734, 0.117323
0.934984, 0.117248
0.935234, 0.117172
0.935484, 0.117097
0.935734, 0.117022
0.935984, 0.116946
0.936234, 0.116871
0.936484, 0.116796
0.936734, 0.116721
0.936984, 0.116646
0.937234, 0.116572
0.937484, 0.116497
0.937734, 0.116422
0.937984, 0.116348
0.938235, 0.116273
0.938485, 0.116199
0.938735, 0.116124
0.938985, 0.11605
0.939235, 0.115976
0.939485, 0.115901
0.939735, 0.115827
0.939985, 0.115753
0.940235, 0.115679
0.940485, 0.115605
0.940735, 0.115532
0.940985, 0.115458
0.941235, 0.115384
0.941485, 0.11531
0.941735, 0.115237
0.941985, 0.115163
0.942236, 0.11509
0.942486, 0.115017
0.942736, 0.114943
0.942986, 0.11487
0.943236, 0.114797
0.943486, 0.114724
0.943736, 0.114651
0.943986, 0.114578
0.944236, 0.114505
0.944486, 0.114432
0.944736, 0.11436
0.944986, 0.114287
0.945236, 0.114214
0.945486, 0.114142
0.945736, 0.114069
0.945986, 0.113997
0.946237, 0.113925
0.946487, 0.113853
0.946737, 0.11378
0.946987, 0.113708
0.947237, 0.113636
0.947487, 0.113564
0.947737, 0.113492
0.947987, 0.113421
0.948237, 0.113349
0.948487, 0.113277
0.948737, 0.113206
0.948987, 0.113134
0.949237, 0.113063
0.949487, 0.112991
0.949737, 0.11292
0.949987, 0.112849
0.950238, 0.112778
0.950488, 0.112706
0.950738, 0.112635
0.950988, 0.112564
0.951238, 0.112494
0.951488, 0.112423
0.951738, 0.112352
0.951988, 0.112281
0.952238, 0.112211
0.952488, 0.11214
0.952738, 0.11207
0.952988, 0.111999
0.953238, 0.111929
0.953488, 0.111859
0.953738, 0.111788
0.953988, 0.111718
0.954239, 0.111648
0.954489, 0.111578
0.954739, 0.111508
0.954989, 0.111438
0.955239, 0.111369
0.955489, 0.111299
0.955739, 0.111229
0.955989, 0.11116
0.956239, 0.11109
0.956489, 0.111021
0.956739, 0.110951
0.956989, 0.110882
0.957239, 0.110813
0.957489, 0.110744
0.957739, 0.110675
0.957989, 0.110606
0.95824, 0.110537
0.95849, 0.110468
0.95874, 0.110399
0.95899, 0.11033
0.95924, 0.110262
0.95949, 0.110193
0.95974, 0.110125
0.95999, 0.110056
0.96024, 0.109988
0.96049, 0.109919
0.96074, 0.109851
0.96099, 0.109783
0.96124, 0.109715
0.96149, 0.109647
0.96174, 0.109579
0.96199, 0.109511
0.962241, 0.109443
0.962491, 0.109375
0.962741, 0.109308
0.962991, 0.10924
0.963241, 0.109173
0.963491, 0.109105
0.963741, 0.109038
0.963991, 0.10897
0.964241, 0.108903
0.964491, 0.108836
0.964741, 0.108769
0.964991, 0.108702
0.965241, 0.108635
0.965491, 0.108568
0.965741, 0.108501
0.965991, 0.108434
0.966242, 0.108368
0.966492, 0.108301
0.966742, 0.108234
0.966992, 0.108168
0.967242, 0.108101
0.967492, 0.108035
0.967742, 0.107969
0.967992, 0.107903
0.968242, 0.107836
0.968492, 0.10777
0.968742, 0.107704
0.968992, 0.107638
0.969242, 0.107573
0.969492, 0.107507
0.969742, 0.107441
0.969992, 0.107375
0.970243, 0.10731
0.970493, 0.107244
0.970743, 0.107179
0.970993, 0.107113
0.971243, 0.107048
0.971493, 0.106983
0.971743, 0.106918
0.971993, 0.106853
0.972243, 0.106787
0.972493, 0.106723
0.972743, 0.106658
0.972993, 0.106593
0.973243, 0.106528
0.973493, 0.106463
0.973743, 0.106399
0.973993, 0.106334
0.974244, 0.10627
0.974494, 0.106205
0.974744, 0.106141
0.974994, 0.106077
0.975244, 0.106012
0.975494, 0.105948
0.975744, 0.105884
0.975994, 0.10582
0.976244, 0.105756
0.976494, 0.105693
0.976744, 0.105629
0.976994, 0.105565
0.977244, 0.105501
0.977494, 0.105438
0.977744, 0.105374
0.977994, 0.105311
0.978245, 0.105247
0.978495, 0.105184
0.978745, 0.105121
0.978995, 0.105058
0.979245, 0.104995
0.979495, 0.104932
0.979745, 0.104869
0.979995, 0.104806
0.980245, 0.104743
0.980495, 0.10468
0.980745, 0.104618
0.980995, 0.104555
0.981245, 0.104492
0.981495, 0.10443
0.981745, 0.104368
0.981995, 0.104305
0.982246, 0.104243
0.982496, 0.104181
0.982746, 0.104119
0.982996, 0.104057
0.983246, 0.103995
0.983496, 0.103933
0.983746, 0.103871
0.983996, 0.103809
0.984246, 0.103748
0.984496, 0.103686
0.984746, 0.103624
0.984996, 0.103563
0.985246, 0.103501
0.985496, 0.10344
0.985746, 0.103379
0.985996, 0.103318
0.986247, 0.103256
0.986497, 0.103195
0.986747, 0.103134
0.986997, 0.103073
0.987247, 0.103013
0.987497, 0.102952
0.987747, 0.102891
0.987997, 0.10283
0.988247, 0.10277
0.988497, 0.102709
0.988747, 0.102649
0.988997, 0.102588
0.989247, 0.102528
0.989497, 0.102468
0.989747, 0.102408
0.989997, 0.102348
0.990248, 0.102287
0.990498, 0.102228
0.990748, 0.102168
0.990998, 0.102108
0.991248, 0.102048
0.991498, 0.101988
0.991748, 0.101929
0.991998, 0.101869
0.992248, 0.10181
0.992498, 0.10175
0.992748, 0.101691
0.992998, 0.101632
0.993248, 0.101572
0.993498, 0.101513
0.993748, 0.101454
0.993998, 0.101395
0.994249, 0.101336
0.994499, 0.101277
0.994749, 0.101219
0.994999, 0.10116
0.995249, 0.101101
0.995499, 0.101043
0.995749, 0.100984
0.995999, 0.100926
0.996249, 0.100867
0.996499, 0.100809
0.996749, 0.100751
0.996999, 0.100693
0.997249, 0.100635
0.997499, 0.100577
0.997749, 0.100519
0.997999, 0.100461
0.99825, 0.100403
0.9985, 0.100345
0.99875, 0.100287
0.999, 0.10023
0.99925, 0.100172
0.9995, 0.100115
0.99975, 0.100057
1, 0.1

