0, 1
0.000250063, 0.999528
0.000500125, 0.999055
0.000750188, 0.998583
0.00100025, 0.998111
0.00125031, 0.99764
0.00150038, 0.997168
0.00175044, 0.996697
0.0020005, 0.996225
0.00225056, 0.995754
0.00250063, 0.995283
0.00275069, 0.994813
0.00300075, 0.994342
0.00325081, 0.993872
0.00350088, 0.993401
0.00375094, 0.992931
0.004001, 0.992461
0.00425106, 0.991992
0.00450113, 0.991522
0.00475119, 0.991053
0.00500125, 0.990584
0.00525131, 0.990114
0.00550138, 0.989646
0.00575144, 0.989177
0.0060015, 0.988708
0.00625156, 0.98824
0.00650163, 0.987772
0.00675169, 0.987304
0.00700175, 0.986836
0.00725181, 0.986368
0.00750188, 0.985901
0.00775194, 0.985433
0.008002, 0.984966
0.00825206, 0.984499
0.00850213, 0.984032
0.00875219, 0.983565
0.00900225, 0.983099
0.00925231, 0.982632
0.00950238, 0.982166
0.00975244, 0.9817
0.0100025, 0.981234
0.0102526, 0.980769
0.0105026, 0.980303
0.0107527, 0.979838
0.0110028, 0.979373
0.0112528, 0.978908
0.0115029, 0.978443
0.0117529, 0.977978
0.012003, 0.977513
0.0122531, 0.977049
0.0125031, 0.976585
0.0127532, 0.976121
0.0130033, 0.975657
0.0132533, 0.975193
0.0135034, 0.97473
0.0137534, 0.974266
0.0140035, 0.973803
0.0142536, 0.97334
0.0145036, 0.972877
0.0147537, 0.972415
0.0150038, 0.971952
0.0152538, 0.97149
0.0155039, 0.971027
0.0157539, 0.970565
0.016004, 0.970103
0.0162541, 0.969642
0.0165041, 0.96918
0.0167542, 0.968719
0.0170043, 0.968258
0.0172543, 0.967796
0.0175044, 0.967336
0.0177544, 0.966875
0.0180045, 0.966414
0.0182546, 0.965954
0.0185046, 0.965494
0.0187547, 0.965034
0.0190048, 0.964574
0.0192548, 0.964114
0.0195049, 0.963654
0.0197549, 0.963195
0.020005, 0.962736
0.0202551, 0.962277
0.0205051, 0.961818
0.0207552, 0.961359
0.0210053, 0.9609
0.0212553, 0.960442
0.0215054, 0.959984
0.0217554, 0.959525
0.0220055, 0.959068
0.0222556, 0.95861
0.0225056, 0.958152
0.0227557, 0.957695
0.0230058, 0.957237
0.0232558, 0.95678
0.0235059, 0.956323
0.0237559, 0.955866
0.024006, 0.95541
0.0242561, 0.954953
0.0245061, 0.954497
0.0247562, 0.954041
0.0250063, 0.953585
0.0252563, 0.953129
0.0255064, 0.952673
0.0257564, 0.952218
0.0260065, 0.951763
0.0262566, 0.951307
0.0265066, 0.950852
0.0267567, 0.950397
0.0270068, 0.949943
0.0272568, 0.949488
0.0275069, 0.949034
0.0277569, 0.94858
0.028007, 0.948126
0.0282571, 0.947672
0.0285071, 0.947218
0.0287572, 0.946764
0.0290073, 0.946311
0.0292573, 0.945858
0.0295074, 0.945405
0.0297574, 0.944952
0.0300075, 0.944499
0.0302576, 0.944046
0.0305076, 0.943594
0.0307577, 0.943142
0.0310078, 0.94269
0.0312578, 0.942238
0.0315079, 0.941786
0.0317579, 0.941334
0.032008, 0.940883
0.0322581, 0.940431
0.0325081, 0.93998
0.0327582, 0.939529
0.0330083, 0.939078
0.0332583, 0.938628
0.0335084, 0.938177
0.0337584, 0.937727
0.0340085, 0.937277
0.0342586, 0.936827
0.0345086, 0.936377
0.0347587, 0.935927
0.0350088, 0.935477
0.0352588, 0.935028
0.0355089, 0.934579
0.0357589, 0.93413
0.036009, 0.933681
0.0362591, 0.933232
0.0365091, 0.932783
0.0367592, 0.932335
0.0370093, 0.931887
0.0372593, 0.931439
0.0375094, 0.930991
0.0377594, 0.930543
0.0380095, 0.930095
0.0382596, 0.929648
0.0385096, 0.9292
0.0387597, 0.928753
0.0390098, 0.928306
0.0392598, 0.927859
0.0395099, 0.927413
0.0397599, 0.926966
0.04001, 0.92652
0.0402601, 0.926073
0.0405101, 0.925627
0.0407602, 0.925181
0.0410103, 0.924736
0.0412603, 0.92429
0.0415104, 0.923845
0.0417604, 0.923399
0.0420105, 0.922954
0.0422606, 0.922509
0.0425106, 0.922064
0.0427607, 0.92162
0.0430108, 0.921175
0.0432608, 0.920731
0.0435109, 0.920287
0.0437609, 0.919843
0.044011, 0.919399
0.0442611, 0.918955
0.0445111, 0.918512
0.0447612, 0.918068
0.0450113, 0.917625
0.0452613, 0.917182
0.0455114, 0.916739
0.0457614, 0.916296
0.0460115, 0.915854
0.0462616, 0.915411
0.0465116, 0.914969
0.0467617, 0.914527
0.0470118, 0.914085
0.0472618, 0.913643
0.0475119, 0.913201
0.0477619, 0.91276
0.048012, 0.912318
0.0482621, 0.911877
0.0485121, 0.911436
0.0487622, 0.910995
0.0490123, 0.910554
0.0492623, 0.910114
0.0495124, 0.909673
0.0497624, 0.909233
0.0500125, 0.908793
0.0502626, 0.908353
0.0505126, 0.907913
0.0507627, 0.907474
0.0510128, 0.907034
0.0512628, 0.906595
0.0515129, 0.906155
0.0517629, 0.905716
0.052013, 0.905278
0.0522631, 0.904839
0.0525131, 0.9044
0.0527632, 0.903962
0.0530133, 0.903524
0.0532633, 0.903085
0.0535134, 0.902647
0.0537634, 0.90221
0.0540135, 0.901772
0.0542636, 0.901335
0.0545136, 0.900897
0.0547637, 0.90046
0.0550138, 0.900023
0.0552638, 0.899586
0.0555139, 0.899149
0.0557639, 0.898713
0.056014, 0.898276
0.0562641, 0.89784
0.0565141, 0.897404
0.0567642, 0.896968
0.0570143, 0.896532
0.0572643, 0.896097
0.0575144, 0.895661
0.0577644, 0.895226
0.0580145, 0.894791
0.0582646, 0.894356
0.0585146, 0.893921
0.0587647, 0.893486
0.0590148, 0.893051
0.0592648, 0.892617
0.0595149, 0.892183
0.0597649, 0.891749
0.060015, 0.891315
0.0602651, 0.890881
0.0605151, 0.890447
0.0607652, 0.890014
0.0610153, 0.88958
0.0612653, 0.889147
0.0615154, 0.888714
0.0617654, 0.888281
0.0620155, 0.887848
0.0622656, 0.887416
0.0625156, 0.886983
0.0627657, 0.886551
0.0630158, 0.886119
0.0632658, 0.885687
0.0635159, 0.885255
0.0637659, 0.884823
0.064016, 0.884392
0.0642661, 0.88396
0.0645161, 0.883529
0.0647662, 0.883098
0.0650163, 0.882667
0.0652663, 0.882236
0.0655164, 0.881806
0.0657664, 0.881375
0.0660165, 0.880945
0.0662666, 0.880515
0.0665166, 0.880085
0.0667667, 0.879655
0.0670168, 0.879225
0.0672668, 0.878795
0.0675169, 0.878366
0.0677669, 0.877937
0.068017, 0.877508
0.0682671, 0.877079
0.0685171, 0.87665
0.0687672, 0.876221
0.0690173, 0.875793
0.0692673, 0.875364
0.0695174, 0.874936
0.0697674, 0.874508
0.0700175, 0.87408
0.0702676, 0.873652
0.0705176, 0.873225
0.0707677, 0.872797
0.0710178, 0.87237
0.0712678, 0.871943
0.0715179, 0.871516
0.0717679, 0.871089
0.072018, 0.870662
0.0722681, 0.870236
0.0725181, 0.869809
0.0727682, 0.869383
0.0730183, 0.868957
0.0732683, 0.868531
0.0735184, 0.868105
0.0737684, 0.867679
0.0740185, 0.867254
0.0742686, 0.866828
0.0745186, 0.866403
0.0747687, 0.865978
0.0750188, 0.865553
0.0752688, 0.865128
0.0755189, 0.864704
0.0757689, 0.864279
0.076019, 0.863855
0.0762691, 0.863431
0.0765191, 0.863007
0.0767692, 0.862583
0.0770193, 0.862159
0.0772693, 0.861735
0.0775194, 0.861312
0.0777694, 0.860889
0.0780195, 0.860465
0.0782696, 0.860042
0.0785196, 0.85962
0.0787697, 0.859197
0.0790198, 0.858774
0.0792698, 0.858352
0.0795199, 0.85793
0.0797699, 0.857507
0.08002, 0.857085
0.0802701, 0.856664
0.0805201, 0.856242
0.0807702, 0.85582
0.0810203, 0.855399
0.0812703, 0.854978
0.0815204, 0.854557
0.0817704, 0.854136
0.0820205, 0.853715
0.0822706, 0.853294
0.0825206, 0.852874
0.0827707, 0.852453
0.0830208, 0.852033
0.0832708, 0.851613
0.0835209, 0.851193
0.0837709, 0.850773
0.084021, 0.850354
0.0842711, 0.849934
0.0845211, 0.849515
0.0847712, 0.849096
0.0850213, 0.848677
0.0852713, 0.848258
0.0855214, 0.847839
0.0857714, 0.847421
0.0860215, 0.847002
0.0862716, 0.846584
0.0865216, 0.846166
0.0867717, 0.845748
0.0870218, 0.84533
0.0872718, 0.844912
0.0875219, 0.844494
0.0877719, 0.844077
0.088022, 0.84366
0.0882721, 0.843243
0.0885221, 0.842826
0.0887722, 0.842409
0.0890223, 0.841992
0.0892723, 0.841575
0.0895224, 0.841159
0.0897724, 0.840743
0.0900225, 0.840327
0.0902726, 0.839911
0.0905226, 0.839495
0.0907727, 0.839079
0.0910228, 0.838663
0.0912728, 0.838248
0.0915229, 0.837833
0.0917729, 0.837418
0.092023, 0.837003
0.0922731, 0.836588
0.0925231, 0.836173
0.0927732, 0.835759
0.0930233, 0.835344
0.0932733, 0.83493
0.0935234, 0.834516
0.0937734, 0.834102
0.0940235, 0.833688
0.0942736, 0.833274
0.0945236, 0.832861
0.0947737, 0.832448
0.0950238, 0.832034
0.0952738, 0.831621
0.0955239, 0.831208
0.0957739, 0.830795
0.096024, 0.830383
0.0962741, 0.82997
0.0965241, 0.829558
0.0967742, 0.829146
0.0970243, 0.828734
0.0972743, 0.828322
0.0975244, 0.82791
0.0977744, 0.827498
0.0980245, 0.827087
0.0982746, 0.826675
0.0985246, 0.826264
0.0987747, 0.825853
0.0990248, 0.825442
0.0992748, 0.825031
0.0995249, 0.82462
0.0997749, 0.82421
0.100025, 0.8238
0.100275, 0.823389
0.100525, 0.822979
0.100775, 0.822569
0.101025, 0.822159
0.101275, 0.82175
0.101525, 0.82134
0.101775, 0.820931
0.102026, 0.820522
0.102276, 0.820113
0.102526, 0.819704
0.102776, 0.819295
0.103026, 0.818886
0.103276, 0.818478
0.103526, 0.818069
0.103776, 0.817661
0.104026, 0.817253
0.104276, 0.816845
0.104526, 0.816437
0.104776, 0.816029
0.105026, 0.815622
0.105276, 0.815214
0.105526, 0.814807
0.105776, 0.8144
0.106027, 0.813993
0.106277, 0.813586
0.106527, 0.813179
0.106777, 0.812773
0.107027, 0.812366
0.107277, 0.81196
0.107527, 0.811554
0.107777, 0.811148
0.108027, 0.810742
0.108277, 0.810337
0.108527, 0.809931
0.108777, 0.809526
0.109027, 0.80912
0.109277, 0.808715
0.109527, 0.80831
0.109777, 0.807905
0.110028, 0.807501
0.110278, 0.807096
0.110528, 0.806691
0.110778, 0.806287
0.111028, 0.805883
0.111278, 0.805479
0.111528, 0.805075
0.111778, 0.804671
0.112028, 0.804268
0.112278, 0.803864
0.112528, 0.803461
0.112778, 0.803058
0.113028, 0.802655
0.113278, 0.802252
0.113528, 0.801849
0.113778, 0.801446
0.114029, 0.801044
0.114279, 0.800642
0.114529, 0.800239
0.114779, 0.799837
0.115029, 0.799435
0.115279, 0.799034
0.115529, 0.798632
0.115779, 0.79823
0.116029, 0.797829
0.116279, 0.797428
0.116529, 0.797027
0.116779, 0.796626
0.117029, 0.796225
0.117279, 0.795824
0.117529, 0.795424
0.117779, 0.795023
0.11803, 0.794623
0.11828, 0.794223
0.11853, 0.793823
0.11878, 0.793423
0.11903, 0.793023
0.11928, 0.792624
0.11953, 0.792224
0.11978, 0.791825
0.12003, 0.791426
0.12028, 0.791027
0.12053, 0.790628
0.12078, 0.790229
0.12103, 0.789831
0.12128, 0.789432
0.12153, 0.789034
0.12178, 0.788636
0.122031, 0.788238
0.122281, 0.78784
0.122531, 0.787442
0.122781, 0.787044
0.123031, 0.786647
0.123281, 0.786249
0.123531, 0.785852
0.123781, 0.785455
0.124031, 0.785058
0.124281, 0.784661
0.124531, 0.784265
0.124781, 0.783868
0.125031, 0.783472
0.125281, 0.783075
0.125531, 0.782679
0.125781, 0.782283
0.126032, 0.781887
0.126282, 0.781492
0.126532, 0.781096
0.126782, 0.7807
0.127032, 0.780305
0.127282, 0.77991
0.127532, 0.779515
0.127782, 0.77912
0.128032, 0.778725
0.128282, 0.778331
0.128532, 0.777936
0.128782, 0.777542
0.129032, 0.777148
0.129282, 0.776753
0.129532, 0.776359
0.129782, 0.775966
0.130033, 0.775572
0.130283, 0.775178
0.130533, 0.774785
0.130783, 0.774392
0.131033, 0.773999
0.131283, 0.773606
0.131533, 0.773213
0.131783, 0.77282
0.132033, 0.772427
0.132283, 0.772035
0.132533, 0.771643
0.132783, 0.77125
0.133033, 0.770858
0.133283, 0.770466
0.133533, 0.770075
0.133783, 0.769683
0.134034, 0.769291
0.134284, 0.7689
0.134534, 0.768509
0.134784, 0.768118
0.135034, 0.767727
0.135284, 0.767336
0.135534, 0.766945
0.135784, 0.766555
0.136034, 0.766164
0.136284, 0.765774
0.136534, 0.765384
0.136784, 0.764994
0.137034, 0.764604
0.137284, 0.764214
0.137534, 0.763824
0.137784, 0.763435
0.138035, 0.763045
0.138285, 0.762656
0.138535, 0.762267
0.138785, 0.761878
0.139035, 0.761489
0.139285, 0.761101
0.139535, 0.760712
0.139785, 0.760324
0.140035, 0.759935
0.140285, 0.759547
0.140535, 0.759159
0.140785, 0.758771
0.141035, 0.758384
0.141285, 0.757996
0.141535, 0.757608
0.141785, 0.757221
0.142036, 0.756834
0.142286, 0.756447
0.142536, 0.75606
0.142786, 0.755673
0.143036, 0.755286
0.143286, 0.7549
0.143536, 0.754513
0.143786, 0.754127
0.144036, 0.753741
0.144286, 0.753355
0.144536, 0.752969
0.144786, 0.752583
0.145036, 0.752198
0.145286, 0.751812
0.145536, 0.751427
0.145786, 0.751041
0.146037, 0.750656
0.146287, 0.750271
0.146537, 0.749887
0.146787, 0.749502
0.147037, 0.749117
0.147287, 0.748733
0.147537, 0.748349
0.147787, 0.747964
0.148037, 0.74758
0.148287, 0.747196
0.148537, 0.746813
0.148787, 0.746429
0.149037, 0.746045
0.149287, 0.745662
0.149537, 0.745279
0.149787, 0.744896
0.150038, 0.744513
0.150288, 0.74413
0.150538, 0.743747
0.150788, 0.743365
0.151038, 0.742982
0.151288, 0.7426
0.151538, 0.742218
0.151788, 0.741836
0.152038, 0.741454
0.152288, 0.741072
0.152538, 0.74069
0.152788, 0.740309
0.153038, 0.739927
0.153288, 0.739546
0.153538, 0.739165
0.153788, 0.738784
0.154039, 0.738403
0.154289, 0.738022
0.154539, 0.737641
0.154789, 0.737261
0.155039, 0.736881
0.155289, 0.7365
0.155539, 0.73612
0.155789, 0.73574
0.156039, 0.73536
0.156289, 0.734981
0.156539, 0.734601
0.156789, 0.734222
0.157039, 0.733842
0.157289, 0.733463
0.157539, 0.733084
0.157789, 0.732705
0.15804, 0.732326
0.15829, 0.731948
0.15854, 0.731569
0.15879, 0.731191
0.15904, 0.730813
0.15929, 0.730434
0.15954, 0.730056
0.15979, 0.729678
0.16004, 0.729301
0.16029, 0.728923
0.16054, 0.728546
0.16079, 0.728168
0.16104, 0.727791
0.16129, 0.727414
0.16154, 0.727037
0.16179, 0.72666
0.162041, 0.726283
0.162291, 0.725907
0.162541, 0.72553
0.162791, 0.725154
0.163041, 0.724778
0.163291, 0.724402
0.163541, 0.724026
0.163791, 0.72365
0.164041, 0.723274
0.164291, 0.722899
0.164541, 0.722523
0.164791, 0.722148
0.165041, 0.721773
0.165291, 0.721398
0.165541, 0.721023
0.165791, 0.720648
0.166042, 0.720273
0.166292, 0.719899
0.166542, 0.719524
0.166792, 0.71915
0.167042, 0.718776
0.167292, 0.718402
0.167542, 0.718028
0.167792, 0.717654
0.168042, 0.717281
0.168292, 0.716907
0.168542, 0.716534
0.168792, 0.716161
0.169042, 0.715787
0.169292, 0.715414
0.169542, 0.715042
0.169792, 0.714669
0.170043, 0.714296
0.170293, 0.713924
0.170543, 0.713551
0.170793, 0.713179
0.171043, 0.712807
0.171293, 0.712435
0.171543, 0.712063
0.171793, 0.711692
0.172043, 0.71132
0.172293, 0.710948
0.172543, 0.710577
0.172793, 0.710206
0.173043, 0.709835
0.173293, 0.709464
0.173543, 0.709093
0.173793, 0.708722
0.174044, 0.708352
0.174294, 0.707981
0.174544, 0.707611
0.174794, 0.707241
0.175044, 0.706871
0.175294, 0.706501
0.175544, 0.706131
0.175794, 0.705761
0.176044, 0.705392
0.176294, 0.705022
0.176544, 0.704653
0.176794, 0.704284
0.177044, 0.703915
0.177294, 0.703546
0.177544, 0.703177
0.177794, 0.702808
0.178045, 0.70244
0.178295, 0.702071
0.178545, 0.701703
0.178795, 0.701335
0.179045, 0.700967
0.179295, 0.700599
0.179545, 0.700231
0.179795, 0.699864
0.180045, 0.699496
0.180295, 0.699129
0.180545, 0.698761
0.180795, 0.698394
0.181045, 0.698027
0.181295, 0.69766
0.181545, 0.697293
0.181795, 0.696927
0.182046, 0.69656
0.182296, 0.696194
0.182546, 0.695828
0.182796, 0.695461
0.183046, 0.695095
0.183296, 0.69473
0.183546, 0.694364
0.183796, 0.693998
0.184046, 0.693633
0.184296, 0.693267
0.184546, 0.692902
0.184796, 0.692537
0.185046, 0.692172
0.185296, 0.691807
0.185546, 0.691442
0.185796, 0.691077
0.186047, 0.690713
0.186297, 0.690348
0.186547, 0.689984
0.186797, 0.68962
0.187047, 0.689256
0.187297, 0.688892
0.187547, 0.688528
0.187797, 0.688165
0.188047, 0.687801
0.188297, 0.687438
0.188547, 0.687074
0.188797, 0.686711
0.189047, 0.686348
0.189297, 0.685985
0.189547, 0.685623
0.189797, 0.68526
0.190048, 0.684897
0.190298, 0.684535
0.190548, 0.684173
0.190798, 0.68381
0.191048, 0.683448
0.191298, 0.683086
0.191548, 0.682725
0.191798, 0.682363
0.192048, 0.682001
0.192298, 0.68164
0.192548, 0.681279
0.192798, 0.680918
0.193048, 0.680557
0.193298, 0.680196
0.193548, 0.679835
0.193798, 0.679474
0.194049, 0.679114
0.194299, 0.678753
0.194549, 0.678393
0.194799, 0.678033
0.195049, 0.677673
0.195299, 0.677313
0.195549, 0.676953
0.195799, 0.676593
0.196049, 0.676233
0.196299, 0.675874
0.196549, 0.675515
0.196799, 0.675156
0.197049, 0.674796
0.197299, 0.674437
0.197549, 0.674079
0.197799, 0.67372
0.19805, 0.673361
0.1983, 0.673003
0.19855, 0.672645
0.1988, 0.672286
0.19905, 0.671928
0.1993, 0.67157
0.19955, 0.671212
0.1998, 0.670855
0.20005, 0.670497
0.2003, 0.67014
0.20055, 0.669782
0.2008, 0.669425
0.20105, 0.669068
0.2013, 0.668711
0.20155, 0.668354
0.2018, 0.667997
0.202051, 0.667641
0.202301, 0.667284
0.202551, 0.666928
0.202801, 0.666571
0.203051, 0.666215
0.203301, 0.665859
0.203551, 0.665503
0.203801, 0.665147
0.204051, 0.664792
0.204301, 0.664436
0.204551, 0.664081
0.204801, 0.663726
0.205051, 0.66337
0.205301, 0.663015
0.205551, 0.66266
0.205801, 0.662306
0.206052, 0.661951
0.206302, 0.661596
0.206552, 0.661242
0.206802, 0.660888
0.207052, 0.660533
0.207302, 0.660179
0.207552, 0.659825
0.207802, 0.659471
0.208052, 0.659118
0.208302, 0.658764
0.208552, 0.658411
0.208802, 0.658057
0.209052, 0.657704
0.209302, 0.657351
0.209552, 0.656998
0.209802, 0.656645
0.210053, 0.656292
0.210303, 0.65594
0.210553, 0.655587
0.210803, 0.655235
0.211053, 0.654883
0.211303, 0.65453
0.211553, 0.654178
0.211803, 0.653826
0.212053, 0.653475
0.212303, 0.653123
0.212553, 0.652771
0.212803, 0.65242
0.213053, 0.652069
0.213303, 0.651717
0.213553, 0.651366
0.213803, 0.651015
0.214054, 0.650665
0.214304, 0.650314
0.214554, 0.649963
0.214804, 0.649613
0.215054, 0.649262
0.215304, 0.648912
0.215554, 0.648562
0.215804, 0.648212
0.216054, 0.647862
0.216304, 0.647513
0.216554, 0.647163
0.216804, 0.646813
0.217054, 0.646464
0.217304, 0.646115
0.217554, 0.645766
0.217804, 0.645417
0.218055, 0.645068
0.218305, 0.644719
0.218555, 0.64437
0.218805, 0.644022
0.219055, 0.643673
0.219305, 0.643325
0.219555, 0.642977
0.219805, 0.642629
0.220055, 0.642281
0.220305, 0.641933
0.220555, 0.641585
0.220805, 0.641237
0.221055, 0.64089
0.221305, 0.640542
0.221555, 0.640195
0.221805, 0.639848
0.222056, 0.639501
0.222306, 0.639154
0.222556, 0.638807
0.222806, 0.638461
0.223056, 0.638114
0.223306, 0.637768
0.223556, 0.637421
0.223806, 0.637075
0.224056, 0.636729
0.224306, 0.636383
0.224556, 0.636037
0.224806, 0.635692
0.225056, 0.635346
0.225306, 0.635001
0.225556, 0.634655
0.225806, 0.63431
0.226057, 0.633965
0.226307, 0.63362
0.226557, 0.633275
0.226807, 0.63293
0.227057, 0.632586
0.227307, 0.632241
0.227557, 0.631897
0.227807, 0.631552
0.228057, 0.631208
0.228307, 0.630864
0.228557, 0.63052
0.228807, 0.630176
0.229057, 0.629833
0.229307, 0.629489
0.229557, 0.629146
0.229807, 0.628802
0.230058, 0.628459
0.230308, 0.628116
0.230558, 0.627773
0.230808, 0.62743
0.231058, 0.627087
0.231308, 0.626744
0.231558, 0.626402
0.231808, 0.626059
0.232058, 0.625717
0.232308, 0.625375
0.232558, 0.625033
0.232808, 0.624691
0.233058, 0.624349
0.233308, 0.624007
0.233558, 0.623666
0.233808, 0.623324
0.234059, 0.622983
0.234309, 0.622642
0.234559, 0.622301
0.234809, 0.62196
0.235059, 0.621619
0.235309, 0.621278
0.235559, 0.620937
0.235809, 0.620597
0.236059, 0.620256
0.236309, 0.619916
0.236559, 0.619576
0.236809, 0.619236
0.237059, 0.618896
0.237309, 0.618556
0.237559, 0.618216
0.237809, 0.617876
0.23806, 0.617537
0.23831, 0.617197
0.23856, 0.616858
0.23881, 0.616519
0.23906, 0.61618
0.23931, 0.615841
0.23956, 0.615502
0.23981, 0.615163
0.24006, 0.614825
0.24031, 0.614486
0.24056, 0.614148
0.24081, 0.61381
0.24106, 0.613472
0.24131, 0.613134
0.24156, 0.612796
0.24181, 0.612458
0.242061, 0.61212
0.242311, 0.611783
0.242561, 0.611445
0.242811, 0.611108
0.243061, 0.610771
0.243311, 0.610434
0.243561, 0.610097
0.243811, 0.60976
0.244061, 0.609423
0.244311, 0.609087
0.244561, 0.60875
0.244811, 0.608414
0.245061, 0.608077
0.245311, 0.607741
0.245561, 0.607405
0.245811, 0.607069
0.246062, 0.606733
0.246312, 0.606398
0.246562, 0.606062
0.246812, 0.605727
0.247062, 0.605391
0.247312, 0.605056
0.247562, 0.604721
0.247812, 0.604386
0.248062, 0.604051
0.248312, 0.603716
0.248562, 0.603381
0.248812, 0.603047
0.249062, 0.602712
0.249312, 0.602378
0.249562, 0.602044
0.249812, 0.60171
0.250063, 0.601376
0.250313, 0.601042
0.250563, 0.600708
0.250813, 0.600375
0.251063, 0.600041
0.251313, 0.599708
0.251563, 0.599374
0.251813, 0.599041
0.252063, 0.598708
0.252313, 0.598375
0.252563, 0.598042
0.252813, 0.597709
0.253063, 0.597377
0.253313, 0.597044
0.253563, 0.596712
0.253813, 0.59638
0.254064, 0.596047
0.254314, 0.595715
0.254564, 0.595383
0.254814, 0.595052
0.255064, 0.59472
0.255314, 0.594388
0.255564, 0.594057
0.255814, 0.593725
0.256064, 0.593394
0.256314, 0.593063
0.256564, 0.592732
0.256814, 0.592401
0.257064, 0.59207
0.257314, 0.59174
0.257564, 0.591409
0.257814, 0.591079
0.258065, 0.590748
0.258315, 0.590418
0.258565, 0.590088
0.258815, 0.589758
0.259065, 0.589428
0.259315, 0.589098
0.259565, 0.588768
0.259815, 0.588439
0.260065, 0.588109
0.260315, 0.58778
0.260565, 0.587451
0.260815, 0.587122
0.261065, 0.586793
0.261315, 0.586464
0.261565, 0.586135
0.261815, 0.585806
0.262066, 0.585478
0.262316, 0.585149
0.262566, 0.584821
0.262816, 0.584493
0.263066, 0.584165
0.263316, 0.583837
0.263566, 0.583509
0.263816, 0.583181
0.264066, 0.582853
0.264316, 0.582526
0.264566, 0.582198
0.264816, 0.581871
0.265066, 0.581544
0.265316, 0.581217
0.265566, 0.58089
0.265816, 0.580563
0.266067, 0.580236
0.266317, 0.579909
0.266567, 0.579583
0.266817, 0.579257
0.267067, 0.57893
0.267317, 0.578604
0.267567, 0.578278
0.267817, 0.577952
0.268067, 0.577626
0.268317, 0.5773
0.268567, 0.576975
0.268817, 0.576649
0.269067, 0.576324
0.269317, 0.575998
0.269567, 0.575673
0.269817, 0.575348
0.270068, 0.575023
0.270318, 0.574698
0.270568, 0.574373
0.270818, 0.574049
0.271068, 0.573724
0.271318, 0.5734
0.271568, 0.573076
0.271818, 0.572751
0.272068, 0.572427
0.272318, 0.572103
0.272568, 0.571779
0.272818, 0.571456
0.273068, 0.571132
0.273318, 0.570808
0.273568, 0.570485
0.273818, 0.570162
0.274069, 0.569838
0.274319, 0.569515
0.274569, 0.569192
0.274819, 0.56887
0.275069, 0.568547
0.275319, 0.568224
0.275569, 0.567902
0.275819, 0.567579
0.276069, 0.567257
0.276319, 0.566935
0.276569, 0.566612
0.276819, 0.56629
0.277069, 0.565969
0.277319, 0.565647
0.277569, 0.565325
0.277819, 0.565004
0.27807, 0.564682
0.27832, 0.564361
0.27857, 0.56404
0.27882, 0.563718
0.27907, 0.563397
0.27932, 0.563077
0.27957, 0.562756
0.27982, 0.562435
0.28007, 0.562115
0.28032, 0.561794
0.28057, 0.561474
0.28082, 0.561154
0.28107, 0.560833
0.28132, 0.560513
0.28157, 0.560193
0.28182, 0.559874
0.282071, 0.559554
0.282321, 0.559234
0.282571, 0.558915
0.282821, 0.558596
0.283071, 0.558276
0.283321, 0.557957
0.283571, 0.557638
0.283821, 0.557319
0.284071, 0.557
0.284321, 0.556682
0.284571, 0.556363
0.284821, 0.556045
0.285071, 0.555726
0.285321, 0.555408
0.285571, 0.55509
0.285821, 0.554772
0.286072, 0.554454
0.286322, 0.554136
0.286572, 0.553818
0.286822, 0.553501
0.287072, 0.553183
0.287322, 0.552866
0.287572, 0.552549
0.287822, 0.552231
0.288072, 0.551914
0.288322, 0.551597
0.288572, 0.55128
0.288822, 0.550964
0.289072, 0.550647
0.289322, 0.550331
0.289572, 0.550014
0.289822, 0.549698
0.290073, 0.549382
0.290323, 0.549066
0.290573, 0.54875
0.290823, 0.548434
0.291073, 0.548118
0.291323, 0.547802
0.291573, 0.547487
0.291823, 0.547171
0.292073, 0.546856
0.292323, 0.546541
0.292573, 0.546226
0.292823, 0.545911
0.293073, 0.545596
0.293323, 0.545281
0.293573, 0.544966
0.293823, 0.544652
0.294074, 0.544337
0.294324, 0.544023
0.294574, 0.543708
0.294824, 0.543394
0.295074, 0.54308
0.295324, 0.542766
0.295574, 0.542452
0.295824, 0.542139
0.296074, 0.541825
0.296324, 0.541512
0.296574, 0.541198
0.296824, 0.540885
0.297074, 0.540572
0.297324, 0.540259
0.297574, 0.539946
0.297824, 0.539633
0.298075, 0.53932
0.298325, 0.539007
0.298575, 0.538695
0.298825, 0.538383
0.299075, 0.53807
0.299325, 0.537758
0.299575, 0.537446
0.299825, 0.537134
0.300075, 0.536822
0.300325, 0.53651
0.300575, 0.536198
0.300825, 0.535887
0.301075, 0.535575
0.301325, 0.535264
0.301575, 0.534953
0.301825, 0.534642
0.302076, 0.534331
0.302326, 0.53402
0.302576, 0.533709
0.302826, 0.533398
0.303076, 0.533088
0.303326, 0.532777
0.303576, 0.532467
0.303826, 0.532156
0.304076, 0.531846
0.304326, 0.531536
0.304576, 0.531226
0.304826, 0.530916
0.305076, 0.530606
0.305326, 0.530297
0.305576, 0.529987
0.305826, 0.529678
0.306077, 0.529368
0.306327, 0.529059
0.306577, 0.52875
0.306827, 0.528441
0.307077, 0.528132
0.307327, 0.527823
0.307577, 0.527515
0.307827, 0.527206
0.308077, 0.526898
0.308327, 0.526589
0.308577, 0.526281
0.308827, 0.525973
0.309077, 0.525665
0.309327, 0.525357
0.309577, 0.525049
0.309827, 0.524741
0.310078, 0.524433
0.310328, 0.524126
0.310578, 0.523818
0.310828, 0.523511
0.311078, 0.523204
0.311328, 0.522897
0.311578, 0.52259
0.311828, 0.522283
0.312078, 0.521976
0.312328, 0.521669
0.312578, 0.521363
0.312828, 0.521056
0.313078, 0.52075
0.313328, 0.520444
0.313578, 0.520137
0.313828, 0.519831
0.314079, 0.519525
0.314329, 0.51922
0.314579, 0.518914
0.314829, 0.518608
0.315079, 0.518303
0.315329, 0.517997
0.315579, 0.517692
0.315829, 0.517387
0.316079, 0.517082
0.316329, 0.516777
0.316579, 0.516472
0.316829, 0.516167
0.317079, 0.515862
0.317329, 0.515558
0.317579, 0.515253
0.317829, 0.514949
0.31808, 0.514644
0.31833, 0.51434
0.31858, 0.514036
0.31883, 0.513732
0.31908, 0.513428
0.31933, 0.513125
0.31958, 0.512821
0.31983, 0.512517
0.32008, 0.512214
0.32033, 0.511911
0.32058, 0.511607
0.32083, 0.511304
0.32108, 0.511001
0.32133, 0.510698
0.32158, 0.510395
0.32183, 0.510093
0.322081, 0.50979
0.322331, 0.509488
0.322581, 0.509185
0.322831, 0.508883
0.323081, 0.508581
0.323331, 0.508279
0.323581, 0.507977
0.323831, 0.507675
0.324081, 0.507373
0.324331, 0.507071
0.324581, 0.50677
0.324831, 0.506468
0.325081, 0.506167
0.325331, 0.505866
0.325581, 0.505565
0.325831, 0.505264
0.326082, 0.504963
0.326332, 0.504662
0.326582, 0.504361
0.326832, 0.50406
0.327082, 0.50376
0.327332, 0.503459
0.327582, 0.503159
0.327832, 0.502859
0.328082, 0.502559
0.328332, 0.502259
0.328582, 0.501959
0.328832, 0.501659
0.329082, 0.501359
0.329332, 0.50106
0.329582, 0.50076
0.329832, 0.500461
0.330083, 0.500161
0.330333, 0.499862
0.330583, 0.499563
0.330833, 0.499264
0.331083, 0.498965
0.331333, 0.498667
0.331583, 0.498368
0.331833, 0.498069
0.332083, 0.497771
0.332333, 0.497472
0.332583, 0.497174
0.332833, 0.496876
0.333083, 0.496578
0.333333, 0.49628
0.333583, 0.495982
0.333833, 0.495684
0.334084, 0.495387
0.334334, 0.495089
0.334584, 0.494792
0.334834, 0.494494
0.335084, 0.494197
0.335334, 0.4939
0.335584, 0.493603
0.335834, 0.493306
0.336084, 0.493009
0.336334, 0.492713
0.336584, 0.492416
0.336834, 0.492119
0.337084, 0.491823
0.337334, 0.491527
0.337584, 0.49123
0.337834, 0.490934
0.338085, 0.490638
0.338335, 0.490342
0.338585, 0.490047
0.338835, 0.489751
0.339085, 0.489455
0.339335, 0.48916
0.339585, 0.488864
0.339835, 0.488569
0.340085, 0.488274
0.340335, 0.487979
0.340585, 0.487684
0.340835, 0.487389
0.341085, 0.487094
0.341335, 0.4868
0.341585, 0.486505
0.341835, 0.48621
0.342086, 0.485916
0.342336, 0.485622
0.342586, 0.485328
0.342836, 0.485034
0.343086, 0.48474
0.343336, 0.484446
0.343586, 0.484152
0.343836, 0.483858
0.344086, 0.483565
0.344336, 0.483271
0.344586, 0.482978
0.344836, 0.482685
0.345086, 0.482391
0.345336, 0.482098
0.345586, 0.481805
0.345836, 0.481513
0.346087, 0.48122
0.346337, 0.480927
0.346587, 0.480635
0.346837, 0.480342
0.347087, 0.48005
0.347337, 0.479758
0.347587, 0.479465
0.347837, 0.479173
0.348087, 0.478881
0.348337, 0.47859
0.348587, 0.478298
0.348837, 0.478006
0.349087, 0.477715
0.349337, 0.477423
0.349587, 0.477132
0.349837, 0.476841
0.350088, 0.47655
0.350338, 0.476258
0.350588, 0.475968
0.350838, 0.475677
0.351088, 0.475386
0.351338, 0.475095
0.351588, 0.474805
0.351838, 0.474514
0.352088, 0.474224
0.352338, 0.473934
0.352588, 0.473644
0.352838, 0.473354
0.353088, 0.473064
0.353338, 0.472774
0.353588, 0.472484
0.353838, 0.472194
0.354089, 0.471905
0.354339, 0.471616
0.354589, 0.471326
0.354839, 0.471037
0.355089, 0.470748
0.355339, 0.470459
0.355589, 0.47017
0.355839, 0.469881
0.356089, 0.469592
0.356339, 0.469304
0.356589, 0.469015
0.356839, 0.468727
0.357089, 0.468438
0.357339, 0.46815
0.357589, 0.467862
0.357839, 0.467574
0.35809, 0.467286
0.35834, 0.466998
0.35859, 0.46671
0.35884, 0.466423
0.35909, 0.466135
0.35934, 0.465848
0.35959, 0.465561
0.35984, 0.465273
0.36009, 0.464986
0.36034, 0.464699
0.36059, 0.464412
0.36084, 0.464125
0.36109, 0.463839
0.36134, 0.463552
0.36159, 0.463265
0.36184, 0.462979
0.362091, 0.462693
0.362341, 0.462406
0.362591, 0.46212
0.362841, 0.461834
0.363091, 0.461548
0.363341, 0.461262
0.363591, 0.460977
0.363841, 0.460691
0.364091, 0.460406
0.364341, 0.46012
0.364591, 0.459835
0.364841, 0.45955
0.365091, 0.459264
0.365341, 0.458979
0.365591, 0.458694
0.365841, 0.45841
0.366092, 0.458125
0.366342, 0.45784
0.366592, 0.457556
0.366842, 0.457271
0.367092, 0.456987
0.367342, 0.456702
0.367592, 0.456418
0.367842, 0.456134
0.368092, 0.45585
0.368342, 0.455566
0.368592, 0.455283
0.368842, 0.454999
0.369092, 0.454715
0.369342, 0.454432
0.369592, 0.454149
0.369842, 0.453865
0.370093, 0.453582
0.370343, 0.453299
0.370593, 0.453016
0.370843, 0.452733
0.371093, 0.45245
0.371343, 0.452168
0.371593, 0.451885
0.371843, 0.451603
0.372093, 0.45132
0.372343, 0.451038
0.372593, 0.450756
0.372843, 0.450474
0.373093, 0.450192
0.373343, 0.44991
0.373593, 0.449628
0.373843, 0.449346
0.374094, 0.449065
0.374344, 0.448783
0.374594, 0.448502
0.374844, 0.44822
0.375094, 0.447939
0.375344, 0.447658
0.375594, 0.447377
0.375844, 0.447096
0.376094, 0.446815
0.376344, 0.446535
0.376594, 0.446254
0.376844, 0.445974
0.377094, 0.445693
0.377344, 0.445413
0.377594, 0.445133
0.377844, 0.444852
0.378095, 0.444572
0.378345, 0.444292
0.378595, 0.444013
0.378845, 0.443733
0.379095, 0.443453
0.379345, 0.443174
0.379595, 0.442894
0.379845, 0.442615
0.380095, 0.442336
0.380345, 0.442056
0.380595, 0.441777
0.380845, 0.441498
0.381095, 0.44122
0.381345, 0.440941
0.381595, 0.440662
0.381845, 0.440383
0.382096, 0.440105
0.382346, 0.439827
0.382596, 0.439548
0.382846, 0.43927
0.383096, 0.438992
0.383346, 0.438714
0.383596, 0.438436
0.383846, 0.438158
0.384096, 0.437881
0.384346, 0.437603
0.384596, 0.437326
0.384846, 0.437048
0.385096, 0.436771
0.385346, 0.436494
0.385596, 0.436216
0.385846, 0.435939
0.386097, 0.435662
0.386347, 0.435386
0.386597, 0.435109
0.386847, 0.434832
0.387097, 0.434556
0.387347, 0.434279
0.387597, 0.434003
0.387847, 0.433727
0.388097, 0.433451
0.388347, 0.433174
0.388597, 0.432898
0.388847, 0.432623
0.389097, 0.432347
0.389347, 0.432071
0.389597, 0.431796
0.389847, 0.43152
0.390098, 0.431245
0.390348, 0.430969
0.390598, 0.430694
0.390848, 0.430419
0.391098, 0.430144
0.391348, 0.429869
0.391598, 0.429594
0.391848, 0.42932
0.392098, 0.429045
0.392348, 0.428771
0.392598, 0.428496
0.392848, 0.428222
0.393098, 0.427948
0.393348, 0.427673
0.393598, 0.427399
0.393848, 0.427125
0.394099, 0.426852
0.394349, 0.426578
0.394599, 0.426304
0.394849, 0.426031
0.395099, 0.425757
0.395349, 0.425484
0.395599, 0.42521
0.395849, 0.424937
0.396099, 0.424664
0.396349, 0.424391
0.396599, 0.424118
0.396849, 0.423846
0.397099, 0.423573
0.397349, 0.4233
0.397599, 0.423028
0.397849, 0.422755
0.3981, 0.422483
0.39835, 0.422211
0.3986, 0.421939
0.39885, 0.421667
0.3991, 0.421395
0.39935, 0.421123
0.3996, 0.420851
0.39985, 0.420579
0.4001, 0.420308
0.40035, 0.420036
0.4006, 0.419765
0.40085, 0.419494
0.4011, 0.419223
0.40135, 0.418951
0.4016, 0.418681
0.40185, 0.41841
0.402101, 0.418139
0.402351, 0.417868
0.402601, 0.417598
0.402851, 0.417327
0.403101, 0.417057
0.403351, 0.416786
0.403601, 0.416516
0.403851, 0.416246
0.404101, 0.415976
0.404351, 0.415706
0.404601, 0.415436
0.404851, 0.415166
0.405101, 0.414897
0.405351, 0.414627
0.405601, 0.414358
0.405851, 0.414088
0.406102, 0.413819
0.406352, 0.41355
0.406602, 0.413281
0.406852, 0.413012
0.407102, 0.412743
0.407352, 0.412474
0.407602, 0.412205
0.407852, 0.411937
0.408102, 0.411668
0.408352, 0.4114
0.408602, 0.411131
0.408852, 0.410863
0.409102, 0.410595
0.409352, 0.410327
0.409602, 0.410059
0.409852, 0.409791
0.410103, 0.409523
0.410353, 0.409256
0.410603, 0.408988
0.410853, 0.408721
0.411103, 0.408453
0.411353, 0.408186
0.411603, 0.407919
0.411853, 0.407652
0.412103, 0.407385
0.412353, 0.407118
0.412603, 0.406851
0.412853, 0.406584
0.413103, 0.406317
0.413353, 0.406051
0.413603, 0.405784
0.413853, 0.405518
0.414104, 0.405252
0.414354, 0.404986
0.414604, 0.40472
0.414854, 0.404454
0.415104, 0.404188
0.415354, 0.403922
0.415604, 0.403656
0.415854, 0.403391
0.416104, 0.403125
0.416354, 0.40286
0.416604, 0.402594
0.416854, 0.402329
0.417104, 0.402064
0.417354, 0.401799
0.417604, 0.401534
0.417854, 0.401269
0.418105, 0.401004
0.418355, 0.40074
0.418605, 0.400475
0.418855, 0.400211
0.419105, 0.399946
0.419355, 0.399682
0.419605, 0.399418
0.419855, 0.399154
0.420105, 0.398889
0.420355, 0.398626
0.420605, 0.398362
0.420855, 0.398098
0.421105, 0.397834
0.421355, 0.397571
0.421605, 0.397307
0.421855, 0.397044
0.422106, 0.396781
0.422356, 0.396517
0.422606, 0.396254
0.422856, 0.395991
0.423106, 0.395728
0.423356, 0.395466
0.423606, 0.395203
0.423856, 0.39494
0.424106, 0.394678
0.424356, 0.394415
0.424606, 0.394153
0.424856, 0.393891
0.425106, 0.393629
0.425356, 0.393366
0.425606, 0.393105
0.425856, 0.392843
0.426107, 0.392581
0.426357, 0.392319
0.426607, 0.392058
0.426857, 0.391796
0.427107, 0.391535
0.427357, 0.391273
0.427607, 0.391012
0.427857, 0.390751
0.428107, 0.39049
0.428357, 0.390229
0.428607, 0.389968
0.428857, 0.389707
0.429107, 0.389447
0.429357, 0.389186
0.429607, 0.388925
0.429857, 0.388665
0.430108, 0.388405
0.430358, 0.388145
0.430608, 0.387884
0.430858, 0.387624
0.431108, 0.387364
0.431358, 0.387105
0.431608, 0.386845
0.431858, 0.386585
0.432108, 0.386326
0.432358, 0.386066
0.432608, 0.385807
0.432858, 0.385547
0.433108, 0.385288
0.433358, 0.385029
0.433608, 0.38477
0.433858, 0.384511
0.434109, 0.384252
0.434359, 0.383993
0.434609, 0.383735
0.434859, 0.383476
0.435109, 0.383218
0.435359, 0.382959
0.435609, 0.382701
0.435859, 0.382443
0.436109, 0.382185
0.436359, 0.381927
0.436609, 0.381669
0.436859, 0.381411
0.437109, 0.381153
0.437359, 0.380896
0.437609, 0.380638
0.437859, 0.380381
0.43811, 0.380123
0.43836, 0.379866
0.43861, 0.379609
0.43886, 0.379352
0.43911, 0.379095
0.43936, 0.378838
0.43961, 0.378581
0.43986, 0.378324
0.44011, 0.378068
0.44036, 0.377811
0.44061, 0.377555
0.44086, 0.377298
0.44111, 0.377042
0.44136, 0.376786
0.44161, 0.37653
0.44186, 0.376274
0.442111, 0.376018
0.442361, 0.375762
0.442611, 0.375506
0.442861, 0.37525
0.443111, 0.374995
0.443361, 0.374739
0.443611, 0.374484
0.443861, 0.374229
0.444111, 0.373974
0.444361, 0.373719
0.444611, 0.373464
0.444861, 0.373209
0.445111, 0.372954
0.445361, 0.372699
0.445611, 0.372444
0.445861, 0.37219
0.446112, 0.371935
0.446362, 0.371681
0.446612, 0.371427
0.446862, 0.371173
0.447112, 0.370918
0.447362, 0.370664
0.447612, 0.370411
0.447862, 0.370157
0.448112, 0.369903
0.448362, 0.369649
0.448612, 0.369396
0.448862, 0.369142
0.449112, 0.368889
0.449362, 0.368636
0.449612, 0.368382
0.449862, 0.368129
0.450113, 0.367876
0.450363, 0.367623
0.450613, 0.367371
0.450863, 0.367118
0.451113, 0.366865
0.451363, 0.366613
0.451613, 0.36636
0.451863, 0.366108
0.452113, 0.365855
0.452363, 0.365603
0.452613, 0.365351
0.452863, 0.365099
0.453113, 0.364847
0.453363, 0.364595
0.453613, 0.364344
0.453863, 0.364092
0.454114, 0.36384
0.454364, 0.363589
0.454614, 0.363338
0.454864, 0.363086
0.455114, 0.362835
0.455364, 0.362584
0.455614, 0.362333
0.455864, 0.362082
0.456114, 0.361831
0.456364, 0.36158
0.456614, 0.36133
0.456864, 0.361079
0.457114, 0.360829
0.457364, 0.360578
0.457614, 0.360328
0.457864, 0.360078
0.458115, 0.359828
0.458365, 0.359577
0.458615, 0.359328
0.458865, 0.359078
0.459115, 0.358828
0.459365, 0.358578
0.459615, 0.358329
0.459865, 0.358079
0.460115, 0.35783
0.460365, 0.35758
0.460615, 0.357331
0.460865, 0.357082
0.461115, 0.356833
0.461365, 0.356584
0.461615, 0.356335
0.461865, 0.356086
0.462116, 0.355838
0.462366, 0.355589
0.462616, 0.35534
0.462866, 0.355092
0.463116, 0.354844
0.463366, 0.354595
0.463616, 0.354347
0.463866, 0.354099
0.464116, 0.353851
0.464366, 0.353603
0.464616, 0.353355
0.464866, 0.353108
0.465116, 0.35286
0.465366, 0.352613
0.465616, 0.352365
0.465866, 0.352118
0.466117, 0.35187
0.466367, 0.351623
0.466617, 0.351376
0.466867, 0.351129
0.467117, 0.350882
0.467367, 0.350635
0.467617, 0.350389
0.467867, 0.350142
0.468117, 0.349895
0.468367, 0.349649
0.468617, 0.349403
0.468867, 0.349156
0.469117, 0.34891
0.469367, 0.348664
0.469617, 0.348418
0.469867, 0.348172
0.470118, 0.347926
0.470368, 0.34768
0.470618, 0.347435
0.470868, 0.347189
0.471118, 0.346944
0.471368, 0.346698
0.471618, 0.346453
0.471868, 0.346208
0.472118, 0.345962
0.472368, 0.345717
0.472618, 0.345472
0.472868, 0.345228
0.473118, 0.344983
0.473368, 0.344738
0.473618, 0.344493
0.473868, 0.344249
0.474119, 0.344004
0.474369, 0.34376
0.474619, 0.343516
0.474869, 0.343272
0.475119, 0.343028
0.475369, 0.342784
0.475619, 0.34254
0.475869, 0.342296
0.476119, 0.342052
0.476369, 0.341808
0.476619, 0.341565
0.476869, 0.341321
0.477119, 0.341078
0.477369, 0.340835
0.477619, 0.340592
0.477869, 0.340348
0.47812, 0.340105
0.47837, 0.339862
0.47862, 0.33962
0.47887, 0.339377
0.47912, 0.339134
0.47937, 0.338892
0.47962, 0.338649
0.47987, 0.338407
0.48012, 0.338164
0.48037, 0.337922
0.48062, 0.33768
0.48087, 0.337438
0.48112, 0.337196
0.48137, 0.336954
0.48162, 0.336712
0.48187, 0.33647
0.482121, 0.336229
0.482371, 0.335987
0.482621, 0.335746
0.482871, 0.335504
0.483121, 0.335263
0.483371, 0.335022
0.483621, 0.334781
0.483871, 0.33454
0.484121, 0.334299
0.484371, 0.334058
0.484621, 0.333817
0.484871, 0.333577
0.485121, 0.333336
0.485371, 0.333096
0.485621, 0.332855
0.485871, 0.332615
0.486122, 0.332375
0.486372, 0.332134
0.486622, 0.331894
0.486872, 0.331654
0.487122, 0.331415
0.487372, 0.331175
0.487622, 0.330935
0.487872, 0.330695
0.488122, 0.330456
0.488372, 0.330216
0.488622, 0.329977
0.488872, 0.329738
0.489122, 0.329499
0.489372, 0.329259
0.489622, 0.32902
0.489872, 0.328782
0.490123, 0.328543
0.490373, 0.328304
0.490623, 0.328065
0.490873, 0.327827
0.491123, 0.327588
0.491373, 0.32735
0.491623, 0.327112
0.491873, 0.326873
0.492123, 0.326635
0.492373, 0.326397
0.492623, 0.326159
0.492873, 0.325921
0.493123, 0.325683
0.493373, 0.325446
0.493623, 0.325208
0.493873, 0.324971
0.494124, 0.324733
0.494374, 0.324496
0.494624, 0.324258
0.494874, 0.324021
0.495124, 0.323784
0.495374, 0.323547
0.495624, 0.32331
0.495874, 0.323073
0.496124, 0.322837
0.496374, 0.3226
0.496624, 0.322363
0.496874, 0.322127
0.497124, 0.32189
0.497374, 0.321654
0.497624, 0.321418
0.497874, 0.321182
0.498125, 0.320946
0.498375, 0.32071
0.498625, 0.320474
0.498875, 0.320238
0.499125, 0.320002
0.499375, 0.319767
0.499625, 0.319531
0.499875, 0.319296
0.500125, 0.31906
0.500375, 0.318825
0.500625, 0.31859
0.500875, 0.318355
0.501125, 0.318119
0.501375, 0.317885
0.501625, 0.31765
0.501875, 0.317415
0.502126, 0.31718
0.502376, 0.316946
0.502626, 0.316711
0.502876, 0.316477
0.503126, 0.316242
0.503376, 0.316008
0.503626, 0.315774
0.503876, 0.31554
0.504126, 0.315306
0.504376, 0.315072
0.504626, 0.314838
0.504876, 0.314604
0.505126, 0.314371
0.505376, 0.314137
0.505626, 0.313903
0.505876, 0.31367
0.506127, 0.313437
0.506377, 0.313203
0.506627, 0.31297
0.506877, 0.312737
0.507127, 0.312504
0.507377, 0.312271
0.507627, 0.312039
0.507877, 0.311806
0.508127, 0.311573
0.508377, 0.311341
0.508627, 0.311108
0.508877, 0.310876
0.509127, 0.310644
0.509377, 0.310411
0.509627, 0.310179
0.509877, 0.309947
0.510128, 0.309715
0.510378, 0.309483
0.510628, 0.309252
0.510878, 0.30902
0.511128, 0.308788
0.511378, 0.308557
0.511628, 0.308325
0.511878, 0.308094
0.512128, 0.307863
0.512378, 0.307631
0.512628, 0.3074
0.512878, 0.307169
0.513128, 0.306938
0.513378, 0.306708
0.513628, 0.306477
0.513878, 0.306246
0.514129, 0.306015
0.514379, 0.305785
0.514629, 0.305555
0.514879, 0.305324
0.515129, 0.305094
0.515379, 0.304864
0.515629, 0.304634
0.515879, 0.304404
0.516129, 0.304174
0.516379, 0.303944
0.516629, 0.303714
0.516879, 0.303485
0.517129, 0.303255
0.517379, 0.303025
0.517629, 0.302796
0.517879, 0.302567
0.51813, 0.302338
0.51838, 0.302108
0.51863, 0.301879
0.51888, 0.30165
0.51913, 0.301421
0.51938, 0.301193
0.51963, 0.300964
0.51988, 0.300735
0.52013, 0.300507
0.52038, 0.300278
0.52063, 0.30005
0.52088, 0.299821
0.52113, 0.299593
0.52138, 0.299365
0.52163, 0.299137
0.52188, 0.298909
0.522131, 0.298681
0.522381, 0.298453
0.522631, 0.298226
0.522881, 0.297998
0.523131, 0.29777
0.523381, 0.297543
0.523631, 0.297316
0.523881, 0.297088
0.524131, 0.296861
0.524381, 0.296634
0.524631, 0.296407
0.524881, 0.29618
0.525131, 0.295953
0.525381, 0.295726
0.525631, 0.2955
0.525881, 0.295273
0.526132, 0.295046
0.526382, 0.29482
0.526632, 0.294594
0.526882, 0.294367
0.527132, 0.294141
0.527382, 0.293915
0.527632, 0.293689
0.527882, 0.293463
0.528132, 0.293237
0.528382, 0.293011
0.528632, 0.292786
0.528882, 0.29256
0.529132, 0.292335
0.529382, 0.292109
0.529632, 0.291884
0.529882, 0.291658
0.530133, 0.291433
0.530383, 0.291208
0.530633, 0.290983
0.530883, 0.290758
0.531133, 0.290533
0.531383, 0.290308
0.531633, 0.290084
0.531883, 0.289859
0.532133, 0.289635
0.532383, 0.28941
0.532633, 0.289186
0.532883, 0.288962
0.533133, 0.288737
0.533383, 0.288513
0.533633, 0.288289
0.533883, 0.288065
0.534134, 0.287841
0.534384, 0.287618
0.534634, 0.287394
0.534884, 0.28717
0.535134, 0.286947
0.535384, 0.286723
0.535634, 0.2865
0.535884, 0.286277
0.536134, 0.286053
0.536384, 0.28583
0.536634, 0.285607
0.536884, 0.285384
0.537134, 0.285162
0.537384, 0.284939
0.537634, 0.284716
0.537884, 0.284493
0.538135, 0.284271
0.538385, 0.284048
0.538635, 0.283826
0.538885, 0.283604
0.539135, 0.283382
0.539385, 0.28316
0.539635, 0.282937
0.539885, 0.282716
0.540135, 0.282494
0.540385, 0.282272
0.540635, 0.28205
0.540885, 0.281829
0.541135, 0.281607
0.541385, 0.281386
0.541635, 0.281164
0.541885, 0.280943
0.542136, 0.280722
0.542386, 0.280501
0.542636, 0.28028
0.542886, 0.280059
0.543136, 0.279838
0.543386, 0.279617
0.543636, 0.279396
0.543886, 0.279176
0.544136, 0.278955
0.544386, 0.278735
0.544636, 0.278514
0.544886, 0.278294
0.545136, 0.278074
0.545386, 0.277854
0.545636, 0.277634
0.545886, 0.277414
0.546137, 0.277194
0.546387, 0.276974
0.546637, 0.276754
0.546887, 0.276535
0.547137, 0.276315
0.547387, 0.276096
0.547637, 0.275876
0.547887, 0.275657
0.548137, 0.275438
0.548387, 0.275219
0.548637, 0.274999
0.548887, 0.27478
0.549137, 0.274562
0.549387, 0.274343
0.549637, 0.274124
0.549887, 0.273905
0.550138, 0.273687
0.550388, 0.273468
0.550638, 0.27325
0.550888, 0.273032
0.551138, 0.272813
0.551388, 0.272595
0.551638, 0.272377
0.551888, 0.272159
0.552138, 0.271941
0.552388, 0.271723
0.552638, 0.271506
0.552888, 0.271288
0.553138, 0.271071
0.553388, 0.270853
0.553638, 0.270636
0.553888, 0.270418
0.554139, 0.270201
0.554389, 0.269984
0.554639, 0.269767
0.554889, 0.26955
0.555139, 0.269333
0.555389, 0.269116
0.555639, 0.268899
0.555889, 0.268683
0.556139, 0.268466
0.556389, 0.268249
0.556639, 0.268033
0.556889, 0.267817
0.557139, 0.2676
0.557389, 0.267384
0.557639, 0.267168
0.557889, 0.266952
0.55814, 0.266736
0.55839, 0.26652
0.55864, 0.266305
0.55889, 0.266089
0.55914, 0.265873
0.55939, 0.265658
0.55964, 0.265442
0.55989, 0.265227
0.56014, 0.265012
0.56039, 0.264796
0.56064, 0.264581
0.56089, 0.264366
0.56114, 0.264151
0.56139, 0.263936
0.56164, 0.263722
0.56189, 0.263507
0.562141, 0.263292
0.562391, 0.263078
0.562641, 0.262863
0.562891, 0.262649
0.563141, 0.262434
0.563391, 0.26222
0.563641, 0.262006
0.563891, 0.261792
0.564141, 0.261578
0.564391, 0.261364
0.564641, 0.26115
0.564891, 0.260937
0.565141, 0.260723
0.565391, 0.260509
0.565641, 0.260296
0.565891, 0.260082
0.566142, 0.259869
0.566392, 0.259656
0.566642, 0.259443
0.566892, 0.25923
0.567142, 0.259017
0.567392, 0.258804
0.567642, 0.258591
0.567892, 0.258378
0.568142, 0.258165
0.568392, 0.257953
0.568642, 0.25774
0.568892, 0.257528
0.569142, 0.257315
0.569392, 0.257103
0.569642, 0.256891
0.569892, 0.256679
0.570143, 0.256467
0.570393, 0.256255
0.570643, 0.256043
0.570893, 0.255831
0.571143, 0.255619
0.571393, 0.255408
0.571643, 0.255196
0.571893, 0.254985
0.572143, 0.254773
0.572393, 0.254562
0.572643, 0.254351
0.572893, 0.25414
0.573143, 0.253929
0.573393, 0.253718
0.573643, 0.253507
0.573893, 0.253296
0.574144, 0.253085
0.574394, 0.252874
0.574644, 0.252664
0.574894, 0.252453
0.575144, 0.252243
0.575394, 0.252033
0.575644, 0.251822
0.575894, 0.251612
0.576144, 0.251402
0.576394, 0.251192
0.576644, 0.250982
0.576894, 0.250772
0.577144, 0.250562
0.577394, 0.250353
0.577644, 0.250143
0.577894, 0.249933
0.578145, 0.249724
0.578395, 0.249515
0.578645, 0.249305
0.578895, 0.249096
0.579145, 0.248887
0.579395, 0.248678
0.579645, 0.248469
0.579895, 0.24826
0.580145, 0.248051
0.580395, 0.247842
0.580645, 0.247634
0.580895, 0.247425
0.581145, 0.247217
0.581395, 0.247008
0.581645, 0.2468
0.581895, 0.246592
0.582146, 0.246383
0.582396, 0.246175
0.582646, 0.245967
0.582896, 0.245759
0.583146, 0.245552
0.583396, 0.245344
0.583646, 0.245136
0.583896, 0.244928
0.584146, 0.244721
0.584396, 0.244513
0.584646, 0.244306
0.584896, 0.244099
0.585146, 0.243892
0.585396, 0.243684
0.585646, 0.243477
0.585896, 0.24327
0.586147, 0.243063
0.586397, 0.242857
0.586647, 0.24265
0.586897, 0.242443
0.587147, 0.242237
0.587397, 0.24203
0.587647, 0.241824
0.587897, 0.241617
0.588147, 0.241411
0.588397, 0.241205
0.588647, 0.240999
0.588897, 0.240793
0.589147, 0.240587
0.589397, 0.240381
0.589647, 0.240175
0.589897, 0.239969
0.590148, 0.239764
0.590398, 0.239558
0.590648, 0.239353
0.590898, 0.239147
0.591148, 0.238942
0.591398, 0.238737
0.591648, 0.238532
0.591898, 0.238327
0.592148, 0.238122
0.592398, 0.237917
0.592648, 0.237712
0.592898, 0.237507
0.593148, 0.237302
0.593398, 0.237098
0.593648, 0.236893
0.593898, 0.236689
0.594149, 0.236485
0.594399, 0.23628
0.594649, 0.236076
0.594899, 0.235872
0.595149, 0.235668
0.595399, 0.235464
0.595649, 0.23526
0.595899, 0.235056
0.596149, 0.234853
0.596399, 0.234649
0.596649, 0.234445
0.596899, 0.234242
0.597149, 0.234038
0.597399, 0.233835
0.597649, 0.233632
0.597899, 0.233429
0.59815, 0.233226
0.5984, 0.233023
0.59865, 0.23282
0.5989, 0.232617
0.59915, 0.232414
0.5994, 0.232211
0.59965, 0.232009
0.5999, 0.231806
0.60015, 0.231604
0.6004, 0.231401
0.60065, 0.231199
0.6009, 0.230997
0.60115, 0.230795
0.6014, 0.230593
0.60165, 0.230391
0.6019, 0.230189
0.602151, 0.229987
0.602401, 0.229785
0.602651, 0.229583
0.602901, 0.229382
0.603151, 0.22918
0.603401, 0.228979
0.603651, 0.228777
0.603901, 0.228576
0.604151, 0.228375
0.604401, 0.228174
0.604651, 0.227973
0.604901, 0.227772
0.605151, 0.227571
0.605401, 0.22737
0.605651, 0.227169
0.605901, 0.226969
0.606152, 0.226768
0.606402, 0.226568
0.606652, 0.226367
0.606902, 0.226167
0.607152, 0.225967
0.607402, 0.225766
0.607652, 0.225566
0.607902, 0.225366
0.608152, 0.225166
0.608402, 0.224967
0.608652, 0.224767
0.608902, 0.224567
0.609152, 0.224367
0.609402, 0.224168
0.609652, 0.223968
0.609902, 0.223769
0.610153, 0.22357
0.610403, 0.22337
0.610653, 0.223171
0.610903, 0.222972
0.611153, 0.222773
0.611403, 0.222574
0.611653, 0.222375
0.611903, 0.222177
0.612153, 0.221978
0.612403, 0.221779
0.612653, 0.221581
0.612903, 0.221382
0.613153, 0.221184
0.613403, 0.220986
0.613653, 0.220787
0.613903, 0.220589
0.614154, 0.220391
0.614404, 0.220193
0.614654, 0.219995
0.614904, 0.219797
0.615154, 0.2196
0.615404, 0.219402
0.615654, 0.219204
0.615904, 0.219007
0.616154, 0.218809
0.616404, 0.218612
0.616654, 0.218415
0.616904, 0.218217
0.617154, 0.21802
0.617404, 0.217823
0.617654, 0.217626
0.617904, 0.217429
0.618155, 0.217233
0.618405, 0.217036
0.618655, 0.216839
0.618905, 0.216642
0.619155, 0.216446
0.619405, 0.21625
0.619655, 0.216053
0.619905, 0.215857
0.620155, 0.215661
0.620405, 0.215465
0.620655, 0.215268
0.620905, 0.215073
0.621155, 0.214877
0.621405, 0.214681
0.621655, 0.214485
0.621905, 0.214289
0.622156, 0.214094
0.622406, 0.213898
0.622656, 0.213703
0.622906, 0.213508
0.623156, 0.213312
0.623406, 0.213117
0.623656, 0.212922
0.623906, 0.212727
0.624156, 0.212532
0.624406, 0.212337
0.624656, 0.212142
0.624906, 0.211947
0.625156, 0.211753
0.625406, 0.211558
0.625656, 0.211364
0.625906, 0.211169
0.626157, 0.210975
0.626407, 0.210781
0.626657, 0.210586
0.626907, 0.210392
0.627157, 0.210198
0.627407, 0.210004
0.627657, 0.20981
0.627907, 0.209617
0.628157, 0.209423
0.628407, 0.209229
0.628657, 0.209036
0.628907, 0.208842
0.629157, 0.208649
0.629407, 0.208455
0.629657, 0.208262
0.629907, 0.208069
0.630158, 0.207876
0.630408, 0.207683
0.630658, 0.20749
0.630908, 0.207297
0.631158, 0.207104
0.631408, 0.206911
0.631658, 0.206719
0.631908, 0.206526
0.632158, 0.206334
0.632408, 0.206141
0.632658, 0.205949
0.632908, 0.205757
0.633158, 0.205564
0.633408, 0.205372
0.633658, 0.20518
0.633908, 0.204988
0.634159, 0.204796
0.634409, 0.204605
0.634659, 0.204413
0.634909, 0.204221
0.635159, 0.20403
0.635409, 0.203838
0.635659, 0.203647
0.635909, 0.203455
0.636159, 0.203264
0.636409, 0.203073
0.636659, 0.202882
0.636909, 0.202691
0.637159, 0.2025
0.637409, 0.202309
0.637659, 0.202118
0.637909, 0.201927
0.63816, 0.201737
0.63841, 0.201546
0.63866, 0.201356
0.63891, 0.201165
0.63916, 0.200975
0.63941, 0.200785
0.63966, 0.200594
0.63991, 0.200404
0.64016, 0.200214
0.64041, 0.200024
0.64066, 0.199834
0.64091, 0.199645
0.64116, 0.199455
0.64141, 0.199265
0.64166, 0.199076
0.64191, 0.198886
0.642161, 0.198697
0.642411, 0.198507
0.642661, 0.198318
0.642911, 0.198129
0.643161, 0.19794
0.643411, 0.197751
0.643661, 0.197562
0.643911, 0.197373
0.644161, 0.197184
0.644411, 0.196995
0.644661, 0.196806
0.644911, 0.196618
0.645161, 0.196429
0.645411, 0.196241
0.645661, 0.196053
0.645911, 0.195864
0.646162, 0.195676
0.646412, 0.195488
0.646662, 0.1953
0.646912, 0.195112
0.647162, 0.194924
0.647412, 0.194736
0.647662, 0.194548
0.647912, 0.194361
0.648162, 0.194173
0.648412, 0.193985
0.648662, 0.193798
0.648912, 0.193611
0.649162, 0.193423
0.649412, 0.193236
0.649662, 0.193049
0.649912, 0.192862
0.650163, 0.192675
0.650413, 0.192488
0.650663, 0.192301
0.650913, 0.192114
0.651163, 0.191928
0.651413, 0.191741
0.651663, 0.191554
0.651913, 0.191368
0.652163, 0.191182
0.652413, 0.190995
0.652663, 0.190809
0.652913, 0.190623
0.653163, 0.190437
0.653413, 0.190251
0.653663, 0.190065
0.653913, 0.189879
0.654164, 0.189693
0.654414, 0.189507
0.654664, 0.189322
0.654914, 0.189136
0.655164, 0.188951
0.655414, 0.188765
0.655664, 0.18858
0.655914, 0.188395
0.656164, 0.188209
0.656414, 0.188024
0.656664, 0.187839
0.656914, 0.187654
0.657164, 0.18747
0.657414, 0.187285
0.657664, 0.1871
0.657914, 0.186915
0.658165, 0.186731
0.658415, 0.186546
0.658665, 0.186362
0.658915, 0.186177
0.659165, 0.185993
0.659415, 0.185809
0.659665, 0.185625
0.659915, 0.185441
0.660165, 0.185257
0.660415, 0.185073
0.660665, 0.184889
0.660915, 0.184705
0.661165, 0.184522
0.661415, 0.184338
0.661665, 0.184154
0.661915, 0.183971
0.662166, 0.183788
0.662416, 0.183604
0.662666, 0.183421
0.662916, 0.183238
0.663166, 0.183055
0.663416, 0.182872
0.663666, 0.182689
0.663916, 0.182506
0.664166, 0.182323
0.664416, 0.182141
0.664666, 0.181958
0.664916, 0.181775
0.665166, 0.181593
0.665416, 0.181411
0.665666, 0.181228
0.665916, 0.181046
0.666167, 0.180864
0.666417, 0.180682
0.666667, 0.1805
0.666917, 0.180318
0.667167, 0.180136
0.667417, 0.179954
0.667667, 0.179772
0.667917, 0.179591
0.668167, 0.179409
0.668417, 0.179228
0.668667, 0.179046
0.668917, 0.178865
0.669167, 0.178683
0.669417, 0.178502
0.669667, 0.178321
0.669917, 0.17814
0.670168, 0.177959
0.670418, 0.177778
0.670668, 0.177597
0.670918, 0.177417
0.671168, 0.177236
0.671418, 0.177055
0.671668, 0.176875
0.671918, 0.176694
0.672168, 0.176514
0.672418, 0.176334
0.672668, 0.176153
0.672918, 0.175973
0.673168, 0.175793
0.673418, 0.175613
0.673668, 0.175433
0.673918, 0.175253
0.674169, 0.175074
0.674419, 0.174894
0.674669, 0.174714
0.674919, 0.174535
0.675169, 0.174355
0.675419, 0.174176
0.675669, 0.173996
0.675919, 0.173817
0.676169, 0.173638
0.676419, 0.173459
0.676669, 0.17328
0.676919, 0.173101
0.677169, 0.172922
0.677419, 0.172743
0.677669, 0.172564
0.677919, 0.172386
0.67817, 0.172207
0.67842, 0.172029
0.67867, 0.17185
0.67892, 0.171672
0.67917, 0.171493
0.67942, 0.171315
0.67967, 0.171137
0.67992, 0.170959
0.68017, 0.170781
0.68042, 0.170603
0.68067, 0.170425
0.68092, 0.170247
0.68117, 0.17007
0.68142, 0.169892
0.68167, 0.169714
0.68192, 0.169537
0.682171, 0.16936
0.682421, 0.169182
0.682671, 0.169005
0.682921, 0.168828
0.683171, 0.168651
0.683421, 0.168474
0.683671, 0.168297
0.683921, 0.16812
0.684171, 0.167943
0.684421, 0.167766
0.684671, 0.16759
0.684921, 0.167413
0.685171, 0.167236
0.685421, 0.16706
0.685671, 0.166884
0.685921, 0.166707
0.686172, 0.166531
0.686422, 0.166355
0.686672, 0.166179
0.686922, 0.166003
0.687172, 0.165827
0.687422, 0.165651
0.687672, 0.165475
0.687922, 0.1653
0.688172, 0.165124
0.688422, 0.164948
0.688672, 0.164773
0.688922, 0.164597
0.689172, 0.164422
0.689422, 0.164247
0.689672, 0.164072
0.689922, 0.163897
0.690173, 0.163721
0.690423, 0.163547
0.690673, 0.163372
0.690923, 0.163197
0.691173, 0.163022
0.691423, 0.162847
0.691673, 0.162673
0.691923, 0.162498
0.692173, 0.162324
0.692423, 0.162149
0.692673, 0.161975
0.692923, 0.161801
0.693173, 0.161627
0.693423, 0.161453
0.693673, 0.161279
0.693923, 0.161105
0.694174, 0.160931
0.694424, 0.160757
0.694674, 0.160583
0.694924, 0.16041
0.695174, 0.160236
0.695424, 0.160063
0.695674, 0.159889
0.695924, 0.159716
0.696174, 0.159542
0.696424, 0.159369
0.696674, 0.159196
0.696924, 0.159023
0.697174, 0.15885
0.697424, 0.158677
0.697674, 0.158504
0.697924, 0.158332
0.698175, 0.158159
0.698425, 0.157986
0.698675, 0.157814
0.698925, 0.157641
0.699175, 0.157469
0.699425, 0.157296
0.699675, 0.157124
0.699925, 0.156952
0.700175, 0.15678
0.700425, 0.156608
0.700675, 0.156436
0.700925, 0.156264
0.701175, 0.156092
0.701425, 0.15592
0.701675, 0.155749
0.701925, 0.155577
0.702176, 0.155406
0.702426, 0.155234
0.702676, 0.155063
0.702926, 0.154892
0.703176, 0.15472
0.703426, 0.154549
0.703676, 0.154378
0.703926, 0.154207
0.704176, 0.154036
0.704426, 0.153865
0.704676, 0.153694
0.704926, 0.153524
0.705176, 0.153353
0.705426, 0.153182
0.705676, 0.153012
0.705926, 0.152842
0.706177, 0.152671
0.706427, 0.152501
0.706677, 0.152331
0.706927, 0.152161
0.707177, 0.15199
0.707427, 0.15182
0.707677, 0.151651
0.707927, 0.151481
0.708177, 0.151311
0.708427, 0.151141
0.708677, 0.150972
0.708927, 0.150802
0.709177, 0.150633
0.709427, 0.150463
0.709677, 0.150294
0.709927, 0.150125
0.710178, 0.149955
0.710428, 0.149786
0.710678, 0.149617
0.710928, 0.149448
0.711178, 0.149279
0.711428, 0.14911
0.711678, 0.148942
0.711928, 0.148773
0.712178, 0.148604
0.712428, 0.148436
0.712678, 0.148267
0.712928, 0.148099
0.713178, 0.147931
0.713428, 0.147762
0.713678, 0.147594
0.713928, 0.147426
0.714179, 0.147258
0.714429, 0.14709
0.714679, 0.146922
0.714929, 0.146754
0.715179, 0.146587
0.715429, 0.146419
0.715679, 0.146251
0.715929, 0.146084
0.716179, 0.145916
0.716429, 0.145749
0.716679, 0.145582
0.716929, 0.145415
0.717179, 0.145247
0.717429, 0.14508
0.717679, 0.144913
0.717929, 0.144746
0.71818, 0.144579
0.71843, 0.144413
0.71868, 0.144246
0.71893, 0.144079
0.71918, 0.143913
0.71943, 0.143746
0.71968, 0.14358
0.71993, 0.143413
0.72018, 0.143247
0.72043, 0.143081
0.72068, 0.142915
0.72093, 0.142749
0.72118, 0.142583
0.72143, 0.142417
0.72168, 0.142251
0.72193, 0.142085
0.722181, 0.141919
0.722431, 0.141754
0.722681, 0.141588
0.722931, 0.141422
0.723181, 0.141257
0.723431, 0.141092
0.723681, 0.140926
0.723931, 0.140761
0.724181, 0.140596
0.724431, 0.140431
0.724681, 0.140266
0.724931, 0.140101
0.725181, 0.139936
0.725431, 0.139771
0.725681, 0.139607
0.725931, 0.139442
0.726182, 0.139277
0.726432, 0.139113
0.726682, 0.138949
0.726932, 0.138784
0.727182, 0.13862
0.727432, 0.138456
0.727682, 0.138292
0.727932, 0.138127
0.728182, 0.137964
0.728432, 0.1378
0.728682, 0.137636
0.728932, 0.137472
0.729182, 0.137308
0.729432, 0.137145
0.729682, 0.136981
0.729932, 0.136818
0.730183, 0.136654
0.730433, 0.136491
0.730683, 0.136328
0.730933, 0.136164
0.731183, 0.136001
0.731433, 0.135838
0.731683, 0.135675
0.731933, 0.135512
0.732183, 0.135349
0.732433, 0.135187
0.732683, 0.135024
0.732933, 0.134861
0.733183, 0.134699
0.733433, 0.134536
0.733683, 0.134374
0.733933, 0.134211
0.734184, 0.134049
0.734434, 0.133887
0.734684, 0.133725
0.734934, 0.133563
0.735184, 0.133401
0.735434, 0.133239
0.735684, 0.133077
0.735934, 0.132915
0.736184, 0.132754
0.736434, 0.132592
0.736684, 0.13243
0.736934, 0.132269
0.737184, 0.132107
0.737434, 0.131946
0.737684, 0.131785
0.737934, 0.131624
0.738185, 0.131462
0.738435, 0.131301
0.738685, 0.13114
0.738935, 0.130979
0.739185, 0.130819
0.739435, 0.130658
0.739685, 0.130497
0.739935, 0.130337
0.740185, 0.130176
0.740435, 0.130015
0.740685, 0.129855
0.740935, 0.129695
0.741185, 0.129534
0.741435, 0.129374
0.741685, 0.129214
0.741935, 0.129054
0.742186, 0.128894
0.742436, 0.128734
0.742686, 0.128574
0.742936, 0.128414
0.743186, 0.128255
0.743436, 0.128095
0.743686, 0.127936
0.743936, 0.127776
0.744186, 0.127617
0.744436, 0.127457
0.744686, 0.127298
0.744936, 0.127139
0.745186, 0.12698
0.745436, 0.126821
0.745686, 0.126662
0.745936, 0.126503
0.746187, 0.126344
0.746437, 0.126185
0.746687, 0.126026
0.746937, 0.125868
0.747187, 0.125709
0.747437, 0.125551
0.747687, 0.125392
0.747937, 0.125234
0.748187, 0.125076
0.748437, 0.124917
0.748687, 0.124759
0.748937, 0.124601
0.749187, 0.124443
0.749437, 0.124285
0.749687, 0.124127
0.749937, 0.123969
0.750188, 0.123812
0.750438, 0.123654
0.750688, 0.123497
0.750938, 0.123339
0.751188, 0.123182
0.751438, 0.123024
0.751688, 0.122867
0.751938, 0.12271
0.752188, 0.122553
0.752438, 0.122395
0.752688, 0.122238
0.752938, 0.122081
0.753188, 0.121925
0.753438, 0.121768
0.753688, 0.121611
0.753938, 0.121454
0.754189, 0.121298
0.754439, 0.121141
0.754689, 0.120985
0.754939, 0.120828
0.755189, 0.120672
0.755439, 0.120516
0.755689, 0.12036
0.755939, 0.120204
0.756189, 0.120048
0.756439, 0.119892
0.756689, 0.119736
0.756939, 0.11958
0.757189, 0.119424
0.757439, 0.119269
0.757689, 0.119113
0.757939, 0.118957
0.75819, 0.118802
0.75844, 0.118647
0.75869, 0.118491
0.75894, 0.118336
0.75919, 0.118181
0.75944, 0.118026
0.75969, 0.117871
0.75994, 0.117716
0.76019, 0.117561
0.76044, 0.117406
0.76069, 0.117251
0.76094, 0.117097
0.76119, 0.116942
0.76144, 0.116787
0.76169, 0.116633
0.76194, 0.116478
0.762191, 0.116324
0.762441, 0.11617
0.762691, 0.116016
0.762941, 0.115862
0.763191, 0.115707
0.763441, 0.115553
0.763691, 0.1154
0.763941, 0.115246
0.764191, 0.115092
0.764441, 0.114938
0.764691, 0.114785
0.764941, 0.114631
0.765191, 0.114478
0.765441, 0.114324
0.765691, 0.114171
0.765941, 0.114017
0.766192, 0.113864
0.766442, 0.113711
0.766692, 0.113558
0.766942, 0.113405
0.767192, 0.113252
0.767442, 0.113099
0.767692, 0.112946
0.767942, 0.112794
0.768192, 0.112641
0.768442, 0.112488
0.768692, 0.112336
0.768942, 0.112184
0.769192, 0.112031
0.769442, 0.111879
0.769692, 0.111727
0.769942, 0.111574
0.770193, 0.111422
0.770443, 0.11127
0.770693, 0.111118
0.770943, 0.110966
0.771193, 0.110815
0.771443, 0.110663
0.771693, 0.110511
0.771943, 0.11036
0.772193, 0.110208
0.772443, 0.110057
0.772693, 0.109905
0.772943, 0.109754
0.773193, 0.109603
0.773443, 0.109451
0.773693, 0.1093
0.773943, 0.109149
0.774194, 0.108998
0.774444, 0.108847
0.774694, 0.108697
0.774944, 0.108546
0.775194, 0.108395
0.775444, 0.108244
0.775694, 0.108094
0.775944, 0.107943
0.776194, 0.107793
0.776444, 0.107643
0.776694, 0.107492
0.776944, 0.107342
0.777194, 0.107192
0.777444, 0.107042
0.777694, 0.106892
0.777944, 0.106742
0.778195, 0.106592
0.778445, 0.106442
0.778695, 0.106293
0.778945, 0.106143
0.779195, 0.105993
0.779445, 0.105844
0.779695, 0.105694
0.779945, 0.105545
0.780195, 0.105396
0.780445, 0.105247
0.780695, 0.105097
0.780945, 0.104948
0.781195, 0.104799
0.781445, 0.10465
0.781695, 0.104501
0.781945, 0.104353
0.782196, 0.104204
0.782446, 0.104055
0.782696, 0.103907
0.782946, 0.103758
0.783196, 0.103609
0.783446, 0.103461
0.783696, 0.103313
0.783946, 0.103164
0.784196, 0.103016
0.784446, 0.102868
0.784696, 0.10272
0.784946, 0.102572
0.785196, 0.102424
0.785446, 0.102276
0.785696, 0.102129
0.785946, 0.101981
0.786197, 0.101833
0.786447, 0.101686
0.786697, 0.101538
0.786947, 0.101391
0.787197, 0.101243
0.787447, 0.101096
0.787697, 0.100949
0.787947, 0.100802
0.788197, 0.100655
0.788447, 0.100508
0.788697, 0.100361
0.788947, 0.100214
0.789197, 0.100067
0.789447, 0.0999202
0.789697, 0.0997735
0.789947, 0.0996269
0.790198, 0.0994803
0.790448, 0.0993339
0.790698, 0.0991875
0.790948, 0.0990411
0.791198, 0.0988949
0.791448, 0.0987487
0.791698, 0.0986026
0.791948, 0.0984565
0.792198, 0.0983105
0.792448, 0.0981646
0.792698, 0.0980188
0.792948, 0.097873
0.793198, 0.0977273
0.793448, 0.0975817
0.793698, 0.0974361
0.793948, 0.0972906
0.794199, 0.0971452
0.794449, 0.0969998
0.794699, 0.0968545
0.794949, 0.0967093
0.795199, 0.0965641
0.795449, 0.096419
0.795699, 0.096274
0.795949, 0.0961291
0.796199, 0.0959842
0.796449, 0.0958394
0.796699, 0.0956946
0.796949, 0.0955499
0.797199, 0.0954053
0.797449, 0.0952608
0.797699, 0.0951163
0.797949, 0.0949719
0.7982, 0.0948276
0.79845, 0.0946833
0.7987, 0.0945392
0.79895, 0.094395
0.7992, 0.094251
0.79945, 0.094107
0.7997, 0.0939631
0.79995, 0.0938192
0.8002, 0.0936754
0.80045, 0.0935317
0.8007, 0.0933881
0.80095, 0.0932445
0.8012, 0.093101
0.80145, 0.0929576
0.8017, 0.0928142
0.80195, 0.0926709
0.802201, 0.0925277
0.802451, 0.0923845
0.802701, 0.0922414
0.802951, 0.0920984
0.803201, 0.0919554
0.803451, 0.0918125
0.803701, 0.0916697
0.803951, 0.091527
0.804201, 0.0913843
0.804451, 0.0912417
0.804701, 0.0910991
0.804951, 0.0909566
0.805201, 0.0908142
0.805451, 0.0906719
0.805701, 0.0905296
0.805951, 0.0903874
0.806202, 0.0902453
0.806452, 0.0901032
0.806702, 0.0899612
0.806952, 0.0898193
0.807202, 0.0896774
0.807452, 0.0895356
0.807702, 0.0893939
0.807952, 0.0892522
0.808202, 0.0891107
0.808452, 0.0889691
0.808702, 0.0888277
0.808952, 0.0886863
0.809202, 0.088545
0.809452, 0.0884037
0.809702, 0.0882626
0.809952, 0.0881215
0.810203, 0.0879804
0.810453, 0.0878394
0.810703, 0.0876985
0.810953, 0.0875577
0.811203, 0.0874169
0.811453, 0.0872762
0.811703, 0.0871356
0.811953, 0.086995
0.812203, 0.0868545
0.812453, 0.0867141
0.812703, 0.0865737
0.812953, 0.0864335
0.813203, 0.0862932
0.813453, 0.0861531
0.813703, 0.086013
0.813953, 0.085873
0.814204, 0.085733
0.814454, 0.0855931
0.814704, 0.0854533
0.814954, 0.0853136
0.815204, 0.0851739
0.815454, 0.0850343
0.815704, 0.0848948
0.815954, 0.0847553
0.816204, 0.0846159
0.816454, 0.0844765
0.816704, 0.0843373
0.816954, 0.0841981
0.817204, 0.0840589
0.817454, 0.0839199
0.817704, 0.0837809
0.817954, 0.0836419
0.818205, 0.0835031
0.818455, 0.0833643
0.818705, 0.0832256
0.818955, 0.0830869
0.819205, 0.0829483
0.819455, 0.0828098
0.819705, 0.0826713
0.819955, 0.082533
0.820205, 0.0823946
0.820455, 0.0822564
0.820705, 0.0821182
0.820955, 0.0819801
0.821205, 0.081842
0.821455, 0.0817041
0.821705, 0.0815662
0.821955, 0.0814283
0.822206, 0.0812905
0.822456, 0.0811528
0.822706, 0.0810152
0.822956, 0.0808776
0.823206, 0.0807401
0.823456, 0.0806027
0.823706, 0.0804653
0.823956, 0.080328
0.824206, 0.0801908
0.824456, 0.0800536
0.824706, 0.0799165
0.824956, 0.0797795
0.825206, 0.0796425
0.825456, 0.0795056
0.825706, 0.0793688
0.825956, 0.079232
0.826207, 0.0790954
0.826457, 0.0789587
0.826707, 0.0788222
0.826957, 0.0786857
0.827207, 0.0785493
0.827457, 0.0784129
0.827707, 0.0782766
0.827957, 0.0781404
0.828207, 0.0780043
0.828457, 0.0778682
0.828707, 0.0777322
0.828957, 0.0775962
0.829207, 0.0774603
0.829457, 0.0773245
0.829707, 0.0771888
0.829957, 0.0770531
0.830208, 0.0769175
0.830458, 0.076782
0.830708, 0.0766465
0.830958, 0.0765111
0.831208, 0.0763757
0.831458, 0.0762405
0.831708, 0.0761053
0.831958, 0.0759701
0.832208, 0.0758351
0.832458, 0.0757001
0.832708, 0.0755651
0.832958, 0.0754303
0.833208, 0.0752955
0.833458, 0.0751607
0.833708, 0.0750261
0.833958, 0.0748915
0.834209, 0.0747569
0.834459, 0.0746225
0.834709, 0.0744881
0.834959, 0.0743538
0.835209, 0.0742195
0.835459, 0.0740853
0.835709, 0.0739512
0.835959, 0.0738171
0.836209, 0.0736831
0.836459, 0.0735492
0.836709, 0.0734153
0.836959, 0.0732816
0.837209, 0.0731478
0.837459, 0.0730142
0.837709, 0.0728806
0.837959, 0.0727471
0.83821, 0.0726136
0.83846, 0.0724802
0.83871, 0.0723469
0.83896, 0.0722137
0.83921, 0.0720805
0.83946, 0.0719474
0.83971, 0.0718143
0.83996, 0.0716813
0.84021, 0.0715484
0.84046, 0.0714156
0.84071, 0.0712828
0.84096, 0.0711501
0.84121, 0.0710174
0.84146, 0.0708849
0.84171, 0.0707523
0.84196, 0.0706199
0.842211, 0.0704875
0.842461, 0.0703552
0.842711, 0.070223
0.842961, 0.0700908
0.843211, 0.0699587
0.843461, 0.0698266
0.843711, 0.0696947
0.843961, 0.0695628
0.844211, 0.0694309
0.844461, 0.0692991
0.844711, 0.0691674
0.844961, 0.0690358
0.845211, 0.0689042
0.845461, 0.0687727
0.845711, 0.0686413
0.845961, 0.0685099
0.846212, 0.0683786
0.846462, 0.0682474
0.846712, 0.0681162
0.846962, 0.0679851
0.847212, 0.0678541
0.847462, 0.0677231
0.847712, 0.0675922
0.847962, 0.0674613
0.848212, 0.0673306
0.848462, 0.0671999
0.848712, 0.0670692
0.848962, 0.0669387
0.849212, 0.0668082
0.849462, 0.0666777
0.849712, 0.0665474
0.849962, 0.0664171
0.850213, 0.0662868
0.850463, 0.0661567
0.850713, 0.0660265
0.850963, 0.0658965
0.851213, 0.0657665
0.851463, 0.0656366
0.851713, 0.0655068
0.851963, 0.065377
0.852213, 0.0652473
0.852463, 0.0651177
0.852713, 0.0649881
0.852963, 0.0648586
0.853213, 0.0647292
0.853463, 0.0645998
0.853713, 0.0644705
0.853963, 0.0643413
0.854214, 0.0642121
0.854464, 0.064083
0.854714, 0.063954
0.854964, 0.063825
0.855214, 0.0636961
0.855464, 0.0635673
0.855714, 0.0634385
0.855964, 0.0633098
0.856214, 0.0631812
0.856464, 0.0630526
0.856714, 0.0629241
0.856964, 0.0627957
0.857214, 0.0626673
0.857464, 0.062539
0.857714, 0.0624108
0.857964, 0.0622826
0.858215, 0.0621545
0.858465, 0.0620265
0.858715, 0.0618985
0.858965, 0.0617706
0.859215, 0.0616428
0.859465, 0.061515
0.859715, 0.0613873
0.859965, 0.0612597
0.860215, 0.0611321
0.860465, 0.0610046
0.860715, 0.0608772
0.860965, 0.0607498
0.861215, 0.0606225
0.861465, 0.0604953
0.861715, 0.0603681
0.861965, 0.060241
0.862216, 0.060114
0.862466, 0.059987
0.862716, 0.0598601
0.862966, 0.0597332
0.863216, 0.0596065
0.863466, 0.0594798
0.863716, 0.0593531
0.863966, 0.0592266
0.864216, 0.0591001
0.864466, 0.0589736
0.864716, 0.0588472
0.864966, 0.0587209
0.865216, 0.0585947
0.865466, 0.0584685
0.865716, 0.0583424
0.865966, 0.0582164
0.866217, 0.0580904
0.866467, 0.0579645
0.866717, 0.0578386
0.866967, 0.0577129
0.867217, 0.0575871
0.867467, 0.0574615
0.867717, 0.0573359
0.867967, 0.0572104
0.868217, 0.057085
0.868467, 0.0569596
0.868717, 0.0568343
0.868967, 0.056709
0.869217, 0.0565838
0.869467, 0.0564587
0.869717, 0.0563337
0.869967, 0.0562087
0.870218, 0.0560838
0.870468, 0.0559589
0.870718, 0.0558341
0.870968, 0.0557094
0.871218, 0.0555848
0.871468, 0.0554602
0.871718, 0.0553357
0.871968, 0.0552112
0.872218, 0.0550868
0.872468, 0.0549625
0.872718, 0.0548382
0.872968, 0.0547141
0.873218, 0.0545899
0.873468, 0.0544659
0.873718, 0.0543419
0.873968, 0.054218
0.874219, 0.0540941
0.874469, 0.0539703
0.874719, 0.0538466
0.874969, 0.0537229
0.875219, 0.0535993
0.875469, 0.0534758
0.875719, 0.0533523
0.875969, 0.0532289
0.876219, 0.0531056
0.876469, 0.0529823
0.876719, 0.0528591
0.876969, 0.052736
0.877219, 0.0526129
0.877469, 0.0524899
0.877719, 0.052367
0.877969, 0.0522441
0.87822, 0.0521213
0.87847, 0.0519986
0.87872, 0.0518759
0.87897, 0.0517533
0.87922, 0.0516308
0.87947, 0.0515083
0.87972, 0.0513859
0.87997, 0.0512635
0.88022, 0.0511413
0.88047, 0.051019
0.88072, 0.0508969
0.88097, 0.0507748
0.88122, 0.0506528
0.88147, 0.0505309
0.88172, 0.050409
0.88197, 0.0502872
0.882221, 0.0501654
0.882471, 0.0500437
0.882721, 0.0499221
0.882971, 0.0498005
0.883221, 0.0496791
0.883471, 0.0495576
0.883721, 0.0494363
0.883971, 0.049315
0.884221, 0.0491938
0.884471, 0.0490726
0.884721, 0.0489515
0.884971, 0.0488305
0.885221, 0.0487095
0.885471, 0.0485886
0.885721, 0.0484678
0.885971, 0.048347
0.886222, 0.0482263
0.886472, 0.0481057
0.886722, 0.0479851
0.886972, 0.0478646
0.887222, 0.0477442
0.887472, 0.0476238
0.887722, 0.0475035
0.887972, 0.0473833
0.888222, 0.0472631
0.888472, 0.047143
0.888722, 0.0470229
0.888972, 0.046903
0.889222, 0.046783
0.889472, 0.0466632
0.889722, 0.0465434
0.889972, 0.0464237
0.890223, 0.046304
0.890473, 0.0461845
0.890723, 0.0460649
0.890973, 0.0459455
0.891223, 0.0458261
0.891473, 0.0457068
0.891723, 0.0455875
0.891973, 0.0454683
0.892223, 0.0453492
0.892473, 0.0452301
0.892723, 0.0451111
0.892973, 0.0449922
0.893223, 0.0448733
0.893473, 0.0447545
0.893723, 0.0446358
0.893973, 0.0445171
0.894224, 0.0443985
0.894474, 0.04428
0.894724, 0.0441615
0.894974, 0.0440431
0.895224, 0.0439248
0.895474, 0.0438065
0.895724, 0.0436883
0.895974, 0.0435701
0.896224, 0.043452
0.896474, 0.043334
0.896724, 0.0432161
0.896974, 0.0430982
0.897224, 0.0429804
0.897474, 0.0428626
0.897724, 0.0427449
0.897974, 0.0426273
0.898225, 0.0425097
0.898475, 0.0423922
0.898725, 0.0422748
0.898975, 0.0421575
0.899225, 0.0420402
0.899475, 0.0419229
0.899725, 0.0418058
0.899975, 0.0416887
0.900225, 0.0415716
0.900475, 0.0414546
0.900725, 0.0413377
0.900975, 0.0412209
0.901225, 0.0411041
0.901475, 0.0409874
0.901725, 0.0408708
0.901975, 0.0407542
0.902226, 0.0406377
0.902476, 0.0405212
0.902726, 0.0404048
0.902976, 0.0402885
0.903226, 0.0401723
0.903476, 0.0400561
0.903726, 0.0399399
0.903976, 0.0398239
0.904226, 0.0397079
0.904476, 0.0395919
0.904726, 0.0394761
0.904976, 0.0393603
0.905226, 0.0392445
0.905476, 0.0391289
0.905726, 0.0390133
0.905976, 0.0388977
0.906227, 0.0387823
0.906477, 0.0386668
0.906727, 0.0385515
0.906977, 0.0384362
0.907227, 0.038321
0.907477, 0.0382059
0.907727, 0.0380908
0.907977, 0.0379758
0.908227, 0.0378608
0.908477, 0.0377459
0.908727, 0.0376311
0.908977, 0.0375163
0.909227, 0.0374016
0.909477, 0.037287
0.909727, 0.0371724
0.909977, 0.0370579
0.910228, 0.0369435
0.910478, 0.0368291
0.910728, 0.0367148
0.910978, 0.0366006
0.911228, 0.0364864
0.911478, 0.0363723
0.911728, 0.0362582
0.911978, 0.0361443
0.912228, 0.0360303
0.912478, 0.0359165
0.912728, 0.0358027
0.912978, 0.035689
0.913228, 0.0355753
0.913478, 0.0354617
0.913728, 0.0353482
0.913978, 0.0352347
0.914229, 0.0351213
0.914479, 0.035008
0.914729, 0.0348947
0.914979, 0.0347815
0.915229, 0.0346684
0.915479, 0.0345553
0.915729, 0.0344423
0.915979, 0.0343294
0.916229, 0.0342165
0.916479, 0.0341037
0.916729, 0.0339909
0.916979, 0.0338782
0.917229, 0.0337656
0.917479, 0.033653
0.917729, 0.0335406
0.917979, 0.0334281
0.91823, 0.0333158
0.91848, 0.0332035
0.91873, 0.0330912
0.91898, 0.0329791
0.91923, 0.032867
0.91948, 0.0327549
0.91973, 0.0326429
0.91998, 0.032531
0.92023, 0.0324192
0.92048, 0.0323074
0.92073, 0.0321957
0.92098, 0.032084
0.92123, 0.0319724
0.92148, 0.0318609
0.92173, 0.0317495
0.92198, 0.0316381
0.922231, 0.0315267
0.922481, 0.0314155
0.922731, 0.0313043
0.922981, 0.0311931
0.923231, 0.0310821
0.923481, 0.0309711
0.923731, 0.0308601
0.923981, 0.0307492
0.924231, 0.0306384
0.924481, 0.0305277
0.924731, 0.030417
0.924981, 0.0303064
0.925231, 0.0301958
0.925481, 0.0300853
0.925731, 0.0299749
0.925981, 0.0298645
0.926232, 0.0297542
0.926482, 0.029644
0.926732, 0.0295338
0.926982, 0.0294237
0.927232, 0.0293137
0.927482, 0.0292037
0.927732, 0.0290938
0.927982, 0.0289839
0.928232, 0.0288742
0.928482, 0.0287644
0.928732, 0.0286548
0.928982, 0.0285452
0.929232, 0.0284357
0.929482, 0.0283262
0.929732, 0.0282168
0.929982, 0.0281075
0.930233, 0.0279982
0.930483, 0.027889
0.930733, 0.0277799
0.930983, 0.0276708
0.931233, 0.0275618
0.931483, 0.0274528
0.931733, 0.027344
0.931983, 0.0272351
0.932233, 0.0271264
0.932483, 0.0270177
0.932733, 0.0269091
0.932983, 0.0268005
0.933233, 0.026692
0.933483, 0.0265836
0.933733, 0.0264752
0.933983, 0.0263669
0.934234, 0.0262587
0.934484, 0.0261505
0.934734, 0.0260424
0.934984, 0.0259343
0.935234, 0.0258263
0.935484, 0.0257184
0.935734, 0.0256106
0.935984, 0.0255028
0.936234, 0.0253951
0.936484, 0.0252874
0.936734, 0.0251798
0.936984, 0.0250723
0.937234, 0.0249648
0.937484, 0.0248574
0.937734, 0.02475
0.937984, 0.0246428
0.938235, 0.0245356
0.938485, 0.0244284
0.938735, 0.0243213
0.938985, 0.0242143
0.939235, 0.0241073
0.939485, 0.0240004
0.939735, 0.0238936
0.939985, 0.0237868
0.940235, 0.0236801
0.940485, 0.0235735
0.940735, 0.0234669
0.940985, 0.0233604
0.941235, 0.023254
0.941485, 0.0231476
0.941735, 0.0230413
0.941985, 0.022935
0.942236, 0.0228288
0.942486, 0.0227227
0.942736, 0.0226167
0.942986, 0.0225107
0.943236, 0.0224047
0.943486, 0.0222989
0.943736, 0.022193
0.943986, 0.0220873
0.944236, 0.0219816
0.944486, 0.021876
0.944736, 0.0217705
0.944986, 0.021665
0.945236, 0.0215596
0.945486, 0.0214542
0.945736, 0.0213489
0.945986, 0.0212437
0.946237, 0.0211385
0.946487, 0.0210334
0.946737, 0.0209284
0.946987, 0.0208234
0.947237, 0.0207185
0.947487, 0.0206136
0.947737, 0.0205089
0.947987, 0.0204041
0.948237, 0.0202995
0.948487, 0.0201949
0.948737, 0.0200904
0.948987, 0.0199859
0.949237, 0.0198815
0.949487, 0.0197772
0.949737, 0.0196729
0.949987, 0.0195687
0.950238, 0.0194645
0.950488, 0.0193604
0.950738, 0.0192564
0.950988, 0.0191525
0.951238, 0.0190486
0.951488, 0.0189448
0.951738, 0.018841
0.951988, 0.0187373
0.952238, 0.0186337
0.952488, 0.0185301
0.952738, 0.0184266
0.952988, 0.0183231
0.953238, 0.0182198
0.953488, 0.0181164
0.953738, 0.0180132
0.953988, 0.01791
0.954239, 0.0178069
0.954489, 0.0177038
0.954739, 0.0176008
0.954989, 0.0174979
0.955239, 0.017395
0.955489, 0.0172922
0.955739, 0.0171894
0.955989, 0.0170868
0.956239, 0.0169841
0.956489, 0.0168816
0.956739, 0.0167791
0.956989, 0.0166767
0.957239, 0.0165743
0.957489, 0.016472
0.957739, 0.0163698
0.957989, 0.0162676
0.95824, 0.0161655
0.95849, 0.0160635
0.95874, 0.0159615
0.95899, 0.0158596
0.95924, 0.0157577
0.95949, 0.0156559
0.95974, 0.0155542
0.95999, 0.0154525
0.96024, 0.0153509
0.96049, 0.0152494
0.96074, 0.0151479
0.96099, 0.0150465
0.96124, 0.0149452
0.96149, 0.0148439
0.96174, 0.0147427
0.96199, 0.0146415
0.962241, 0.0145404
0.962491, 0.0144394
0.962741, 0.0143384
0.962991, 0.0142375
0.963241, 0.0141367
0.963491, 0.0140359
0.963741, 0.0139352
0.963991, 0.0138345
0.964241, 0.0137339
0.964491, 0.0136334
0.964741, 0.013533
0.964991, 0.0134326
0.965241, 0.0133322
0.965491, 0.013232
0.965741, 0.0131318
0.965991, 0.0130316
0.966242, 0.0129316
0.966492, 0.0128315
0.966742, 0.0127316
0.966992, 0.0126317
0.967242, 0.0125319
0.967492, 0.0124321
0.967742, 0.0123324
0.967992, 0.0122328
0.968242, 0.0121332
0.968492, 0.0120337
0.968742, 0.0119343
0.968992, 0.0118349
0.969242, 0.0117356
0.969492, 0.0116363
0.969742, 0.0115371
0.969992, 0.011438
0.970243, 0.0113389
0.970493, 0.0112399
0.970743, 0.011141
0.970993, 0.0110421
0.971243, 0.0109433
0.971493, 0.0108445
0.971743, 0.0107459
0.971993, 0.0106472
0.972243, 0.0105487
0.972493, 0.0104502
0.972743, 0.0103517
0.972993, 0.0102534
0.973243, 0.0101551
0.973493, 0.0100568
0.973743, 0.00995864
0.973993, 0.00986052
0.974244, 0.00976247
0.974494, 0.00966448
0.974744, 0.00956655
0.974994, 0.00946869
0.975244, 0.00937088
0.975494, 0.00927315
0.975744, 0.00917547
0.975994, 0.00907786
0.976244, 0.00898031
0.976494, 0.00888282
0.976744, 0.0087854
0.976994, 0.00868804
0.977244, 0.00859074
0.977494, 0.00849351
0.977744, 0.00839634
0.977994, 0.00829923
0.978245, 0.00820219
0.978495, 0.00810521
0.978745, 0.00800829
0.978995, 0.00791143
0.979245, 0.00781464
0.979495, 0.00771791
0.979745, 0.00762124
0.979995, 0.00752464
0.980245, 0.0074281
0.980495, 0.00733162
0.980745, 0.00723521
0.980995, 0.00713886
0.981245, 0.00704257
0.981495, 0.00694634
0.981745, 0.00685018
0.981995, 0.00675408
0.982246, 0.00665805
0.982496, 0.00656207
0.982746, 0.00646616
0.982996, 0.00637031
0.983246, 0.00627453
0.983496, 0.00617881
0.983746, 0.00608315
0.983996, 0.00598755
0.984246, 0.00589202
0.984496, 0.00579655
0.984746, 0.00570114
0.984996, 0.0056058
0.985246, 0.00551052
0.985496, 0.0054153
0.985746, 0.00532014
0.985996, 0.00522505
0.986247, 0.00513002
0.986497, 0.00503505
0.986747, 0.00494015
0.986997, 0.00484531
0.987247, 0.00475053
0.987497, 0.00465581
0.987747, 0.00456116
0.987997, 0.00446657
0.988247, 0.00437204
0.988497, 0.00427758
0.988747, 0.00418318
0.988997, 0.00408884
0.989247, 0.00399456
0.989497, 0.00390035
0.989747, 0.0038062
0.989997, 0.00371211
0.990248, 0.00361808
0.990498, 0.00352412
0.990748, 0.00343022
0.990998, 0.00333639
0.991248, 0.00324261
0.991498, 0.0031489
0.991748, 0.00305525
0.991998, 0.00296167
0.992248, 0.00286814
0.992498, 0.00277468
0.992748, 0.00268128
0.992998, 0.00258795
0.993248, 0.00249468
0.993498, 0.00240147
0.993748, 0.00230832
0.993998, 0.00221524
0.994249, 0.00212221
0.994499, 0.00202926
0.994749, 0.00193636
0.994999, 0.00184353
0.995249, 0.00175075
0.995499, 0.00165805
0.995749, 0.0015654
0.995999, 0.00147282
0.996249, 0.0013803
0.996499, 0.00128784
0.996749, 0.00119544
0.996999, 0.00110311
0.997249, 0.00101084
0.997499, 0.000918633
0.997749, 0.000826488
0.997999, 0.000734406
0.99825, 0.000642386
0.9985, 0.000550429
0.99875, 0.000458535
0.999, 0.000366703
0.99925, 0.000274933
0.9995, 0.000183226
0.99975, 9.15818e-05
1, 0

