0, 1
0.000250063, 0.999662
0.000500125, 0.999323
0.000750188, 0.998985
0.00100025, 0.998648
0.00125031, 0.99831
0.00150038, 0.997972
0.00175044, 0.997635
0.0020005, 0.997298
0.00225056, 0.996961
0.00250063, 0.996624
0.00275069, 0.996287
0.00300075, 0.995951
0.00325081, 0.995614
0.00350088, 0.995278
0.00375094, 0.994942
0.004001, 0.994606
0.00425106, 0.994271
0.00450113, 0.993935
0.00475119, 0.9936
0.00500125, 0.993265
0.00525131, 0.99293
0.00550138, 0.992595
0.00575144, 0.99226
0.0060015, 0.991926
0.00625156, 0.991592
0.00650163, 0.991257
0.00675169, 0.990924
0.00700175, 0.99059
0.00725181, 0.990256
0.00750188, 0.989923
0.00775194, 0.989589
0.008002, 0.989256
0.00825206, 0.988923
0.00850213, 0.98859
0.00875219, 0.988258
0.00900225, 0.987925
0.00925231, 0.987593
0.00950238, 0.987261
0.00975244, 0.986929
0.0100025, 0.986597
0.0102526, 0.986266
0.0105026, 0.985934
0.0107527, 0.985603
0.0110028, 0.985272
0.0112528, 0.984941
0.0115029, 0.98461
0.0117529, 0.984279
0.012003, 0.983949
0.0122531, 0.983619
0.0125031, 0.983289
0.0127532, 0.982959
0.0130033, 0.982629
0.0132533, 0.982299
0.0135034, 0.98197
0.0137534, 0.981641
0.0140035, 0.981311
0.0142536, 0.980982
0.0145036, 0.980654
0.0147537, 0.980325
0.0150038, 0.979997
0.0152538, 0.979668
0.0155039, 0.97934
0.0157539, 0.979012
0.016004, 0.978685
0.0162541, 0.978357
0.0165041, 0.97803
0.0167542, 0.977702
0.0170043, 0.977375
0.0172543, 0.977048
0.0175044, 0.976721
0.0177544, 0.976395
0.0180045, 0.976068
0.0182546, 0.975742
0.0185046, 0.975416
0.0187547, 0.97509
0.0190048, 0.974764
0.0192548, 0.974439
0.0195049, 0.974113
0.0197549, 0.973788
0.020005, 0.973463
0.0202551, 0.973138
0.0205051, 0.972813
0.0207552, 0.972488
0.0210053, 0.972164
0.0212553, 0.97184
0.0215054, 0.971516
0.0217554, 0.971192
0.0220055, 0.970868
0.0222556, 0.970544
0.0225056, 0.970221
0.0227557, 0.969897
0.0230058, 0.969574
0.0232558, 0.969251
0.0235059, 0.968928
0.0237559, 0.968606
0.024006, 0.968283
0.0242561, 0.967961
0.0245061, 0.967639
0.0247562, 0.967317
0.0250063, 0.966995
0.0252563, 0.966673
0.0255064, 0.966352
0.0257564, 0.966031
0.0260065, 0.965709
0.0262566, 0.965388
0.0265066, 0.965068
0.0267567, 0.964747
0.0270068, 0.964426
0.0272568, 0.964106
0.0275069, 0.963786
0.0277569, 0.963466
0.028007, 0.963146
0.0282571, 0.962826
0.0285071, 0.962507
0.0287572, 0.962188
0.0290073, 0.961868
0.0292573, 0.961549
0.0295074, 0.96123
0.0297574, 0.960912
0.0300075, 0.960593
0.0302576, 0.960275
0.0305076, 0.959957
0.0307577, 0.959639
0.0310078, 0.959321
0.0312578, 0.959003
0.0315079, 0.958685
0.0317579, 0.958368
0.032008, 0.958051
0.0322581, 0.957734
0.0325081, 0.957417
0.0327582, 0.9571
0.0330083, 0.956783
0.0332583, 0.956467
0.0335084, 0.956151
0.0337584, 0.955835
0.0340085, 0.955519
0.0342586, 0.955203
0.0345086, 0.954887
0.0347587, 0.954572
0.0350088, 0.954257
0.0352588, 0.953942
0.0355089, 0.953627
0.0357589, 0.953312
0.036009, 0.952997
0.0362591, 0.952683
0.0365091, 0.952368
0.0367592, 0.952054
0.0370093, 0.95174
0.0372593, 0.951426
0.0375094, 0.951113
0.0377594, 0.950799
0.0380095, 0.950486
0.0382596, 0.950173
0.0385096, 0.94986
0.0387597, 0.949547
0.0390098, 0.949234
0.0392598, 0.948922
0.0395099, 0.948609
0.0397599, 0.948297
0.04001, 0.947985
0.0402601, 0.947673
0.0405101, 0.947361
0.0407602, 0.94705
0.0410103, 0.946738
0.0412603, 0.946427
0.0415104, 0.946116
0.0417604, 0.945805
0.0420105, 0.945495
0.0422606, 0.945184
0.0425106, 0.944873
0.0427607, 0.944563
0.0430108, 0.944253
0.0432608, 0.943943
0.0435109, 0.943633
0.0437609, 0.943324
0.044011, 0.943014
0.0442611, 0.942705
0.0445111, 0.942396
0.0447612, 0.942087
0.0450113, 0.941778
0.0452613, 0.941469
0.0455114, 0.941161
0.0457614, 0.940853
0.0460115, 0.940544
0.0462616, 0.940236
0.0465116, 0.939928
0.0467617, 0.939621
0.0470118, 0.939313
0.0472618, 0.939006
0.0475119, 0.938699
0.0477619, 0.938392
0.048012, 0.938085
0.0482621, 0.937778
0.0485121, 0.937471
0.0487622, 0.937165
0.0490123, 0.936859
0.0492623, 0.936552
0.0495124, 0.936247
0.0497624, 0.935941
0.0500125, 0.935635
0.0502626, 0.93533
0.0505126, 0.935024
0.0507627, 0.934719
0.0510128, 0.934414
0.0512628, 0.934109
0.0515129, 0.933805
0.0517629, 0.9335
0.052013, 0.933196
0.0522631, 0.932892
0.0525131, 0.932588
0.0527632, 0.932284
0.0530133, 0.93198
0.0532633, 0.931676
0.0535134, 0.931373
0.0537634, 0.93107
0.0540135, 0.930767
0.0542636, 0.930464
0.0545136, 0.930161
0.0547637, 0.929858
0.0550138, 0.929556
0.0552638, 0.929254
0.0555139, 0.928952
0.0557639, 0.92865
0.056014, 0.928348
0.0562641, 0.928046
0.0565141, 0.927745
0.0567642, 0.927443
0.0570143, 0.927142
0.0572643, 0.926841
0.0575144, 0.92654
0.0577644, 0.926239
0.0580145, 0.925939
0.0582646, 0.925639
0.0585146, 0.925338
0.0587647, 0.925038
0.0590148, 0.924738
0.0592648, 0.924439
0.0595149, 0.924139
0.0597649, 0.923839
0.060015, 0.92354
0.0602651, 0.923241
0.0605151, 0.922942
0.0607652, 0.922643
0.0610153, 0.922345
0.0612653, 0.922046
0.0615154, 0.921748
0.0617654, 0.92145
0.0620155, 0.921152
0.0622656, 0.920854
0.0625156, 0.920556
0.0627657, 0.920258
0.0630158, 0.919961
0.0632658, 0.919664
0.0635159, 0.919367
0.0637659, 0.91907
0.064016, 0.918773
0.0642661, 0.918476
0.0645161, 0.91818
0.0647662, 0.917884
0.0650163, 0.917587
0.0652663, 0.917291
0.0655164, 0.916996
0.0657664, 0.9167
0.0660165, 0.916404
0.0662666, 0.916109
0.0665166, 0.915814
0.0667667, 0.915519
0.0670168, 0.915224
0.0672668, 0.914929
0.0675169, 0.914635
0.0677669, 0.91434
0.068017, 0.914046
0.0682671, 0.913752
0.0685171, 0.913458
0.0687672, 0.913164
0.0690173, 0.91287
0.0692673, 0.912577
0.0695174, 0.912283
0.0697674, 0.91199
0.0700175, 0.911697
0.0702676, 0.911404
0.0705176, 0.911112
0.0707677, 0.910819
0.0710178, 0.910527
0.0712678, 0.910234
0.0715179, 0.909942
0.0717679, 0.90965
0.072018, 0.909359
0.0722681, 0.909067
0.0725181, 0.908776
0.0727682, 0.908484
0.0730183, 0.908193
0.0732683, 0.907902
0.0735184, 0.907611
0.0737684, 0.90732
0.0740185, 0.90703
0.0742686, 0.90674
0.0745186, 0.906449
0.0747687, 0.906159
0.0750188, 0.905869
0.0752688, 0.90558
0.0755189, 0.90529
0.0757689, 0.905
0.076019, 0.904711
0.0762691, 0.904422
0.0765191, 0.904133
0.0767692, 0.903844
0.0770193, 0.903555
0.0772693, 0.903267
0.0775194, 0.902979
0.0777694, 0.90269
0.0780195, 0.902402
0.0782696, 0.902114
0.0785196, 0.901827
0.0787697, 0.901539
0.0790198, 0.901252
0.0792698, 0.900964
0.0795199, 0.900677
0.0797699, 0.90039
0.08002, 0.900103
0.0802701, 0.899817
0.0805201, 0.89953
0.0807702, 0.899244
0.0810203, 0.898957
0.0812703, 0.898671
0.0815204, 0.898385
0.0817704, 0.8981
0.0820205, 0.897814
0.0822706, 0.897529
0.0825206, 0.897243
0.0827707, 0.896958
0.0830208, 0.896673
0.0832708, 0.896388
0.0835209, 0.896104
0.0837709, 0.895819
0.084021, 0.895535
0.0842711, 0.895251
0.0845211, 0.894966
0.0847712, 0.894683
0.0850213, 0.894399
0.0852713, 0.894115
0.0855214, 0.893832
0.0857714, 0.893548
0.0860215, 0.893265
0.0862716, 0.892982
0.0865216, 0.892699
0.0867717, 0.892417
0.0870218, 0.892134
0.0872718, 0.891852
0.0875219, 0.891569
0.0877719, 0.891287
0.088022, 0.891005
0.0882721, 0.890724
0.0885221, 0.890442
0.0887722, 0.890161
0.0890223, 0.889879
0.0892723, 0.889598
0.0895224, 0.889317
0.0897724, 0.889036
0.0900225, 0.888755
0.0902726, 0.888475
0.0905226, 0.888194
0.0907727, 0.887914
0.0910228, 0.887634
0.0912728, 0.887354
0.0915229, 0.887074
0.0917729, 0.886795
0.092023, 0.886515
0.0922731, 0.886236
0.0925231, 0.885957
0.0927732, 0.885678
0.0930233, 0.885399
0.0932733, 0.88512
0.0935234, 0.884841
0.0937734, 0.884563
0.0940235, 0.884285
0.0942736, 0.884006
0.0945236, 0.883728
0.0947737, 0.883451
0.0950238, 0.883173
0.0952738, 0.882895
0.0955239, 0.882618
0.0957739, 0.882341
0.096024, 0.882064
0.0962741, 0.881787
0.0965241, 0.88151
0.0967742, 0.881233
0.0970243, 0.880957
0.0972743, 0.880681
0.0975244, 0.880404
0.0977744, 0.880128
0.0980245, 0.879852
0.0982746, 0.879577
0.0985246, 0.879301
0.0987747, 0.879026
0.0990248, 0.87875
0.0992748, 0.878475
0.0995249, 0.8782
0.0997749, 0.877926
0.100025, 0.877651
0.100275, 0.877376
0.100525, 0.877102
0.100775, 0.876828
0.101025, 0.876554
0.101275, 0.87628
0.101525, 0.876006
0.101775, 0.875732
0.102026, 0.875459
0.102276, 0.875186
0.102526, 0.874912
0.102776, 0.874639
0.103026, 0.874367
0.103276, 0.874094
0.103526, 0.873821
0.103776, 0.873549
0.104026, 0.873277
0.104276, 0.873004
0.104526, 0.872733
0.104776, 0.872461
0.105026, 0.872189
0.105276, 0.871918
0.105526, 0.871646
0.105776, 0.871375
0.106027, 0.871104
0.106277, 0.870833
0.106527, 0.870562
0.106777, 0.870292
0.107027, 0.870021
0.107277, 0.869751
0.107527, 0.869481
0.107777, 0.869211
0.108027, 0.868941
0.108277, 0.868671
0.108527, 0.868401
0.108777, 0.868132
0.109027, 0.867863
0.109277, 0.867594
0.109527, 0.867325
0.109777, 0.867056
0.110028, 0.866787
0.110278, 0.866518
0.110528, 0.86625
0.110778, 0.865982
0.111028, 0.865714
0.111278, 0.865446
0.111528, 0.865178
0.111778, 0.86491
0.112028, 0.864643
0.112278, 0.864376
0.112528, 0.864108
0.112778, 0.863841
0.113028, 0.863574
0.113278, 0.863308
0.113528, 0.863041
0.113778, 0.862775
0.114029, 0.862508
0.114279, 0.862242
0.114529, 0.861976
0.114779, 0.86171
0.115029, 0.861445
0.115279, 0.861179
0.115529, 0.860914
0.115779, 0.860648
0.116029, 0.860383
0.116279, 0.860118
0.116529, 0.859853
0.116779, 0.859589
0.117029, 0.859324
0.117279, 0.85906
0.117529, 0.858795
0.117779, 0.858531
0.11803, 0.858267
0.11828, 0.858004
0.11853, 0.85774
0.11878, 0.857476
0.11903, 0.857213
0.11928, 0.85695
0.11953, 0.856687
0.11978, 0.856424
0.12003, 0.856161
0.12028, 0.855899
0.12053, 0.855636
0.12078, 0.855374
0.12103, 0.855112
0.12128, 0.85485
0.12153, 0.854588
0.12178, 0.854326
0.122031, 0.854064
0.122281, 0.853803
0.122531, 0.853542
0.122781, 0.85328
0.123031, 0.853019
0.123281, 0.852759
0.123531, 0.852498
0.123781, 0.852237
0.124031, 0.851977
0.124281, 0.851717
0.124531, 0.851457
0.124781, 0.851197
0.125031, 0.850937
0.125281, 0.850677
0.125531, 0.850418
0.125781, 0.850158
0.126032, 0.849899
0.126282, 0.84964
0.126532, 0.849381
0.126782, 0.849122
0.127032, 0.848863
0.127282, 0.848605
0.127532, 0.848347
0.127782, 0.848088
0.128032, 0.84783
0.128282, 0.847572
0.128532, 0.847315
0.128782, 0.847057
0.129032, 0.846799
0.129282, 0.846542
0.129532, 0.846285
0.129782, 0.846028
0.130033, 0.845771
0.130283, 0.845514
0.130533, 0.845258
0.130783, 0.845001
0.131033, 0.844745
0.131283, 0.844489
0.131533, 0.844233
0.131783, 0.843977
0.132033, 0.843721
0.132283, 0.843465
0.132533, 0.84321
0.132783, 0.842955
0.133033, 0.842699
0.133283, 0.842444
0.133533, 0.84219
0.133783, 0.841935
0.134034, 0.84168
0.134284, 0.841426
0.134534, 0.841171
0.134784, 0.840917
0.135034, 0.840663
0.135284, 0.840409
0.135534, 0.840156
0.135784, 0.839902
0.136034, 0.839649
0.136284, 0.839396
0.136534, 0.839142
0.136784, 0.838889
0.137034, 0.838637
0.137284, 0.838384
0.137534, 0.838131
0.137784, 0.837879
0.138035, 0.837627
0.138285, 0.837375
0.138535, 0.837123
0.138785, 0.836871
0.139035, 0.836619
0.139285, 0.836367
0.139535, 0.836116
0.139785, 0.835865
0.140035, 0.835614
0.140285, 0.835363
0.140535, 0.835112
0.140785, 0.834861
0.141035, 0.834611
0.141285, 0.83436
0.141535, 0.83411
0.141785, 0.83386
0.142036, 0.83361
0.142286, 0.83336
0.142536, 0.833111
0.142786, 0.832861
0.143036, 0.832612
0.143286, 0.832362
0.143536, 0.832113
0.143786, 0.831864
0.144036, 0.831616
0.144286, 0.831367
0.144536, 0.831118
0.144786, 0.83087
0.145036, 0.830622
0.145286, 0.830374
0.145536, 0.830126
0.145786, 0.829878
0.146037, 0.82963
0.146287, 0.829383
0.146537, 0.829135
0.146787, 0.828888
0.147037, 0.828641
0.147287, 0.828394
0.147537, 0.828147
0.147787, 0.827901
0.148037, 0.827654
0.148287, 0.827408
0.148537, 0.827162
0.148787, 0.826916
0.149037, 0.82667
0.149287, 0.826424
0.149537, 0.826178
0.149787, 0.825933
0.150038, 0.825687
0.150288, 0.825442
0.150538, 0.825197
0.150788, 0.824952
0.151038, 0.824707
0.151288, 0.824463
0.151538, 0.824218
0.151788, 0.823974
0.152038, 0.82373
0.152288, 0.823485
0.152538, 0.823241
0.152788, 0.822998
0.153038, 0.822754
0.153288, 0.822511
0.153538, 0.822267
0.153788, 0.822024
0.154039, 0.821781
0.154289, 0.821538
0.154539, 0.821295
0.154789, 0.821052
0.155039, 0.82081
0.155289, 0.820568
0.155539, 0.820325
0.155789, 0.820083
0.156039, 0.819841
0.156289, 0.819599
0.156539, 0.819358
0.156789, 0.819116
0.157039, 0.818875
0.157289, 0.818634
0.157539, 0.818393
0.157789, 0.818152
0.15804, 0.817911
0.15829, 0.81767
0.15854, 0.81743
0.15879, 0.817189
0.15904, 0.816949
0.15929, 0.816709
0.15954, 0.816469
0.15979, 0.816229
0.16004, 0.815989
0.16029, 0.81575
0.16054, 0.81551
0.16079, 0.815271
0.16104, 0.815032
0.16129, 0.814793
0.16154, 0.814554
0.16179, 0.814316
0.162041, 0.814077
0.162291, 0.813839
0.162541, 0.8136
0.162791, 0.813362
0.163041, 0.813124
0.163291, 0.812886
0.163541, 0.812649
0.163791, 0.812411
0.164041, 0.812174
0.164291, 0.811936
0.164541, 0.811699
0.164791, 0.811462
0.165041, 0.811225
0.165291, 0.810989
0.165541, 0.810752
0.165791, 0.810516
0.166042, 0.810279
0.166292, 0.810043
0.166542, 0.809807
0.166792, 0.809571
0.167042, 0.809336
0.167292, 0.8091
0.167542, 0.808864
0.167792, 0.808629
0.168042, 0.808394
0.168292, 0.808159
0.168542, 0.807924
0.168792, 0.807689
0.169042, 0.807455
0.169292, 0.80722
0.169542, 0.806986
0.169792, 0.806752
0.170043, 0.806518
0.170293, 0.806284
0.170543, 0.80605
0.170793, 0.805816
0.171043, 0.805583
0.171293, 0.805349
0.171543, 0.805116
0.171793, 0.804883
0.172043, 0.80465
0.172293, 0.804417
0.172543, 0.804185
0.172793, 0.803952
0.173043, 0.80372
0.173293, 0.803488
0.173543, 0.803256
0.173793, 0.803024
0.174044, 0.802792
0.174294, 0.80256
0.174544, 0.802329
0.174794, 0.802097
0.175044, 0.801866
0.175294, 0.801635
0.175544, 0.801404
0.175794, 0.801173
0.176044, 0.800942
0.176294, 0.800712
0.176544, 0.800481
0.176794, 0.800251
0.177044, 0.800021
0.177294, 0.799791
0.177544, 0.799561
0.177794, 0.799331
0.178045, 0.799102
0.178295, 0.798872
0.178545, 0.798643
0.178795, 0.798414
0.179045, 0.798185
0.179295, 0.797956
0.179545, 0.797727
0.179795, 0.797499
0.180045, 0.79727
0.180295, 0.797042
0.180545, 0.796814
0.180795, 0.796585
0.181045, 0.796358
0.181295, 0.79613
0.181545, 0.795902
0.181795, 0.795675
0.182046, 0.795447
0.182296, 0.79522
0.182546, 0.794993
0.182796, 0.794766
0.183046, 0.794539
0.183296, 0.794312
0.183546, 0.794086
0.183796, 0.79386
0.184046, 0.793633
0.184296, 0.793407
0.184546, 0.793181
0.184796, 0.792955
0.185046, 0.79273
0.185296, 0.792504
0.185546, 0.792279
0.185796, 0.792053
0.186047, 0.791828
0.186297, 0.791603
0.186547, 0.791378
0.186797, 0.791154
0.187047, 0.790929
0.187297, 0.790705
0.187547, 0.79048
0.187797, 0.790256
0.188047, 0.790032
0.188297, 0.789808
0.188547, 0.789584
0.188797, 0.789361
0.189047, 0.789137
0.189297, 0.788914
0.189547, 0.788691
0.189797, 0.788467
0.190048, 0.788245
0.190298, 0.788022
0.190548, 0.787799
0.190798, 0.787576
0.191048, 0.787354
0.191298, 0.787132
0.191548, 0.78691
0.191798, 0.786688
0.192048, 0.786466
0.192298, 0.786244
0.192548, 0.786023
0.192798, 0.785801
0.193048, 0.78558
0.193298, 0.785359
0.193548, 0.785138
0.193798, 0.784917
0.194049, 0.784696
0.194299, 0.784475
0.194549, 0.784255
0.194799, 0.784035
0.195049, 0.783814
0.195299, 0.783594
0.195549, 0.783374
0.195799, 0.783155
0.196049, 0.782935
0.196299, 0.782715
0.196549, 0.782496
0.196799, 0.782277
0.197049, 0.782058
0.197299, 0.781839
0.197549, 0.78162
0.197799, 0.781401
0.19805, 0.781183
0.1983, 0.780964
0.19855, 0.780746
0.1988, 0.780528
0.19905, 0.78031
0.1993, 0.780092
0.19955, 0.779874
0.1998, 0.779657
0.20005, 0.779439
0.2003, 0.779222
0.20055, 0.779005
0.2008, 0.778787
0.20105, 0.778571
0.2013, 0.778354
0.20155, 0.778137
0.2018, 0.777921
0.202051, 0.777704
0.202301, 0.777488
0.202551, 0.777272
0.202801, 0.777056
0.203051, 0.77684
0.203301, 0.776624
0.203551, 0.776409
0.203801, 0.776193
0.204051, 0.775978
0.204301, 0.775763
0.204551, 0.775548
0.204801, 0.775333
0.205051, 0.775118
0.205301, 0.774904
0.205551, 0.774689
0.205801, 0.774475
0.206052, 0.774261
0.206302, 0.774047
0.206552, 0.773833
0.206802, 0.773619
0.207052, 0.773405
0.207302, 0.773192
0.207552, 0.772978
0.207802, 0.772765
0.208052, 0.772552
0.208302, 0.772339
0.208552, 0.772126
0.208802, 0.771913
0.209052, 0.771701
0.209302, 0.771488
0.209552, 0.771276
0.209802, 0.771064
0.210053, 0.770852
0.210303, 0.77064
0.210553, 0.770428
0.210803, 0.770216
0.211053, 0.770005
0.211303, 0.769794
0.211553, 0.769582
0.211803, 0.769371
0.212053, 0.76916
0.212303, 0.768949
0.212553, 0.768739
0.212803, 0.768528
0.213053, 0.768318
0.213303, 0.768108
0.213553, 0.767897
0.213803, 0.767687
0.214054, 0.767477
0.214304, 0.767268
0.214554, 0.767058
0.214804, 0.766849
0.215054, 0.766639
0.215304, 0.76643
0.215554, 0.766221
0.215804, 0.766012
0.216054, 0.765803
0.216304, 0.765595
0.216554, 0.765386
0.216804, 0.765178
0.217054, 0.764969
0.217304, 0.764761
0.217554, 0.764553
0.217804, 0.764345
0.218055, 0.764138
0.218305, 0.76393
0.218555, 0.763723
0.218805, 0.763515
0.219055, 0.763308
0.219305, 0.763101
0.219555, 0.762894
0.219805, 0.762687
0.220055, 0.762481
0.220305, 0.762274
0.220555, 0.762068
0.220805, 0.761862
0.221055, 0.761655
0.221305, 0.761449
0.221555, 0.761244
0.221805, 0.761038
0.222056, 0.760832
0.222306, 0.760627
0.222556, 0.760422
0.222806, 0.760216
0.223056, 0.760011
0.223306, 0.759806
0.223556, 0.759602
0.223806, 0.759397
0.224056, 0.759192
0.224306, 0.758988
0.224556, 0.758784
0.224806, 0.75858
0.225056, 0.758376
0.225306, 0.758172
0.225556, 0.757968
0.225806, 0.757765
0.226057, 0.757561
0.226307, 0.757358
0.226557, 0.757155
0.226807, 0.756952
0.227057, 0.756749
0.227307, 0.756546
0.227557, 0.756343
0.227807, 0.756141
0.228057, 0.755938
0.228307, 0.755736
0.228557, 0.755534
0.228807, 0.755332
0.229057, 0.75513
0.229307, 0.754928
0.229557, 0.754727
0.229807, 0.754525
0.230058, 0.754324
0.230308, 0.754123
0.230558, 0.753922
0.230808, 0.753721
0.231058, 0.75352
0.231308, 0.75332
0.231558, 0.753119
0.231808, 0.752919
0.232058, 0.752718
0.232308, 0.752518
0.232558, 0.752318
0.232808, 0.752118
0.233058, 0.751919
0.233308, 0.751719
0.233558, 0.75152
0.233808, 0.75132
0.234059, 0.751121
0.234309, 0.750922
0.234559, 0.750723
0.234809, 0.750524
0.235059, 0.750326
0.235309, 0.750127
0.235559, 0.749929
0.235809, 0.749731
0.236059, 0.749532
0.236309, 0.749334
0.236559, 0.749137
0.236809, 0.748939
0.237059, 0.748741
0.237309, 0.748544
0.237559, 0.748346
0.237809, 0.748149
0.23806, 0.747952
0.23831, 0.747755
0.23856, 0.747558
0.23881, 0.747362
0.23906, 0.747165
0.23931, 0.746969
0.23956, 0.746772
0.23981, 0.746576
0.24006, 0.74638
0.24031, 0.746184
0.24056, 0.745989
0.24081, 0.745793
0.24106, 0.745598
0.24131, 0.745402
0.24156, 0.745207
0.24181, 0.745012
0.242061, 0.744817
0.242311, 0.744622
0.242561, 0.744427
0.242811, 0.744233
0.243061, 0.744038
0.243311, 0.743844
0.243561, 0.74365
0.243811, 0.743456
0.244061, 0.743262
0.244311, 0.743068
0.244561, 0.742875
0.244811, 0.742681
0.245061, 0.742488
0.245311, 0.742294
0.245561, 0.742101
0.245811, 0.741908
0.246062, 0.741715
0.246312, 0.741523
0.246562, 0.74133
0.246812, 0.741138
0.247062, 0.740945
0.247312, 0.740753
0.247562, 0.740561
0.247812, 0.740369
0.248062, 0.740177
0.248312, 0.739986
0.248562, 0.739794
0.248812, 0.739603
0.249062, 0.739411
0.249312, 0.73922
0.249562, 0.739029
0.249812, 0.738838
0.250063, 0.738648
0.250313, 0.738457
0.250563, 0.738266
0.250813, 0.738076
0.251063, 0.737886
0.251313, 0.737696
0.251563, 0.737506
0.251813, 0.737316
0.252063, 0.737126
0.252313, 0.736937
0.252563, 0.736747
0.252813, 0.736558
0.253063, 0.736369
0.253313, 0.73618
0.253563, 0.735991
0.253813, 0.735802
0.254064, 0.735613
0.254314, 0.735425
0.254564, 0.735236
0.254814, 0.735048
0.255064, 0.73486
0.255314, 0.734672
0.255564, 0.734484
0.255814, 0.734296
0.256064, 0.734108
0.256314, 0.733921
0.256564, 0.733734
0.256814, 0.733546
0.257064, 0.733359
0.257314, 0.733172
0.257564, 0.732985
0.257814, 0.732799
0.258065, 0.732612
0.258315, 0.732426
0.258565, 0.732239
0.258815, 0.732053
0.259065, 0.731867
0.259315, 0.731681
0.259565, 0.731495
0.259815, 0.73131
0.260065, 0.731124
0.260315, 0.730939
0.260565, 0.730753
0.260815, 0.730568
0.261065, 0.730383
0.261315, 0.730198
0.261565, 0.730014
0.261815, 0.729829
0.262066, 0.729644
0.262316, 0.72946
0.262566, 0.729276
0.262816, 0.729092
0.263066, 0.728908
0.263316, 0.728724
0.263566, 0.72854
0.263816, 0.728357
0.264066, 0.728173
0.264316, 0.72799
0.264566, 0.727807
0.264816, 0.727623
0.265066, 0.72744
0.265316, 0.727258
0.265566, 0.727075
0.265816, 0.726892
0.266067, 0.72671
0.266317, 0.726528
0.266567, 0.726346
0.266817, 0.726163
0.267067, 0.725982
0.267317, 0.7258
0.267567, 0.725618
0.267817, 0.725437
0.268067, 0.725255
0.268317, 0.725074
0.268567, 0.724893
0.268817, 0.724712
0.269067, 0.724531
0.269317, 0.72435
0.269567, 0.724169
0.269817, 0.723989
0.270068, 0.723809
0.270318, 0.723628
0.270568, 0.723448
0.270818, 0.723268
0.271068, 0.723088
0.271318, 0.722909
0.271568, 0.722729
0.271818, 0.72255
0.272068, 0.72237
0.272318, 0.722191
0.272568, 0.722012
0.272818, 0.721833
0.273068, 0.721654
0.273318, 0.721476
0.273568, 0.721297
0.273818, 0.721119
0.274069, 0.72094
0.274319, 0.720762
0.274569, 0.720584
0.274819, 0.720406
0.275069, 0.720228
0.275319, 0.720051
0.275569, 0.719873
0.275819, 0.719696
0.276069, 0.719518
0.276319, 0.719341
0.276569, 0.719164
0.276819, 0.718987
0.277069, 0.718811
0.277319, 0.718634
0.277569, 0.718457
0.277819, 0.718281
0.27807, 0.718105
0.27832, 0.717929
0.27857, 0.717753
0.27882, 0.717577
0.27907, 0.717401
0.27932, 0.717225
0.27957, 0.71705
0.27982, 0.716875
0.28007, 0.716699
0.28032, 0.716524
0.28057, 0.716349
0.28082, 0.716175
0.28107, 0.716
0.28132, 0.715825
0.28157, 0.715651
0.28182, 0.715476
0.282071, 0.715302
0.282321, 0.715128
0.282571, 0.714954
0.282821, 0.71478
0.283071, 0.714607
0.283321, 0.714433
0.283571, 0.71426
0.283821, 0.714086
0.284071, 0.713913
0.284321, 0.71374
0.284571, 0.713567
0.284821, 0.713394
0.285071, 0.713222
0.285321, 0.713049
0.285571, 0.712877
0.285821, 0.712705
0.286072, 0.712532
0.286322, 0.71236
0.286572, 0.712188
0.286822, 0.712017
0.287072, 0.711845
0.287322, 0.711673
0.287572, 0.711502
0.287822, 0.711331
0.288072, 0.71116
0.288322, 0.710989
0.288572, 0.710818
0.288822, 0.710647
0.289072, 0.710476
0.289322, 0.710306
0.289572, 0.710135
0.289822, 0.709965
0.290073, 0.709795
0.290323, 0.709625
0.290573, 0.709455
0.290823, 0.709286
0.291073, 0.709116
0.291323, 0.708946
0.291573, 0.708777
0.291823, 0.708608
0.292073, 0.708439
0.292323, 0.70827
0.292573, 0.708101
0.292823, 0.707932
0.293073, 0.707764
0.293323, 0.707595
0.293573, 0.707427
0.293823, 0.707259
0.294074, 0.70709
0.294324, 0.706922
0.294574, 0.706755
0.294824, 0.706587
0.295074, 0.706419
0.295324, 0.706252
0.295574, 0.706085
0.295824, 0.705917
0.296074, 0.70575
0.296324, 0.705583
0.296574, 0.705417
0.296824, 0.70525
0.297074, 0.705083
0.297324, 0.704917
0.297574, 0.70475
0.297824, 0.704584
0.298075, 0.704418
0.298325, 0.704252
0.298575, 0.704086
0.298825, 0.703921
0.299075, 0.703755
0.299325, 0.70359
0.299575, 0.703424
0.299825, 0.703259
0.300075, 0.703094
0.300325, 0.702929
0.300575, 0.702765
0.300825, 0.7026
0.301075, 0.702435
0.301325, 0.702271
0.301575, 0.702107
0.301825, 0.701942
0.302076, 0.701778
0.302326, 0.701614
0.302576, 0.701451
0.302826, 0.701287
0.303076, 0.701123
0.303326, 0.70096
0.303576, 0.700797
0.303826, 0.700634
0.304076, 0.700471
0.304326, 0.700308
0.304576, 0.700145
0.304826, 0.699982
0.305076, 0.69982
0.305326, 0.699657
0.305576, 0.699495
0.305826, 0.699333
0.306077, 0.699171
0.306327, 0.699009
0.306577, 0.698847
0.306827, 0.698686
0.307077, 0.698524
0.307327, 0.698363
0.307577, 0.698201
0.307827, 0.69804
0.308077, 0.697879
0.308327, 0.697718
0.308577, 0.697557
0.308827, 0.697397
0.309077, 0.697236
0.309327, 0.697076
0.309577, 0.696916
0.309827, 0.696756
0.310078, 0.696596
0.310328, 0.696436
0.310578, 0.696276
0.310828, 0.696116
0.311078, 0.695957
0.311328, 0.695797
0.311578, 0.695638
0.311828, 0.695479
0.312078, 0.69532
0.312328, 0.695161
0.312578, 0.695002
0.312828, 0.694844
0.313078, 0.694685
0.313328, 0.694527
0.313578, 0.694368
0.313828, 0.69421
0.314079, 0.694052
0.314329, 0.693894
0.314579, 0.693737
0.314829, 0.693579
0.315079, 0.693422
0.315329, 0.693264
0.315579, 0.693107
0.315829, 0.69295
0.316079, 0.692793
0.316329, 0.692636
0.316579, 0.692479
0.316829, 0.692322
0.317079, 0.692166
0.317329, 0.69201
0.317579, 0.691853
0.317829, 0.691697
0.31808, 0.691541
0.31833, 0.691385
0.31858, 0.69123
0.31883, 0.691074
0.31908, 0.690918
0.31933, 0.690763
0.31958, 0.690608
0.31983, 0.690453
0.32008, 0.690298
0.32033, 0.690143
0.32058, 0.689988
0.32083, 0.689833
0.32108, 0.689679
0.32133, 0.689524
0.32158, 0.68937
0.32183, 0.689216
0.322081, 0.689062
0.322331, 0.688908
0.322581, 0.688754
0.322831, 0.688601
0.323081, 0.688447
0.323331, 0.688294
0.323581, 0.68814
0.323831, 0.687987
0.324081, 0.687834
0.324331, 0.687681
0.324581, 0.687529
0.324831, 0.687376
0.325081, 0.687223
0.325331, 0.687071
0.325581, 0.686919
0.325831, 0.686767
0.326082, 0.686615
0.326332, 0.686463
0.326582, 0.686311
0.326832, 0.686159
0.327082, 0.686008
0.327332, 0.685856
0.327582, 0.685705
0.327832, 0.685554
0.328082, 0.685403
0.328332, 0.685252
0.328582, 0.685101
0.328832, 0.684951
0.329082, 0.6848
0.329332, 0.68465
0.329582, 0.684499
0.329832, 0.684349
0.330083, 0.684199
0.330333, 0.684049
0.330583, 0.683899
0.330833, 0.68375
0.331083, 0.6836
0.331333, 0.683451
0.331583, 0.683302
0.331833, 0.683152
0.332083, 0.683003
0.332333, 0.682854
0.332583, 0.682706
0.332833, 0.682557
0.333083, 0.682408
0.333333, 0.68226
0.333583, 0.682112
0.333833, 0.681963
0.334084, 0.681815
0.334334, 0.681667
0.334584, 0.68152
0.334834, 0.681372
0.335084, 0.681224
0.335334, 0.681077
0.335584, 0.68093
0.335834, 0.680782
0.336084, 0.680635
0.336334, 0.680488
0.336584, 0.680342
0.336834, 0.680195
0.337084, 0.680048
0.337334, 0.679902
0.337584, 0.679756
0.337834, 0.679609
0.338085, 0.679463
0.338335, 0.679317
0.338585, 0.679171
0.338835, 0.679026
0.339085, 0.67888
0.339335, 0.678735
0.339585, 0.678589
0.339835, 0.678444
0.340085, 0.678299
0.340335, 0.678154
0.340585, 0.678009
0.340835, 0.677865
0.341085, 0.67772
0.341335, 0.677575
0.341585, 0.677431
0.341835, 0.677287
0.342086, 0.677143
0.342336, 0.676999
0.342586, 0.676855
0.342836, 0.676711
0.343086, 0.676568
0.343336, 0.676424
0.343586, 0.676281
0.343836, 0.676137
0.344086, 0.675994
0.344336, 0.675851
0.344586, 0.675708
0.344836, 0.675566
0.345086, 0.675423
0.345336, 0.67528
0.345586, 0.675138
0.345836, 0.674996
0.346087, 0.674854
0.346337, 0.674712
0.346587, 0.67457
0.346837, 0.674428
0.347087, 0.674286
0.347337, 0.674145
0.347587, 0.674003
0.347837, 0.673862
0.348087, 0.673721
0.348337, 0.67358
0.348587, 0.673439
0.348837, 0.673298
0.349087, 0.673158
0.349337, 0.673017
0.349587, 0.672877
0.349837, 0.672736
0.350088, 0.672596
0.350338, 0.672456
0.350588, 0.672316
0.350838, 0.672176
0.351088, 0.672037
0.351338, 0.671897
0.351588, 0.671758
0.351838, 0.671618
0.352088, 0.671479
0.352338, 0.67134
0.352588, 0.671201
0.352838, 0.671062
0.353088, 0.670924
0.353338, 0.670785
0.353588, 0.670646
0.353838, 0.670508
0.354089, 0.67037
0.354339, 0.670232
0.354589, 0.670094
0.354839, 0.669956
0.355089, 0.669818
0.355339, 0.669681
0.355589, 0.669543
0.355839, 0.669406
0.356089, 0.669269
0.356339, 0.669131
0.356589, 0.668994
0.356839, 0.668858
0.357089, 0.668721
0.357339, 0.668584
0.357589, 0.668448
0.357839, 0.668311
0.35809, 0.668175
0.35834, 0.668039
0.35859, 0.667903
0.35884, 0.667767
0.35909, 0.667631
0.35934, 0.667495
0.35959, 0.66736
0.35984, 0.667224
0.36009, 0.667089
0.36034, 0.666954
0.36059, 0.666819
0.36084, 0.666684
0.36109, 0.666549
0.36134, 0.666415
0.36159, 0.66628
0.36184, 0.666146
0.362091, 0.666011
0.362341, 0.665877
0.362591, 0.665743
0.362841, 0.665609
0.363091, 0.665475
0.363341, 0.665341
0.363591, 0.665208
0.363841, 0.665074
0.364091, 0.664941
0.364341, 0.664808
0.364591, 0.664675
0.364841, 0.664542
0.365091, 0.664409
0.365341, 0.664276
0.365591, 0.664144
0.365841, 0.664011
0.366092, 0.663879
0.366342, 0.663746
0.366592, 0.663614
0.366842, 0.663482
0.367092, 0.66335
0.367342, 0.663219
0.367592, 0.663087
0.367842, 0.662955
0.368092, 0.662824
0.368342, 0.662693
0.368592, 0.662562
0.368842, 0.662431
0.369092, 0.6623
0.369342, 0.662169
0.369592, 0.662038
0.369842, 0.661908
0.370093, 0.661777
0.370343, 0.661647
0.370593, 0.661517
0.370843, 0.661387
0.371093, 0.661257
0.371343, 0.661127
0.371593, 0.660997
0.371843, 0.660868
0.372093, 0.660738
0.372343, 0.660609
0.372593, 0.66048
0.372843, 0.660351
0.373093, 0.660222
0.373343, 0.660093
0.373593, 0.659964
0.373843, 0.659835
0.374094, 0.659707
0.374344, 0.659578
0.374594, 0.65945
0.374844, 0.659322
0.375094, 0.659194
0.375344, 0.659066
0.375594, 0.658938
0.375844, 0.658811
0.376094, 0.658683
0.376344, 0.658556
0.376594, 0.658429
0.376844, 0.658301
0.377094, 0.658174
0.377344, 0.658047
0.377594, 0.657921
0.377844, 0.657794
0.378095, 0.657667
0.378345, 0.657541
0.378595, 0.657415
0.378845, 0.657288
0.379095, 0.657162
0.379345, 0.657036
0.379595, 0.656911
0.379845, 0.656785
0.380095, 0.656659
0.380345, 0.656534
0.380595, 0.656408
0.380845, 0.656283
0.381095, 0.656158
0.381345, 0.656033
0.381595, 0.655908
0.381845, 0.655783
0.382096, 0.655659
0.382346, 0.655534
0.382596, 0.65541
0.382846, 0.655286
0.383096, 0.655161
0.383346, 0.655037
0.383596, 0.654914
0.383846, 0.65479
0.384096, 0.654666
0.384346, 0.654543
0.384596, 0.654419
0.384846, 0.654296
0.385096, 0.654173
0.385346, 0.65405
0.385596, 0.653927
0.385846, 0.653804
0.386097, 0.653681
0.386347, 0.653558
0.386597, 0.653436
0.386847, 0.653314
0.387097, 0.653191
0.387347, 0.653069
0.387597, 0.652947
0.387847, 0.652826
0.388097, 0.652704
0.388347, 0.652582
0.388597, 0.652461
0.388847, 0.652339
0.389097, 0.652218
0.389347, 0.652097
0.389597, 0.651976
0.389847, 0.651855
0.390098, 0.651734
0.390348, 0.651613
0.390598, 0.651493
0.390848, 0.651372
0.391098, 0.651252
0.391348, 0.651132
0.391598, 0.651012
0.391848, 0.650892
0.392098, 0.650772
0.392348, 0.650652
0.392598, 0.650533
0.392848, 0.650413
0.393098, 0.650294
0.393348, 0.650175
0.393598, 0.650056
0.393848, 0.649937
0.394099, 0.649818
0.394349, 0.649699
0.394599, 0.649581
0.394849, 0.649462
0.395099, 0.649344
0.395349, 0.649225
0.395599, 0.649107
0.395849, 0.648989
0.396099, 0.648871
0.396349, 0.648753
0.396599, 0.648636
0.396849, 0.648518
0.397099, 0.648401
0.397349, 0.648284
0.397599, 0.648166
0.397849, 0.648049
0.3981, 0.647932
0.39835, 0.647815
0.3986, 0.647699
0.39885, 0.647582
0.3991, 0.647466
0.39935, 0.647349
0.3996, 0.647233
0.39985, 0.647117
0.4001, 0.647001
0.40035, 0.646885
0.4006, 0.646769
0.40085, 0.646654
0.4011, 0.646538
0.40135, 0.646423
0.4016, 0.646308
0.40185, 0.646192
0.402101, 0.646077
0.402351, 0.645962
0.402601, 0.645848
0.402851, 0.645733
0.403101, 0.645618
0.403351, 0.645504
0.403601, 0.64539
0.403851, 0.645275
0.404101, 0.645161
0.404351, 0.645047
0.404601, 0.644934
0.404851, 0.64482
0.405101, 0.644706
0.405351, 0.644593
0.405601, 0.644479
0.405851, 0.644366
0.406102, 0.644253
0.406352, 0.64414
0.406602, 0.644027
0.406852, 0.643914
0.407102, 0.643802
0.407352, 0.643689
0.407602, 0.643577
0.407852, 0.643464
0.408102, 0.643352
0.408352, 0.64324
0.408602, 0.643128
0.408852, 0.643016
0.409102, 0.642905
0.409352, 0.642793
0.409602, 0.642682
0.409852, 0.64257
0.410103, 0.642459
0.410353, 0.642348
0.410603, 0.642237
0.410853, 0.642126
0.411103, 0.642015
0.411353, 0.641905
0.411603, 0.641794
0.411853, 0.641684
0.412103, 0.641573
0.412353, 0.641463
0.412603, 0.641353
0.412853, 0.641243
0.413103, 0.641134
0.413353, 0.641024
0.413603, 0.640914
0.413853, 0.640805
0.414104, 0.640695
0.414354, 0.640586
0.414604, 0.640477
0.414854, 0.640368
0.415104, 0.640259
0.415354, 0.640151
0.415604, 0.640042
0.415854, 0.639934
0.416104, 0.639825
0.416354, 0.639717
0.416604, 0.639609
0.416854, 0.639501
0.417104, 0.639393
0.417354, 0.639285
0.417604, 0.639177
0.417854, 0.63907
0.418105, 0.638962
0.418355, 0.638855
0.418605, 0.638748
0.418855, 0.638641
0.419105, 0.638534
0.419355, 0.638427
0.419605, 0.63832
0.419855, 0.638214
0.420105, 0.638107
0.420355, 0.638001
0.420605, 0.637895
0.420855, 0.637788
0.421105, 0.637682
0.421355, 0.637577
0.421605, 0.637471
0.421855, 0.637365
0.422106, 0.63726
0.422356, 0.637154
0.422606, 0.637049
0.422856, 0.636944
0.423106, 0.636839
0.423356, 0.636734
0.423606, 0.636629
0.423856, 0.636524
0.424106, 0.63642
0.424356, 0.636315
0.424606, 0.636211
0.424856, 0.636106
0.425106, 0.636002
0.425356, 0.635898
0.425606, 0.635794
0.425856, 0.635691
0.426107, 0.635587
0.426357, 0.635484
0.426607, 0.63538
0.426857, 0.635277
0.427107, 0.635174
0.427357, 0.635071
0.427607, 0.634968
0.427857, 0.634865
0.428107, 0.634762
0.428357, 0.63466
0.428607, 0.634557
0.428857, 0.634455
0.429107, 0.634352
0.429357, 0.63425
0.429607, 0.634148
0.429857, 0.634047
0.430108, 0.633945
0.430358, 0.633843
0.430608, 0.633742
0.430858, 0.63364
0.431108, 0.633539
0.431358, 0.633438
0.431608, 0.633337
0.431858, 0.633236
0.432108, 0.633135
0.432358, 0.633034
0.432608, 0.632934
0.432858, 0.632833
0.433108, 0.632733
0.433358, 0.632633
0.433608, 0.632533
0.433858, 0.632433
0.434109, 0.632333
0.434359, 0.632233
0.434609, 0.632133
0.434859, 0.632034
0.435109, 0.631934
0.435359, 0.631835
0.435609, 0.631736
0.435859, 0.631637
0.436109, 0.631538
0.436359, 0.631439
0.436609, 0.63134
0.436859, 0.631242
0.437109, 0.631143
0.437359, 0.631045
0.437609, 0.630947
0.437859, 0.630849
0.43811, 0.630751
0.43836, 0.630653
0.43861, 0.630555
0.43886, 0.630457
0.43911, 0.63036
0.43936, 0.630262
0.43961, 0.630165
0.43986, 0.630068
0.44011, 0.629971
0.44036, 0.629874
0.44061, 0.629777
0.44086, 0.62968
0.44111, 0.629584
0.44136, 0.629487
0.44161, 0.629391
0.44186, 0.629295
0.442111, 0.629199
0.442361, 0.629103
0.442611, 0.629007
0.442861, 0.628911
0.443111, 0.628815
0.443361, 0.62872
0.443611, 0.628625
0.443861, 0.628529
0.444111, 0.628434
0.444361, 0.628339
0.444611, 0.628244
0.444861, 0.628149
0.445111, 0.628055
0.445361, 0.62796
0.445611, 0.627865
0.445861, 0.627771
0.446112, 0.627677
0.446362, 0.627583
0.446612, 0.627489
0.446862, 0.627395
0.447112, 0.627301
0.447362, 0.627207
0.447612, 0.627114
0.447862, 0.62702
0.448112, 0.626927
0.448362, 0.626834
0.448612, 0.626741
0.448862, 0.626648
0.449112, 0.626555
0.449362, 0.626462
0.449612, 0.62637
0.449862, 0.626277
0.450113, 0.626185
0.450363, 0.626093
0.450613, 0.626001
0.450863, 0.625909
0.451113, 0.625817
0.451363, 0.625725
0.451613, 0.625633
0.451863, 0.625542
0.452113, 0.62545
0.452363, 0.625359
0.452613, 0.625268
0.452863, 0.625177
0.453113, 0.625086
0.453363, 0.624995
0.453613, 0.624904
0.453863, 0.624813
0.454114, 0.624723
0.454364, 0.624633
0.454614, 0.624542
0.454864, 0.624452
0.455114, 0.624362
0.455364, 0.624272
0.455614, 0.624182
0.455864, 0.624093
0.456114, 0.624003
0.456364, 0.623914
0.456614, 0.623824
0.456864, 0.623735
0.457114, 0.623646
0.457364, 0.623557
0.457614, 0.623468
0.457864, 0.62338
0.458115, 0.623291
0.458365, 0.623202
0.458615, 0.623114
0.458865, 0.623026
0.459115, 0.622938
0.459365, 0.62285
0.459615, 0.622762
0.459865, 0.622674
0.460115, 0.622586
0.460365, 0.622499
0.460615, 0.622411
0.460865, 0.622324
0.461115, 0.622237
0.461365, 0.622149
0.461615, 0.622062
0.461865, 0.621976
0.462116, 0.621889
0.462366, 0.621802
0.462616, 0.621716
0.462866, 0.621629
0.463116, 0.621543
0.463366, 0.621457
0.463616, 0.621371
0.463866, 0.621285
0.464116, 0.621199
0.464366, 0.621113
0.464616, 0.621028
0.464866, 0.620942
0.465116, 0.620857
0.465366, 0.620771
0.465616, 0.620686
0.465866, 0.620601
0.466117, 0.620516
0.466367, 0.620432
0.466617, 0.620347
0.466867, 0.620262
0.467117, 0.620178
0.467367, 0.620094
0.467617, 0.620009
0.467867, 0.619925
0.468117, 0.619841
0.468367, 0.619757
0.468617, 0.619674
0.468867, 0.61959
0.469117, 0.619507
0.469367, 0.619423
0.469617, 0.61934
0.469867, 0.619257
0.470118, 0.619174
0.470368, 0.619091
0.470618, 0.619008
0.470868, 0.618925
0.471118, 0.618843
0.471368, 0.61876
0.471618, 0.618678
0.471868, 0.618596
0.472118, 0.618514
0.472368, 0.618432
0.472618, 0.61835
0.472868, 0.618268
0.473118, 0.618186
0.473368, 0.618105
0.473618, 0.618023
0.473868, 0.617942
0.474119, 0.617861
0.474369, 0.61778
0.474619, 0.617699
0.474869, 0.617618
0.475119, 0.617537
0.475369, 0.617457
0.475619, 0.617376
0.475869, 0.617296
0.476119, 0.617216
0.476369, 0.617135
0.476619, 0.617055
0.476869, 0.616976
0.477119, 0.616896
0.477369, 0.616816
0.477619, 0.616736
0.477869, 0.616657
0.47812, 0.616578
0.47837, 0.616498
0.47862, 0.616419
0.47887, 0.61634
0.47912, 0.616262
0.47937, 0.616183
0.47962, 0.616104
0.47987, 0.616026
0.48012, 0.615947
0.48037, 0.615869
0.48062, 0.615791
0.48087, 0.615713
0.48112, 0.615635
0.48137, 0.615557
0.48162, 0.615479
0.48187, 0.615402
0.482121, 0.615324
0.482371, 0.615247
0.482621, 0.61517
0.482871, 0.615092
0.483121, 0.615015
0.483371, 0.614939
0.483621, 0.614862
0.483871, 0.614785
0.484121, 0.614709
0.484371, 0.614632
0.484621, 0.614556
0.484871, 0.61448
0.485121, 0.614403
0.485371, 0.614328
0.485621, 0.614252
0.485871, 0.614176
0.486122, 0.6141
0.486372, 0.614025
0.486622, 0.613949
0.486872, 0.613874
0.487122, 0.613799
0.487372, 0.613724
0.487622, 0.613649
0.487872, 0.613574
0.488122, 0.613499
0.488372, 0.613425
0.488622, 0.61335
0.488872, 0.613276
0.489122, 0.613202
0.489372, 0.613128
0.489622, 0.613054
0.489872, 0.61298
0.490123, 0.612906
0.490373, 0.612832
0.490623, 0.612759
0.490873, 0.612685
0.491123, 0.612612
0.491373, 0.612539
0.491623, 0.612466
0.491873, 0.612393
0.492123, 0.61232
0.492373, 0.612247
0.492623, 0.612175
0.492873, 0.612102
0.493123, 0.61203
0.493373, 0.611957
0.493623, 0.611885
0.493873, 0.611813
0.494124, 0.611741
0.494374, 0.611669
0.494624, 0.611598
0.494874, 0.611526
0.495124, 0.611455
0.495374, 0.611383
0.495624, 0.611312
0.495874, 0.611241
0.496124, 0.61117
0.496374, 0.611099
0.496624, 0.611028
0.496874, 0.610958
0.497124, 0.610887
0.497374, 0.610817
0.497624, 0.610746
0.497874, 0.610676
0.498125, 0.610606
0.498375, 0.610536
0.498625, 0.610466
0.498875, 0.610396
0.499125, 0.610327
0.499375, 0.610257
0.499625, 0.610188
0.499875, 0.610119
0.500125, 0.610049
0.500375, 0.60998
0.500625, 0.609911
0.500875, 0.609843
0.501125, 0.609774
0.501375, 0.609705
0.501625, 0.609637
0.501875, 0.609568
0.502126, 0.6095
0.502376, 0.609432
0.502626, 0.609364
0.502876, 0.609296
0.503126, 0.609228
0.503376, 0.609161
0.503626, 0.609093
0.503876, 0.609026
0.504126, 0.608958
0.504376, 0.608891
0.504626, 0.608824
0.504876, 0.608757
0.505126, 0.60869
0.505376, 0.608623
0.505626, 0.608557
0.505876, 0.60849
0.506127, 0.608424
0.506377, 0.608357
0.506627, 0.608291
0.506877, 0.608225
0.507127, 0.608159
0.507377, 0.608093
0.507627, 0.608028
0.507877, 0.607962
0.508127, 0.607897
0.508377, 0.607831
0.508627, 0.607766
0.508877, 0.607701
0.509127, 0.607636
0.509377, 0.607571
0.509627, 0.607506
0.509877, 0.607441
0.510128, 0.607377
0.510378, 0.607312
0.510628, 0.607248
0.510878, 0.607184
0.511128, 0.60712
0.511378, 0.607056
0.511628, 0.606992
0.511878, 0.606928
0.512128, 0.606864
0.512378, 0.606801
0.512628, 0.606737
0.512878, 0.606674
0.513128, 0.606611
0.513378, 0.606548
0.513628, 0.606485
0.513878, 0.606422
0.514129, 0.606359
0.514379, 0.606297
0.514629, 0.606234
0.514879, 0.606172
0.515129, 0.60611
0.515379, 0.606047
0.515629, 0.605985
0.515879, 0.605923
0.516129, 0.605862
0.516379, 0.6058
0.516629, 0.605738
0.516879, 0.605677
0.517129, 0.605615
0.517379, 0.605554
0.517629, 0.605493
0.517879, 0.605432
0.51813, 0.605371
0.51838, 0.60531
0.51863, 0.60525
0.51888, 0.605189
0.51913, 0.605129
0.51938, 0.605068
0.51963, 0.605008
0.51988, 0.604948
0.52013, 0.604888
0.52038, 0.604828
0.52063, 0.604768
0.52088, 0.604709
0.52113, 0.604649
0.52138, 0.60459
0.52163, 0.604531
0.52188, 0.604471
0.522131, 0.604412
0.522381, 0.604353
0.522631, 0.604294
0.522881, 0.604236
0.523131, 0.604177
0.523381, 0.604119
0.523631, 0.60406
0.523881, 0.604002
0.524131, 0.603944
0.524381, 0.603886
0.524631, 0.603828
0.524881, 0.60377
0.525131, 0.603712
0.525381, 0.603655
0.525631, 0.603597
0.525881, 0.60354
0.526132, 0.603483
0.526382, 0.603426
0.526632, 0.603369
0.526882, 0.603312
0.527132, 0.603255
0.527382, 0.603198
0.527632, 0.603142
0.527882, 0.603085
0.528132, 0.603029
0.528382, 0.602973
0.528632, 0.602917
0.528882, 0.602861
0.529132, 0.602805
0.529382, 0.602749
0.529632, 0.602693
0.529882, 0.602638
0.530133, 0.602582
0.530383, 0.602527
0.530633, 0.602472
0.530883, 0.602417
0.531133, 0.602362
0.531383, 0.602307
0.531633, 0.602252
0.531883, 0.602198
0.532133, 0.602143
0.532383, 0.602089
0.532633, 0.602035
0.532883, 0.60198
0.533133, 0.601926
0.533383, 0.601872
0.533633, 0.601819
0.533883, 0.601765
0.534134, 0.601711
0.534384, 0.601658
0.534634, 0.601605
0.534884, 0.601551
0.535134, 0.601498
0.535384, 0.601445
0.535634, 0.601392
0.535884, 0.60134
0.536134, 0.601287
0.536384, 0.601234
0.536634, 0.601182
0.536884, 0.60113
0.537134, 0.601077
0.537384, 0.601025
0.537634, 0.600973
0.537884, 0.600921
0.538135, 0.60087
0.538385, 0.600818
0.538635, 0.600766
0.538885, 0.600715
0.539135, 0.600664
0.539385, 0.600612
0.539635, 0.600561
0.539885, 0.60051
0.540135, 0.60046
0.540385, 0.600409
0.540635, 0.600358
0.540885, 0.600308
0.541135, 0.600257
0.541385, 0.600207
0.541635, 0.600157
0.541885, 0.600107
0.542136, 0.600057
0.542386, 0.600007
0.542636, 0.599957
0.542886, 0.599908
0.543136, 0.599858
0.543386, 0.599809
0.543636, 0.59976
0.543886, 0.599711
0.544136, 0.599662
0.544386, 0.599613
0.544636, 0.599564
0.544886, 0.599515
0.545136, 0.599467
0.545386, 0.599418
0.545636, 0.59937
0.545886, 0.599322
0.546137, 0.599273
0.546387, 0.599225
0.546637, 0.599178
0.546887, 0.59913
0.547137, 0.599082
0.547387, 0.599035
0.547637, 0.598987
0.547887, 0.59894
0.548137, 0.598893
0.548387, 0.598846
0.548637, 0.598799
0.548887, 0.598752
0.549137, 0.598705
0.549387, 0.598658
0.549637, 0.598612
0.549887, 0.598565
0.550138, 0.598519
0.550388, 0.598473
0.550638, 0.598427
0.550888, 0.598381
0.551138, 0.598335
0.551388, 0.598289
0.551638, 0.598244
0.551888, 0.598198
0.552138, 0.598153
0.552388, 0.598108
0.552638, 0.598063
0.552888, 0.598017
0.553138, 0.597973
0.553388, 0.597928
0.553638, 0.597883
0.553888, 0.597838
0.554139, 0.597794
0.554389, 0.59775
0.554639, 0.597705
0.554889, 0.597661
0.555139, 0.597617
0.555389, 0.597573
0.555639, 0.59753
0.555889, 0.597486
0.556139, 0.597442
0.556389, 0.597399
0.556639, 0.597356
0.556889, 0.597312
0.557139, 0.597269
0.557389, 0.597226
0.557639, 0.597183
0.557889, 0.597141
0.55814, 0.597098
0.55839, 0.597055
0.55864, 0.597013
0.55889, 0.596971
0.55914, 0.596928
0.55939, 0.596886
0.55964, 0.596844
0.55989, 0.596802
0.56014, 0.596761
0.56039, 0.596719
0.56064, 0.596678
0.56089, 0.596636
0.56114, 0.596595
0.56139, 0.596554
0.56164, 0.596513
0.56189, 0.596472
0.562141, 0.596431
0.562391, 0.59639
0.562641, 0.59635
0.562891, 0.596309
0.563141, 0.596269
0.563391, 0.596228
0.563641, 0.596188
0.563891, 0.596148
0.564141, 0.596108
0.564391, 0.596068
0.564641, 0.596029
0.564891, 0.595989
0.565141, 0.59595
0.565391, 0.59591
0.565641, 0.595871
0.565891, 0.595832
0.566142, 0.595793
0.566392, 0.595754
0.566642, 0.595715
0.566892, 0.595677
0.567142, 0.595638
0.567392, 0.5956
0.567642, 0.595561
0.567892, 0.595523
0.568142, 0.595485
0.568392, 0.595447
0.568642, 0.595409
0.568892, 0.595371
0.569142, 0.595334
0.569392, 0.595296
0.569642, 0.595259
0.569892, 0.595221
0.570143, 0.595184
0.570393, 0.595147
0.570643, 0.59511
0.570893, 0.595073
0.571143, 0.595036
0.571393, 0.595
0.571643, 0.594963
0.571893, 0.594927
0.572143, 0.594891
0.572393, 0.594854
0.572643, 0.594818
0.572893, 0.594782
0.573143, 0.594746
0.573393, 0.594711
0.573643, 0.594675
0.573893, 0.59464
0.574144, 0.594604
0.574394, 0.594569
0.574644, 0.594534
0.574894, 0.594499
0.575144, 0.594464
0.575394, 0.594429
0.575644, 0.594394
0.575894, 0.59436
0.576144, 0.594325
0.576394, 0.594291
0.576644, 0.594257
0.576894, 0.594222
0.577144, 0.594188
0.577394, 0.594154
0.577644, 0.594121
0.577894, 0.594087
0.578145, 0.594053
0.578395, 0.59402
0.578645, 0.593987
0.578895, 0.593953
0.579145, 0.59392
0.579395, 0.593887
0.579645, 0.593854
0.579895, 0.593821
0.580145, 0.593789
0.580395, 0.593756
0.580645, 0.593724
0.580895, 0.593691
0.581145, 0.593659
0.581395, 0.593627
0.581645, 0.593595
0.581895, 0.593563
0.582146, 0.593531
0.582396, 0.5935
0.582646, 0.593468
0.582896, 0.593437
0.583146, 0.593406
0.583396, 0.593374
0.583646, 0.593343
0.583896, 0.593312
0.584146, 0.593281
0.584396, 0.593251
0.584646, 0.59322
0.584896, 0.59319
0.585146, 0.593159
0.585396, 0.593129
0.585646, 0.593099
0.585896, 0.593069
0.586147, 0.593039
0.586397, 0.593009
0.586647, 0.592979
0.586897, 0.592949
0.587147, 0.59292
0.587397, 0.592891
0.587647, 0.592861
0.587897, 0.592832
0.588147, 0.592803
0.588397, 0.592774
0.588647, 0.592745
0.588897, 0.592717
0.589147, 0.592688
0.589397, 0.592659
0.589647, 0.592631
0.589897, 0.592603
0.590148, 0.592575
0.590398, 0.592547
0.590648, 0.592519
0.590898, 0.592491
0.591148, 0.592463
0.591398, 0.592436
0.591648, 0.592408
0.591898, 0.592381
0.592148, 0.592354
0.592398, 0.592326
0.592648, 0.592299
0.592898, 0.592273
0.593148, 0.592246
0.593398, 0.592219
0.593648, 0.592193
0.593898, 0.592166
0.594149, 0.59214
0.594399, 0.592114
0.594649, 0.592087
0.594899, 0.592061
0.595149, 0.592036
0.595399, 0.59201
0.595649, 0.591984
0.595899, 0.591959
0.596149, 0.591933
0.596399, 0.591908
0.596649, 0.591883
0.596899, 0.591858
0.597149, 0.591833
0.597399, 0.591808
0.597649, 0.591783
0.597899, 0.591758
0.59815, 0.591734
0.5984, 0.591709
0.59865, 0.591685
0.5989, 0.591661
0.59915, 0.591637
0.5994, 0.591613
0.59965, 0.591589
0.5999, 0.591565
0.60015, 0.591542
0.6004, 0.591518
0.60065, 0.591495
0.6009, 0.591471
0.60115, 0.591448
0.6014, 0.591425
0.60165, 0.591402
0.6019, 0.591379
0.602151, 0.591357
0.602401, 0.591334
0.602651, 0.591312
0.602901, 0.591289
0.603151, 0.591267
0.603401, 0.591245
0.603651, 0.591223
0.603901, 0.591201
0.604151, 0.591179
0.604401, 0.591157
0.604651, 0.591136
0.604901, 0.591114
0.605151, 0.591093
0.605401, 0.591072
0.605651, 0.59105
0.605901, 0.591029
0.606152, 0.591008
0.606402, 0.590988
0.606652, 0.590967
0.606902, 0.590946
0.607152, 0.590926
0.607402, 0.590906
0.607652, 0.590885
0.607902, 0.590865
0.608152, 0.590845
0.608402, 0.590825
0.608652, 0.590806
0.608902, 0.590786
0.609152, 0.590766
0.609402, 0.590747
0.609652, 0.590728
0.609902, 0.590708
0.610153, 0.590689
0.610403, 0.59067
0.610653, 0.590651
0.610903, 0.590633
0.611153, 0.590614
0.611403, 0.590595
0.611653, 0.590577
0.611903, 0.590559
0.612153, 0.59054
0.612403, 0.590522
0.612653, 0.590504
0.612903, 0.590486
0.613153, 0.590469
0.613403, 0.590451
0.613653, 0.590434
0.613903, 0.590416
0.614154, 0.590399
0.614404, 0.590382
0.614654, 0.590365
0.614904, 0.590348
0.615154, 0.590331
0.615404, 0.590314
0.615654, 0.590297
0.615904, 0.590281
0.616154, 0.590265
0.616404, 0.590248
0.616654, 0.590232
0.616904, 0.590216
0.617154, 0.5902
0.617404, 0.590184
0.617654, 0.590168
0.617904, 0.590153
0.618155, 0.590137
0.618405, 0.590122
0.618655, 0.590107
0.618905, 0.590092
0.619155, 0.590077
0.619405, 0.590062
0.619655, 0.590047
0.619905, 0.590032
0.620155, 0.590017
0.620405, 0.590003
0.620655, 0.589989
0.620905, 0.589974
0.621155, 0.58996
0.621405, 0.589946
0.621655, 0.589932
0.621905, 0.589918
0.622156, 0.589905
0.622406, 0.589891
0.622656, 0.589878
0.622906, 0.589864
0.623156, 0.589851
0.623406, 0.589838
0.623656, 0.589825
0.623906, 0.589812
0.624156, 0.589799
0.624406, 0.589787
0.624656, 0.589774
0.624906, 0.589762
0.625156, 0.589749
0.625406, 0.589737
0.625656, 0.589725
0.625906, 0.589713
0.626157, 0.589701
0.626407, 0.589689
0.626657, 0.589678
0.626907, 0.589666
0.627157, 0.589655
0.627407, 0.589643
0.627657, 0.589632
0.627907, 0.589621
0.628157, 0.58961
0.628407, 0.589599
0.628657, 0.589588
0.628907, 0.589578
0.629157, 0.589567
0.629407, 0.589557
0.629657, 0.589547
0.629907, 0.589536
0.630158, 0.589526
0.630408, 0.589516
0.630658, 0.589506
0.630908, 0.589497
0.631158, 0.589487
0.631408, 0.589478
0.631658, 0.589468
0.631908, 0.589459
0.632158, 0.58945
0.632408, 0.589441
0.632658, 0.589432
0.632908, 0.589423
0.633158, 0.589414
0.633408, 0.589405
0.633658, 0.589397
0.633908, 0.589389
0.634159, 0.58938
0.634409, 0.589372
0.634659, 0.589364
0.634909, 0.589356
0.635159, 0.589348
0.635409, 0.589341
0.635659, 0.589333
0.635909, 0.589325
0.636159, 0.589318
0.636409, 0.589311
0.636659, 0.589304
0.636909, 0.589297
0.637159, 0.58929
0.637409, 0.589283
0.637659, 0.589276
0.637909, 0.58927
0.63816, 0.589263
0.63841, 0.589257
0.63866, 0.589251
0.63891, 0.589244
0.63916, 0.589238
0.63941, 0.589232
0.63966, 0.589227
0.63991, 0.589221
0.64016, 0.589215
0.64041, 0.58921
0.64066, 0.589205
0.64091, 0.589199
0.64116, 0.589194
0.64141, 0.589189
0.64166, 0.589184
0.64191, 0.58918
0.642161, 0.589175
0.642411, 0.58917
0.642661, 0.589166
0.642911, 0.589162
0.643161, 0.589157
0.643411, 0.589153
0.643661, 0.589149
0.643911, 0.589145
0.644161, 0.589142
0.644411, 0.589138
0.644661, 0.589134
0.644911, 0.589131
0.645161, 0.589128
0.645411, 0.589124
0.645661, 0.589121
0.645911, 0.589118
0.646162, 0.589115
0.646412, 0.589113
0.646662, 0.58911
0.646912, 0.589108
0.647162, 0.589105
0.647412, 0.589103
0.647662, 0.589101
0.647912, 0.589099
0.648162, 0.589097
0.648412, 0.589095
0.648662, 0.589093
0.648912, 0.589091
0.649162, 0.58909
0.649412, 0.589088
0.649662, 0.589087
0.649912, 0.589086
0.650163, 0.589085
0.650413, 0.589084
0.650663, 0.589083
0.650913, 0.589082
0.651163, 0.589082
0.651413, 0.589081
0.651663, 0.589081
0.651913, 0.589081
0.652163, 0.58908
0.652413, 0.58908
0.652663, 0.58908
0.652913, 0.589081
0.653163, 0.589081
0.653413, 0.589081
0.653663, 0.589082
0.653913, 0.589082
0.654164, 0.589083
0.654414, 0.589084
0.654664, 0.589085
0.654914, 0.589086
0.655164, 0.589087
0.655414, 0.589089
0.655664, 0.58909
0.655914, 0.589092
0.656164, 0.589093
0.656414, 0.589095
0.656664, 0.589097
0.656914, 0.589099
0.657164, 0.589101
0.657414, 0.589103
0.657664, 0.589105
0.657914, 0.589108
0.658165, 0.58911
0.658415, 0.589113
0.658665, 0.589116
0.658915, 0.589119
0.659165, 0.589122
0.659415, 0.589125
0.659665, 0.589128
0.659915, 0.589131
0.660165, 0.589135
0.660415, 0.589138
0.660665, 0.589142
0.660915, 0.589146
0.661165, 0.58915
0.661415, 0.589154
0.661665, 0.589158
0.661915, 0.589162
0.662166, 0.589166
0.662416, 0.589171
0.662666, 0.589175
0.662916, 0.58918
0.663166, 0.589185
0.663416, 0.58919
0.663666, 0.589195
0.663916, 0.5892
0.664166, 0.589205
0.664416, 0.589211
0.664666, 0.589216
0.664916, 0.589222
0.665166, 0.589227
0.665416, 0.589233
0.665666, 0.589239
0.665916, 0.589245
0.666167, 0.589251
0.666417, 0.589257
0.666667, 0.589264
0.666917, 0.58927
0.667167, 0.589277
0.667417, 0.589284
0.667667, 0.58929
0.667917, 0.589297
0.668167, 0.589304
0.668417, 0.589312
0.668667, 0.589319
0.668917, 0.589326
0.669167, 0.589334
0.669417, 0.589341
0.669667, 0.589349
0.669917, 0.589357
0.670168, 0.589365
0.670418, 0.589373
0.670668, 0.589381
0.670918, 0.589389
0.671168, 0.589398
0.671418, 0.589406
0.671668, 0.589415
0.671918, 0.589424
0.672168, 0.589433
0.672418, 0.589442
0.672668, 0.589451
0.672918, 0.58946
0.673168, 0.589469
0.673418, 0.589479
0.673668, 0.589488
0.673918, 0.589498
0.674169, 0.589507
0.674419, 0.589517
0.674669, 0.589527
0.674919, 0.589537
0.675169, 0.589548
0.675419, 0.589558
0.675669, 0.589568
0.675919, 0.589579
0.676169, 0.58959
0.676419, 0.5896
0.676669, 0.589611
0.676919, 0.589622
0.677169, 0.589633
0.677419, 0.589645
0.677669, 0.589656
0.677919, 0.589667
0.67817, 0.589679
0.67842, 0.589691
0.67867, 0.589702
0.67892, 0.589714
0.67917, 0.589726
0.67942, 0.589738
0.67967, 0.589751
0.67992, 0.589763
0.68017, 0.589775
0.68042, 0.589788
0.68067, 0.589801
0.68092, 0.589814
0.68117, 0.589826
0.68142, 0.589839
0.68167, 0.589853
0.68192, 0.589866
0.682171, 0.589879
0.682421, 0.589893
0.682671, 0.589906
0.682921, 0.58992
0.683171, 0.589934
0.683421, 0.589948
0.683671, 0.589962
0.683921, 0.589976
0.684171, 0.58999
0.684421, 0.590005
0.684671, 0.590019
0.684921, 0.590034
0.685171, 0.590048
0.685421, 0.590063
0.685671, 0.590078
0.685921, 0.590093
0.686172, 0.590108
0.686422, 0.590124
0.686672, 0.590139
0.686922, 0.590155
0.687172, 0.59017
0.687422, 0.590186
0.687672, 0.590202
0.687922, 0.590218
0.688172, 0.590234
0.688422, 0.59025
0.688672, 0.590266
0.688922, 0.590283
0.689172, 0.590299
0.689422, 0.590316
0.689672, 0.590333
0.689922, 0.590349
0.690173, 0.590366
0.690423, 0.590384
0.690673, 0.590401
0.690923, 0.590418
0.691173, 0.590435
0.691423, 0.590453
0.691673, 0.590471
0.691923, 0.590488
0.692173, 0.590506
0.692423, 0.590524
0.692673, 0.590542
0.692923, 0.590561
0.693173, 0.590579
0.693423, 0.590597
0.693673, 0.590616
0.693923, 0.590635
0.694174, 0.590653
0.694424, 0.590672
0.694674, 0.590691
0.694924, 0.59071
0.695174, 0.59073
0.695424, 0.590749
0.695674, 0.590768
0.695924, 0.590788
0.696174, 0.590808
0.696424, 0.590828
0.696674, 0.590847
0.696924, 0.590867
0.697174, 0.590888
0.697424, 0.590908
0.697674, 0.590928
0.697924, 0.590949
0.698175, 0.590969
0.698425, 0.59099
0.698675, 0.591011
0.698925, 0.591032
0.699175, 0.591053
0.699425, 0.591074
0.699675, 0.591095
0.699925, 0.591117
0.700175, 0.591138
0.700425, 0.59116
0.700675, 0.591181
0.700925, 0.591203
0.701175, 0.591225
0.701425, 0.591247
0.701675, 0.591269
0.701925, 0.591292
0.702176, 0.591314
0.702426, 0.591337
0.702676, 0.591359
0.702926, 0.591382
0.703176, 0.591405
0.703426, 0.591428
0.703676, 0.591451
0.703926, 0.591474
0.704176, 0.591497
0.704426, 0.591521
0.704676, 0.591544
0.704926, 0.591568
0.705176, 0.591592
0.705426, 0.591615
0.705676, 0.591639
0.705926, 0.591663
0.706177, 0.591688
0.706427, 0.591712
0.706677, 0.591736
0.706927, 0.591761
0.707177, 0.591786
0.707427, 0.59181
0.707677, 0.591835
0.707927, 0.59186
0.708177, 0.591885
0.708427, 0.591911
0.708677, 0.591936
0.708927, 0.591961
0.709177, 0.591987
0.709427, 0.592013
0.709677, 0.592038
0.709927, 0.592064
0.710178, 0.59209
0.710428, 0.592116
0.710678, 0.592143
0.710928, 0.592169
0.711178, 0.592195
0.711428, 0.592222
0.711678, 0.592249
0.711928, 0.592276
0.712178, 0.592302
0.712428, 0.592329
0.712678, 0.592357
0.712928, 0.592384
0.713178, 0.592411
0.713428, 0.592439
0.713678, 0.592466
0.713928, 0.592494
0.714179, 0.592522
0.714429, 0.59255
0.714679, 0.592578
0.714929, 0.592606
0.715179, 0.592634
0.715429, 0.592663
0.715679, 0.592691
0.715929, 0.59272
0.716179, 0.592748
0.716429, 0.592777
0.716679, 0.592806
0.716929, 0.592835
0.717179, 0.592864
0.717429, 0.592894
0.717679, 0.592923
0.717929, 0.592953
0.71818, 0.592982
0.71843, 0.593012
0.71868, 0.593042
0.71893, 0.593072
0.71918, 0.593102
0.71943, 0.593132
0.71968, 0.593162
0.71993, 0.593193
0.72018, 0.593223
0.72043, 0.593254
0.72068, 0.593285
0.72093, 0.593316
0.72118, 0.593347
0.72143, 0.593378
0.72168, 0.593409
0.72193, 0.59344
0.722181, 0.593472
0.722431, 0.593503
0.722681, 0.593535
0.722931, 0.593567
0.723181, 0.593599
0.723431, 0.593631
0.723681, 0.593663
0.723931, 0.593695
0.724181, 0.593727
0.724431, 0.59376
0.724681, 0.593792
0.724931, 0.593825
0.725181, 0.593858
0.725431, 0.593891
0.725681, 0.593924
0.725931, 0.593957
0.726182, 0.59399
0.726432, 0.594024
0.726682, 0.594057
0.726932, 0.594091
0.727182, 0.594124
0.727432, 0.594158
0.727682, 0.594192
0.727932, 0.594226
0.728182, 0.59426
0.728432, 0.594295
0.728682, 0.594329
0.728932, 0.594363
0.729182, 0.594398
0.729432, 0.594433
0.729682, 0.594468
0.729932, 0.594503
0.730183, 0.594538
0.730433, 0.594573
0.730683, 0.594608
0.730933, 0.594643
0.731183, 0.594679
0.731433, 0.594715
0.731683, 0.59475
0.731933, 0.594786
0.732183, 0.594822
0.732433, 0.594858
0.732683, 0.594894
0.732933, 0.594931
0.733183, 0.594967
0.733433, 0.595004
0.733683, 0.59504
0.733933, 0.595077
0.734184, 0.595114
0.734434, 0.595151
0.734684, 0.595188
0.734934, 0.595225
0.735184, 0.595263
0.735434, 0.5953
0.735684, 0.595338
0.735934, 0.595375
0.736184, 0.595413
0.736434, 0.595451
0.736684, 0.595489
0.736934, 0.595527
0.737184, 0.595565
0.737434, 0.595604
0.737684, 0.595642
0.737934, 0.595681
0.738185, 0.595719
0.738435, 0.595758
0.738685, 0.595797
0.738935, 0.595836
0.739185, 0.595875
0.739435, 0.595915
0.739685, 0.595954
0.739935, 0.595994
0.740185, 0.596033
0.740435, 0.596073
0.740685, 0.596113
0.740935, 0.596153
0.741185, 0.596193
0.741435, 0.596233
0.741685, 0.596273
0.741935, 0.596313
0.742186, 0.596354
0.742436, 0.596395
0.742686, 0.596435
0.742936, 0.596476
0.743186, 0.596517
0.743436, 0.596558
0.743686, 0.596599
0.743936, 0.596641
0.744186, 0.596682
0.744436, 0.596724
0.744686, 0.596765
0.744936, 0.596807
0.745186, 0.596849
0.745436, 0.596891
0.745686, 0.596933
0.745936, 0.596975
0.746187, 0.597018
0.746437, 0.59706
0.746687, 0.597103
0.746937, 0.597145
0.747187, 0.597188
0.747437, 0.597231
0.747687, 0.597274
0.747937, 0.597317
0.748187, 0.59736
0.748437, 0.597404
0.748687, 0.597447
0.748937, 0.597491
0.749187, 0.597534
0.749437, 0.597578
0.749687, 0.597622
0.749937, 0.597666
0.750188, 0.59771
0.750438, 0.597754
0.750688, 0.597799
0.750938, 0.597843
0.751188, 0.597888
0.751438, 0.597933
0.751688, 0.597977
0.751938, 0.598022
0.752188, 0.598067
0.752438, 0.598113
0.752688, 0.598158
0.752938, 0.598203
0.753188, 0.598249
0.753438, 0.598294
0.753688, 0.59834
0.753938, 0.598386
0.754189, 0.598432
0.754439, 0.598478
0.754689, 0.598524
0.754939, 0.598571
0.755189, 0.598617
0.755439, 0.598663
0.755689, 0.59871
0.755939, 0.598757
0.756189, 0.598804
0.756439, 0.598851
0.756689, 0.598898
0.756939, 0.598945
0.757189, 0.598992
0.757439, 0.59904
0.757689, 0.599087
0.757939, 0.599135
0.75819, 0.599183
0.75844, 0.599231
0.75869, 0.599279
0.75894, 0.599327
0.75919, 0.599375
0.75944, 0.599423
0.75969, 0.599472
0.75994, 0.59952
0.76019, 0.599569
0.76044, 0.599618
0.76069, 0.599667
0.76094, 0.599716
0.76119, 0.599765
0.76144, 0.599814
0.76169, 0.599864
0.76194, 0.599913
0.762191, 0.599963
0.762441, 0.600013
0.762691, 0.600062
0.762941, 0.600112
0.763191, 0.600162
0.763441, 0.600213
0.763691, 0.600263
0.763941, 0.600313
0.764191, 0.600364
0.764441, 0.600414
0.764691, 0.600465
0.764941, 0.600516
0.765191, 0.600567
0.765441, 0.600618
0.765691, 0.600669
0.765941, 0.600721
0.766192, 0.600772
0.766442, 0.600824
0.766692, 0.600875
0.766942, 0.600927
0.767192, 0.600979
0.767442, 0.601031
0.767692, 0.601083
0.767942, 0.601135
0.768192, 0.601188
0.768442, 0.60124
0.768692, 0.601293
0.768942, 0.601345
0.769192, 0.601398
0.769442, 0.601451
0.769692, 0.601504
0.769942, 0.601557
0.770193, 0.60161
0.770443, 0.601664
0.770693, 0.601717
0.770943, 0.601771
0.771193, 0.601825
0.771443, 0.601878
0.771693, 0.601932
0.771943, 0.601986
0.772193, 0.602041
0.772443, 0.602095
0.772693, 0.602149
0.772943, 0.602204
0.773193, 0.602258
0.773443, 0.602313
0.773693, 0.602368
0.773943, 0.602423
0.774194, 0.602478
0.774444, 0.602533
0.774694, 0.602588
0.774944, 0.602644
0.775194, 0.602699
0.775444, 0.602755
0.775694, 0.602811
0.775944, 0.602867
0.776194, 0.602923
0.776444, 0.602979
0.776694, 0.603035
0.776944, 0.603091
0.777194, 0.603148
0.777444, 0.603204
0.777694, 0.603261
0.777944, 0.603318
0.778195, 0.603375
0.778445, 0.603432
0.778695, 0.603489
0.778945, 0.603546
0.779195, 0.603604
0.779445, 0.603661
0.779695, 0.603719
0.779945, 0.603776
0.780195, 0.603834
0.780445, 0.603892
0.780695, 0.60395
0.780945, 0.604008
0.781195, 0.604067
0.781445, 0.604125
0.781695, 0.604184
0.781945, 0.604242
0.782196, 0.604301
0.782446, 0.60436
0.782696, 0.604419
0.782946, 0.604478
0.783196, 0.604537
0.783446, 0.604596
0.783696, 0.604656
0.783946, 0.604715
0.784196, 0.604775
0.784446, 0.604835
0.784696, 0.604895
0.784946, 0.604955
0.785196, 0.605015
0.785446, 0.605075
0.785696, 0.605135
0.785946, 0.605196
0.786197, 0.605256
0.786447, 0.605317
0.786697, 0.605378
0.786947, 0.605439
0.787197, 0.6055
0.787447, 0.605561
0.787697, 0.605622
0.787947, 0.605684
0.788197, 0.605745
0.788447, 0.605807
0.788697, 0.605868
0.788947, 0.60593
0.789197, 0.605992
0.789447, 0.606054
0.789697, 0.606116
0.789947, 0.606179
0.790198, 0.606241
0.790448, 0.606304
0.790698, 0.606366
0.790948, 0.606429
0.791198, 0.606492
0.791448, 0.606555
0.791698, 0.606618
0.791948, 0.606681
0.792198, 0.606744
0.792448, 0.606808
0.792698, 0.606871
0.792948, 0.606935
0.793198, 0.606999
0.793448, 0.607063
0.793698, 0.607127
0.793948, 0.607191
0.794199, 0.607255
0.794449, 0.607319
0.794699, 0.607384
0.794949, 0.607448
0.795199, 0.607513
0.795449, 0.607578
0.795699, 0.607643
0.795949, 0.607708
0.796199, 0.607773
0.796449, 0.607838
0.796699, 0.607904
0.796949, 0.607969
0.797199, 0.608035
0.797449, 0.608101
0.797699, 0.608166
0.797949, 0.608232
0.7982, 0.608299
0.79845, 0.608365
0.7987, 0.608431
0.79895, 0.608497
0.7992, 0.608564
0.79945, 0.608631
0.7997, 0.608697
0.79995, 0.608764
0.8002, 0.608831
0.80045, 0.608898
0.8007, 0.608966
0.80095, 0.609033
0.8012, 0.6091
0.80145, 0.609168
0.8017, 0.609236
0.80195, 0.609303
0.802201, 0.609371
0.802451, 0.609439
0.802701, 0.609508
0.802951, 0.609576
0.803201, 0.609644
0.803451, 0.609713
0.803701, 0.609781
0.803951, 0.60985
0.804201, 0.609919
0.804451, 0.609988
0.804701, 0.610057
0.804951, 0.610126
0.805201, 0.610195
0.805451, 0.610265
0.805701, 0.610334
0.805951, 0.610404
0.806202, 0.610474
0.806452, 0.610544
0.806702, 0.610614
0.806952, 0.610684
0.807202, 0.610754
0.807452, 0.610824
0.807702, 0.610895
0.807952, 0.610965
0.808202, 0.611036
0.808452, 0.611107
0.808702, 0.611178
0.808952, 0.611249
0.809202, 0.61132
0.809452, 0.611391
0.809702, 0.611462
0.809952, 0.611534
0.810203, 0.611605
0.810453, 0.611677
0.810703, 0.611749
0.810953, 0.611821
0.811203, 0.611893
0.811453, 0.611965
0.811703, 0.612037
0.811953, 0.61211
0.812203, 0.612182
0.812453, 0.612255
0.812703, 0.612328
0.812953, 0.612401
0.813203, 0.612474
0.813453, 0.612547
0.813703, 0.61262
0.813953, 0.612693
0.814204, 0.612767
0.814454, 0.61284
0.814704, 0.612914
0.814954, 0.612988
0.815204, 0.613062
0.815454, 0.613136
0.815704, 0.61321
0.815954, 0.613284
0.816204, 0.613358
0.816454, 0.613433
0.816704, 0.613508
0.816954, 0.613582
0.817204, 0.613657
0.817454, 0.613732
0.817704, 0.613807
0.817954, 0.613882
0.818205, 0.613958
0.818455, 0.614033
0.818705, 0.614109
0.818955, 0.614184
0.819205, 0.61426
0.819455, 0.614336
0.819705, 0.614412
0.819955, 0.614488
0.820205, 0.614564
0.820455, 0.61464
0.820705, 0.614717
0.820955, 0.614793
0.821205, 0.61487
0.821455, 0.614947
0.821705, 0.615024
0.821955, 0.615101
0.822206, 0.615178
0.822456, 0.615255
0.822706, 0.615333
0.822956, 0.61541
0.823206, 0.615488
0.823456, 0.615565
0.823706, 0.615643
0.823956, 0.615721
0.824206, 0.615799
0.824456, 0.615877
0.824706, 0.615956
0.824956, 0.616034
0.825206, 0.616113
0.825456, 0.616191
0.825706, 0.61627
0.825956, 0.616349
0.826207, 0.616428
0.826457, 0.616507
0.826707, 0.616586
0.826957, 0.616666
0.827207, 0.616745
0.827457, 0.616825
0.827707, 0.616904
0.827957, 0.616984
0.828207, 0.617064
0.828457, 0.617144
0.828707, 0.617224
0.828957, 0.617305
0.829207, 0.617385
0.829457, 0.617466
0.829707, 0.617546
0.829957, 0.617627
0.830208, 0.617708
0.830458, 0.617789
0.830708, 0.61787
0.830958, 0.617951
0.831208, 0.618032
0.831458, 0.618114
0.831708, 0.618195
0.831958, 0.618277
0.832208, 0.618359
0.832458, 0.618441
0.832708, 0.618523
0.832958, 0.618605
0.833208, 0.618687
0.833458, 0.618769
0.833708, 0.618852
0.833958, 0.618934
0.834209, 0.619017
0.834459, 0.6191
0.834709, 0.619183
0.834959, 0.619266
0.835209, 0.619349
0.835459, 0.619432
0.835709, 0.619516
0.835959, 0.619599
0.836209, 0.619683
0.836459, 0.619767
0.836709, 0.619851
0.836959, 0.619934
0.837209, 0.620019
0.837459, 0.620103
0.837709, 0.620187
0.837959, 0.620272
0.83821, 0.620356
0.83846, 0.620441
0.83871, 0.620526
0.83896, 0.620611
0.83921, 0.620696
0.83946, 0.620781
0.83971, 0.620866
0.83996, 0.620951
0.84021, 0.621037
0.84046, 0.621122
0.84071, 0.621208
0.84096, 0.621294
0.84121, 0.62138
0.84146, 0.621466
0.84171, 0.621552
0.84196, 0.621639
0.842211, 0.621725
0.842461, 0.621812
0.842711, 0.621898
0.842961, 0.621985
0.843211, 0.622072
0.843461, 0.622159
0.843711, 0.622246
0.843961, 0.622333
0.844211, 0.622421
0.844461, 0.622508
0.844711, 0.622596
0.844961, 0.622683
0.845211, 0.622771
0.845461, 0.622859
0.845711, 0.622947
0.845961, 0.623035
0.846212, 0.623124
0.846462, 0.623212
0.846712, 0.623301
0.846962, 0.623389
0.847212, 0.623478
0.847462, 0.623567
0.847712, 0.623656
0.847962, 0.623745
0.848212, 0.623834
0.848462, 0.623924
0.848712, 0.624013
0.848962, 0.624103
0.849212, 0.624192
0.849462, 0.624282
0.849712, 0.624372
0.849962, 0.624462
0.850213, 0.624552
0.850463, 0.624642
0.850713, 0.624733
0.850963, 0.624823
0.851213, 0.624914
0.851463, 0.625005
0.851713, 0.625096
0.851963, 0.625187
0.852213, 0.625278
0.852463, 0.625369
0.852713, 0.62546
0.852963, 0.625552
0.853213, 0.625643
0.853463, 0.625735
0.853713, 0.625827
0.853963, 0.625919
0.854214, 0.626011
0.854464, 0.626103
0.854714, 0.626195
0.854964, 0.626287
0.855214, 0.62638
0.855464, 0.626473
0.855714, 0.626565
0.855964, 0.626658
0.856214, 0.626751
0.856464, 0.626844
0.856714, 0.626937
0.856964, 0.627031
0.857214, 0.627124
0.857464, 0.627218
0.857714, 0.627311
0.857964, 0.627405
0.858215, 0.627499
0.858465, 0.627593
0.858715, 0.627687
0.858965, 0.627781
0.859215, 0.627876
0.859465, 0.62797
0.859715, 0.628065
0.859965, 0.62816
0.860215, 0.628254
0.860465, 0.628349
0.860715, 0.628444
0.860965, 0.62854
0.861215, 0.628635
0.861465, 0.62873
0.861715, 0.628826
0.861965, 0.628922
0.862216, 0.629017
0.862466, 0.629113
0.862716, 0.629209
0.862966, 0.629305
0.863216, 0.629402
0.863466, 0.629498
0.863716, 0.629594
0.863966, 0.629691
0.864216, 0.629788
0.864466, 0.629885
0.864716, 0.629982
0.864966, 0.630079
0.865216, 0.630176
0.865466, 0.630273
0.865716, 0.63037
0.865966, 0.630468
0.866217, 0.630566
0.866467, 0.630663
0.866717, 0.630761
0.866967, 0.630859
0.867217, 0.630957
0.867467, 0.631056
0.867717, 0.631154
0.867967, 0.631253
0.868217, 0.631351
0.868467, 0.63145
0.868717, 0.631549
0.868967, 0.631648
0.869217, 0.631747
0.869467, 0.631846
0.869717, 0.631945
0.869967, 0.632045
0.870218, 0.632144
0.870468, 0.632244
0.870718, 0.632344
0.870968, 0.632443
0.871218, 0.632543
0.871468, 0.632644
0.871718, 0.632744
0.871968, 0.632844
0.872218, 0.632945
0.872468, 0.633045
0.872718, 0.633146
0.872968, 0.633247
0.873218, 0.633348
0.873468, 0.633449
0.873718, 0.63355
0.873968, 0.633651
0.874219, 0.633753
0.874469, 0.633854
0.874719, 0.633956
0.874969, 0.634058
0.875219, 0.63416
0.875469, 0.634262
0.875719, 0.634364
0.875969, 0.634466
0.876219, 0.634568
0.876469, 0.634671
0.876719, 0.634773
0.876969, 0.634876
0.877219, 0.634979
0.877469, 0.635082
0.877719, 0.635185
0.877969, 0.635288
0.87822, 0.635391
0.87847, 0.635495
0.87872, 0.635598
0.87897, 0.635702
0.87922, 0.635806
0.87947, 0.63591
0.87972, 0.636014
0.87997, 0.636118
0.88022, 0.636222
0.88047, 0.636326
0.88072, 0.636431
0.88097, 0.636536
0.88122, 0.63664
0.88147, 0.636745
0.88172, 0.63685
0.88197, 0.636955
0.882221, 0.63706
0.882471, 0.637166
0.882721, 0.637271
0.882971, 0.637377
0.883221, 0.637482
0.883471, 0.637588
0.883721, 0.637694
0.883971, 0.6378
0.884221, 0.637906
0.884471, 0.638012
0.884721, 0.638119
0.884971, 0.638225
0.885221, 0.638332
0.885471, 0.638439
0.885721, 0.638546
0.885971, 0.638652
0.886222, 0.63876
0.886472, 0.638867
0.886722, 0.638974
0.886972, 0.639082
0.887222, 0.639189
0.887472, 0.639297
0.887722, 0.639405
0.887972, 0.639513
0.888222, 0.639621
0.888472, 0.639729
0.888722, 0.639837
0.888972, 0.639945
0.889222, 0.640054
0.889472, 0.640162
0.889722, 0.640271
0.889972, 0.64038
0.890223, 0.640489
0.890473, 0.640598
0.890723, 0.640707
0.890973, 0.640817
0.891223, 0.640926
0.891473, 0.641036
0.891723, 0.641146
0.891973, 0.641255
0.892223, 0.641365
0.892473, 0.641475
0.892723, 0.641585
0.892973, 0.641696
0.893223, 0.641806
0.893473, 0.641917
0.893723, 0.642027
0.893973, 0.642138
0.894224, 0.642249
0.894474, 0.64236
0.894724, 0.642471
0.894974, 0.642582
0.895224, 0.642694
0.895474, 0.642805
0.895724, 0.642917
0.895974, 0.643029
0.896224, 0.64314
0.896474, 0.643252
0.896724, 0.643364
0.896974, 0.643477
0.897224, 0.643589
0.897474, 0.643701
0.897724, 0.643814
0.897974, 0.643927
0.898225, 0.644039
0.898475, 0.644152
0.898725, 0.644265
0.898975, 0.644378
0.899225, 0.644492
0.899475, 0.644605
0.899725, 0.644719
0.899975, 0.644832
0.900225, 0.644946
0.900475, 0.64506
0.900725, 0.645174
0.900975, 0.645288
0.901225, 0.645402
0.901475, 0.645516
0.901725, 0.645631
0.901975, 0.645745
0.902226, 0.64586
0.902476, 0.645975
0.902726, 0.64609
0.902976, 0.646205
0.903226, 0.64632
0.903476, 0.646435
0.903726, 0.646551
0.903976, 0.646666
0.904226, 0.646782
0.904476, 0.646898
0.904726, 0.647014
0.904976, 0.64713
0.905226, 0.647246
0.905476, 0.647362
0.905726, 0.647478
0.905976, 0.647595
0.906227, 0.647712
0.906477, 0.647828
0.906727, 0.647945
0.906977, 0.648062
0.907227, 0.648179
0.907477, 0.648296
0.907727, 0.648414
0.907977, 0.648531
0.908227, 0.648649
0.908477, 0.648766
0.908727, 0.648884
0.908977, 0.649002
0.909227, 0.64912
0.909477, 0.649238
0.909727, 0.649357
0.909977, 0.649475
0.910228, 0.649593
0.910478, 0.649712
0.910728, 0.649831
0.910978, 0.64995
0.911228, 0.650069
0.911478, 0.650188
0.911728, 0.650307
0.911978, 0.650426
0.912228, 0.650546
0.912478, 0.650666
0.912728, 0.650785
0.912978, 0.650905
0.913228, 0.651025
0.913478, 0.651145
0.913728, 0.651265
0.913978, 0.651386
0.914229, 0.651506
0.914479, 0.651627
0.914729, 0.651747
0.914979, 0.651868
0.915229, 0.651989
0.915479, 0.65211
0.915729, 0.652231
0.915979, 0.652353
0.916229, 0.652474
0.916479, 0.652595
0.916729, 0.652717
0.916979, 0.652839
0.917229, 0.652961
0.917479, 0.653083
0.917729, 0.653205
0.917979, 0.653327
0.91823, 0.653449
0.91848, 0.653572
0.91873, 0.653694
0.91898, 0.653817
0.91923, 0.65394
0.91948, 0.654063
0.91973, 0.654186
0.91998, 0.654309
0.92023, 0.654433
0.92048, 0.654556
0.92073, 0.65468
0.92098, 0.654803
0.92123, 0.654927
0.92148, 0.655051
0.92173, 0.655175
0.92198, 0.655299
0.922231, 0.655423
0.922481, 0.655548
0.922731, 0.655672
0.922981, 0.655797
0.923231, 0.655922
0.923481, 0.656047
0.923731, 0.656172
0.923981, 0.656297
0.924231, 0.656422
0.924481, 0.656547
0.924731, 0.656673
0.924981, 0.656799
0.925231, 0.656924
0.925481, 0.65705
0.925731, 0.657176
0.925981, 0.657302
0.926232, 0.657428
0.926482, 0.657555
0.926732, 0.657681
0.926982, 0.657808
0.927232, 0.657934
0.927482, 0.658061
0.927732, 0.658188
0.927982, 0.658315
0.928232, 0.658442
0.928482, 0.65857
0.928732, 0.658697
0.928982, 0.658825
0.929232, 0.658952
0.929482, 0.65908
0.929732, 0.659208
0.929982, 0.659336
0.930233, 0.659464
0.930483, 0.659592
0.930733, 0.659721
0.930983, 0.659849
0.931233, 0.659978
0.931483, 0.660107
0.931733, 0.660236
0.931983, 0.660365
0.932233, 0.660494
0.932483, 0.660623
0.932733, 0.660752
0.932983, 0.660882
0.933233, 0.661011
0.933483, 0.661141
0.933733, 0.661271
0.933983, 0.661401
0.934234, 0.661531
0.934484, 0.661661
0.934734, 0.661791
0.934984, 0.661922
0.935234, 0.662053
0.935484, 0.662183
0.935734, 0.662314
0.935984, 0.662445
0.936234, 0.662576
0.936484, 0.662707
0.936734, 0.662838
0.936984, 0.66297
0.937234, 0.663101
0.937484, 0.663233
0.937734, 0.663365
0.937984, 0.663497
0.938235, 0.663629
0.938485, 0.663761
0.938735, 0.663893
0.938985, 0.664026
0.939235, 0.664158
0.939485, 0.664291
0.939735, 0.664423
0.939985, 0.664556
0.940235, 0.664689
0.940485, 0.664822
0.940735, 0.664956
0.940985, 0.665089
0.941235, 0.665222
0.941485, 0.665356
0.941735, 0.66549
0.941985, 0.665624
0.942236, 0.665758
0.942486, 0.665892
0.942736, 0.666026
0.942986, 0.66616
0.943236, 0.666295
0.943486, 0.666429
0.943736, 0.666564
0.943986, 0.666699
0.944236, 0.666834
0.944486, 0.666969
0.944736, 0.667104
0.944986, 0.667239
0.945236, 0.667375
0.945486, 0.66751
0.945736, 0.667646
0.945986, 0.667782
0.946237, 0.667918
0.946487, 0.668054
0.946737, 0.66819
0.946987, 0.668326
0.947237, 0.668463
0.947487, 0.668599
0.947737, 0.668736
0.947987, 0.668872
0.948237, 0.669009
0.948487, 0.669146
0.948737, 0.669283
0.948987, 0.669421
0.949237, 0.669558
0.949487, 0.669696
0.949737, 0.669833
0.949987, 0.669971
0.950238, 0.670109
0.950488, 0.670247
0.950738, 0.670385
0.950988, 0.670523
0.951238, 0.670662
0.951488, 0.6708
0.951738, 0.670939
0.951988, 0.671077
0.952238, 0.671216
0.952488, 0.671355
0.952738, 0.671494
0.952988, 0.671633
0.953238, 0.671773
0.953488, 0.671912
0.953738, 0.672052
0.953988, 0.672192
0.954239, 0.672331
0.954489, 0.672471
0.954739, 0.672611
0.954989, 0.672752
0.955239, 0.672892
0.955489, 0.673032
0.955739, 0.673173
0.955989, 0.673314
0.956239, 0.673454
0.956489, 0.673595
0.956739, 0.673736
0.956989, 0.673878
0.957239, 0.674019
0.957489, 0.67416
0.957739, 0.674302
0.957989, 0.674443
0.95824, 0.674585
0.95849, 0.674727
0.95874, 0.674869
0.95899, 0.675011
0.95924, 0.675154
0.95949, 0.675296
0.95974, 0.675439
0.95999, 0.675581
0.96024, 0.675724
0.96049, 0.675867
0.96074, 0.67601
0.96099, 0.676153
0.96124, 0.676296
0.96149, 0.67644
0.96174, 0.676583
0.96199, 0.676727
0.962241, 0.676871
0.962491, 0.677014
0.962741, 0.677158
0.962991, 0.677303
0.963241, 0.677447
0.963491, 0.677591
0.963741, 0.677736
0.963991, 0.67788
0.964241, 0.678025
0.964491, 0.67817
0.964741, 0.678315
0.964991, 0.67846
0.965241, 0.678605
0.965491, 0.678751
0.965741, 0.678896
0.965991, 0.679042
0.966242, 0.679187
0.966492, 0.679333
0.966742, 0.679479
0.966992, 0.679625
0.967242, 0.679772
0.967492, 0.679918
0.967742, 0.680064
0.967992, 0.680211
0.968242, 0.680358
0.968492, 0.680504
0.968742, 0.680651
0.968992, 0.680799
0.969242, 0.680946
0.969492, 0.681093
0.969742, 0.68124
0.969992, 0.681388
0.970243, 0.681536
0.970493, 0.681684
0.970743, 0.681832
0.970993, 0.68198
0.971243, 0.682128
0.971493, 0.682276
0.971743, 0.682425
0.971993, 0.682573
0.972243, 0.682722
0.972493, 0.682871
0.972743, 0.68302
0.972993, 0.683169
0.973243, 0.683318
0.973493, 0.683467
0.973743, 0.683617
0.973993, 0.683766
0.974244, 0.683916
0.974494, 0.684066
0.974744, 0.684216
0.974994, 0.684366
0.975244, 0.684516
0.975494, 0.684666
0.975744, 0.684816
0.975994, 0.684967
0.976244, 0.685118
0.976494, 0.685268
0.976744, 0.685419
0.976994, 0.68557
0.977244, 0.685722
0.977494, 0.685873
0.977744, 0.686024
0.977994, 0.686176
0.978245, 0.686328
0.978495, 0.686479
0.978745, 0.686631
0.978995, 0.686783
0.979245, 0.686935
0.979495, 0.687088
0.979745, 0.68724
0.979995, 0.687393
0.980245, 0.687545
0.980495, 0.687698
0.980745, 0.687851
0.980995, 0.688004
0.981245, 0.688157
0.981495, 0.68831
0.981745, 0.688464
0.981995, 0.688617
0.982246, 0.688771
0.982496, 0.688925
0.982746, 0.689079
0.982996, 0.689233
0.983246, 0.689387
0.983496, 0.689541
0.983746, 0.689696
0.983996, 0.68985
0.984246, 0.690005
0.984496, 0.69016
0.984746, 0.690314
0.984996, 0.69047
0.985246, 0.690625
0.985496, 0.69078
0.985746, 0.690935
0.985996, 0.691091
0.986247, 0.691247
0.986497, 0.691402
0.986747, 0.691558
0.986997, 0.691714
0.987247, 0.69187
0.987497, 0.692027
0.987747, 0.692183
0.987997, 0.69234
0.988247, 0.692496
0.988497, 0.692653
0.988747, 0.69281
0.988997, 0.692967
0.989247, 0.693124
0.989497, 0.693281
0.989747, 0.693439
0.989997, 0.693596
0.990248, 0.693754
0.990498, 0.693912
0.990748, 0.69407
0.990998, 0.694228
0.991248, 0.694386
0.991498, 0.694544
0.991748, 0.694702
0.991998, 0.694861
0.992248, 0.69502
0.992498, 0.695178
0.992748, 0.695337
0.992998, 0.695496
0.993248, 0.695655
0.993498, 0.695815
0.993748, 0.695974
0.993998, 0.696134
0.994249, 0.696293
0.994499, 0.696453
0.994749, 0.696613
0.994999, 0.696773
0.995249, 0.696933
0.995499, 0.697093
0.995749, 0.697254
0.995999, 0.697414
0.996249, 0.697575
0.996499, 0.697736
0.996749, 0.697897
0.996999, 0.698058
0.997249, 0.698219
0.997499, 0.69838
0.997749, 0.698542
0.997999, 0.698703
0.99825, 0.698865
0.9985, 0.699027
0.99875, 0.699189
0.999, 0.699351
0.99925, 0.699513
0.9995, 0.699675
0.99975, 0.699837
1, 0.7

